2.000000
972.997572
328.324309
1279.367063
676.607542
2.000000
0.232026
406.012223
106.780245
473.512176
2.000000
684.591111
384.209297
717.523337
445.084017
2.000000
664.632188
387.203136
701.556198
430.114824
2.000000
652.656832
385.207243
679.601381
420.135361
2.000000
634.693800
381.215458
662.636295
410.155898
2.000000
613.736929
384.209297
636.689693
404.168222
2.000000
703.552091
370.238050
814.324121
456.061427
2.000000
353.272965
401.174383
399.178492
430.114824
2.000000
467.038834
391.194921
501.966952
416.143577
2.000000
542.882748
393.190812
562.841672
406.164113
2.000000
499.731683
392.192868
519.929984
411.074717
2.000000
526.915608
394.188760
536.895070
402.172329
2.000000
562.841672
388.201082
574.817028
397.182599
7.000000
481.010081
357.264748
501.966952
363.252426
7.000000
611.741036
360.258587
626.710229
367.244210
6.000000
581.802650
353.272965
587.790328
364.250374
6.000000
604.755412
351.277072
612.738983
362.254480
6.000000
522.923823
345.289394
529.909445
356.266804
4.000000
912.122852
350.279126
949.046862
436.102500
2.000000
106.780245
411.153844
165.659073
447.079910
2.000000
169.650858
412.151792
216.554330
434.106609
2.000000
238.509149
408.160007
298.385923
439.096339
