6.000000
543.606652
125.212408
565.544137
180.899870
6.000000
698.856546
303.074793
730.919024
328.387274
6.000000
27.232007
0.000000
71.106977
57.712455
6.000000
0.000000
0.337495
18.794513
61.087453
6.000000
568.919135
128.587407
592.544119
184.274869
7.000000
0.000000
219.712343
50.856991
236.587331
6.000000
0.000000
341.212260
15.419516
368.212242
6.000000
30.607006
336.149764
49.169492
368.212242
7.000000
688.731553
246.712325
719.106532
260.212317
7.000000
666.794069
260.212316
708.981540
280.462301
6.000000
1230.418680
91.462433
1279.356147
179.212372
2.000000
276.981836
378.337235
312.419310
428.962200
2.000000
400.169252
368.212242
415.356742
380.024734
2.000000
391.731758
368.212242
408.606746
388.462228
2.000000
374.856768
369.899741
395.106756
388.462228
2.000000
450.794215
364.837243
484.544193
381.712233
2.000000
482.856694
363.149745
506.481678
374.962236
2.000000
496.356685
368.212242
523.356666
380.024734
2.000000
525.044165
361.462246
577.356629
413.774710
2.000000
346.169288
376.649736
381.606764
398.587222
2.000000
207.794383
381.712233
295.544323
449.212186
2.000000
552.044147
361.462246
658.356572
444.149691
2.000000
388.356759
376.649736
557.106643
508.274645
2.000000
1183.168713
444.149691
1279.356147
683.774526
2.000000
419.440499
365.883956
436.176922
378.758128
2.000000
438.751756
363.309122
456.775596
374.895876
6.000000
464.500100
316.962104
469.649768
332.411110
6.000000
402.704075
318.249521
409.141161
332.411110
6.000000
397.554407
318.249521
403.991492
332.411110
6.000000
458.063014
316.962104
461.925265
331.123692
7.000000
348.632554
350.434950
361.506726
356.872036
6.000000
346.057720
362.021704
356.357057
367.171373
