2.000000
162.699164
366.148027
228.617794
400.905125
2.000000
335.518057
363.750985
358.523983
382.473511
2.000000
347.271328
361.353945
376.035820
381.728793
2.000000
525.850890
351.765780
549.821301
373.339149
2.000000
602.556206
357.758383
620.534014
370.942108
2.000000
543.828698
355.361343
564.203546
376.934712
1.000000
441.954451
330.710179
500.873147
389.662863
2.000000
477.910068
354.162822
539.034617
396.111041
2.000000
359.256533
337.899530
476.711546
429.669616
2.000000
662.482232
345.773177
717.614175
391.316957
2.000000
800.312096
314.611643
1050.802890
477.610439
2.000000
559.409465
350.567260
603.754725
385.324356
2.000000
729.494531
330.710179
811.098779
366.148026
7.000000
501.880478
266.670823
524.652369
273.861946
7.000000
499.483438
273.861944
570.196150
309.817560
7.000000
574.990233
272.663423
600.159165
309.817560
7.000000
658.886670
259.479698
682.857081
267.869342
7.000000
598.960643
269.067863
685.254122
312.214601
6.000000
854.951784
288.672232
864.539948
301.855957
2.000000
305.322780
362.343326
336.955928
382.473511
