7.000000
1054.906312
153.336963
1156.264644
187.123074
7.000000
1030.216462
185.823608
1156.264644
296.278199
7.000000
1234.232591
379.444011
1274.516031
421.026915
7.000000
698.852686
410.631190
723.542536
421.026915
7.000000
700.607355
423.625847
726.141466
434.021575
2.000000
681.423146
440.518903
700.152153
457.863160
2.000000
697.553220
439.219437
731.339332
460.010890
2.000000
744.333987
439.219437
765.125440
462.609821
7.000000
884.676295
235.203308
1009.425011
289.780870
7.000000
884.676295
185.823608
1012.023942
236.502772
2.000000
827.223147
396.473686
988.370516
517.973687
