6.000000
58.806820
218.777316
71.181818
252.527312
6.000000
190.431804
182.777321
198.306803
210.902317
6.000000
275.931794
266.027310
288.306792
277.277308
6.000000
269.181794
277.277310
282.681793
285.152308
6.000000
347.931785
272.777310
362.556783
285.152307
7.000000
338.931785
210.902317
379.431779
221.027316
7.000000
322.056787
164.777323
344.556784
204.152318
7.000000
263.556795
194.027320
278.181793
207.527320
4.000000
275.931794
294.152307
292.806792
331.277302
4.000000
145.431809
299.777306
169.056806
331.277302
2.000000
181.431805
297.527307
216.306802
334.652302
2.000000
259.056794
302.027306
274.806793
322.277303
1.000000
119.556813
272.777310
182.556805
331.277301
2.000000
10.431826
299.777306
72.306819
339.152301
2.000000
79.056818
298.652306
142.056810
341.402301
2.000000
223.056800
302.027306
263.556795
336.902302
4.000000
715.806739
0.000000
974.556707
435.902290
4.000000
953.181708
0.000000
1205.181675
448.277288
4.000000
1175.931680
141.152326
1274.931668
388.652295
4.000000
873.306718
169.277323
943.056710
428.027290
4.000000
648.306747
162.527323
727.056737
428.027291
4.000000
542.556760
181.652321
664.056745
433.652290
4.000000
530.181762
209.777318
596.556753
414.527292
4.000000
462.681770
214.277317
534.681762
386.402295
4.000000
423.306775
273.902310
445.806773
306.527303
4.000000
401.931777
269.402310
427.806773
306.527305
4.000000
360.306783
284.027308
386.181779
309.902306
