2.000000
727.440607
484.378116
756.138950
516.819721
2.000000
671.291675
486.873624
736.174885
524.306245
2.000000
758.634458
491.864640
778.598523
523.058491
2.000000
768.616490
489.369132
818.526652
546.765818
2.000000
794.819325
486.873624
889.648632
572.968652
2.000000
1078.059493
481.882607
1156.667998
535.536031
9.000000
831.004192
409.512873
978.239169
493.112395
2.000000
560.241565
461.918543
741.165901
635.356355
2.000000
848.472749
469.405067
1135.456179
647.833895
9.000000
1110.501098
465.661805
1277.700140
619.135553
6.000000
779.846277
412.008381
791.076064
441.954479
