2.000000
0.561446
239.855770
235.027192
501.271601
2.000000
195.500400
262.057501
332.945837
384.231222
2.000000
268.265631
247.684122
376.964311
353.687792
2.000000
521.596438
282.719233
543.156506
310.567655
2.000000
494.646353
278.227552
520.698102
303.380966
2.000000
429.067810
276.430880
504.528051
334.822733
2.000000
533.274808
277.329217
604.243368
331.229386
2.000000
635.043485
271.040862
933.291100
454.301445
9.000000
305.995752
206.103983
412.897758
331.871051
9.000000
410.202750
262.699164
436.254499
312.107655
7.000000
568.309919
260.004155
579.988289
271.682526
