4.000000
270.935507
366.222149
287.773307
406.020586
4.000000
260.220544
369.283567
280.119762
421.327677
4.000000
244.913454
367.752857
263.281963
419.796967
4.000000
119.395309
352.445767
139.294527
409.082003
4.000000
88.781128
352.445767
128.579564
409.082003
4.000000
42.859854
338.669385
84.189000
412.143421
4.000000
16.837800
360.099312
38.267727
396.836330
4.000000
3.061418
358.568603
18.368510
381.529238
4.000000
805.152978
367.752857
818.929360
410.612713
4.000000
1157.598746
346.322932
1186.682220
432.042640
4.000000
1123.923146
337.138676
1156.068037
432.042639
4.000000
1162.190873
340.200093
1201.989311
444.288311
4.000000
1195.866472
346.322932
1220.357820
444.288314
4.000000
1203.520019
343.261513
1246.379873
451.941859
4.000000
1234.134199
334.077258
1273.932637
455.003276
6.000000
885.132529
283.563859
894.316783
304.993786
6.000000
877.478984
285.094567
888.193948
306.524494
6.000000
996.874292
190.190604
1012.181383
223.866203
6.000000
984.628619
190.190604
999.935711
226.927621
6.000000
966.260110
193.252021
983.097910
226.927621
7.000000
1061.164074
171.822096
1099.431801
208.559113
7.000000
1050.449110
321.831585
1067.286911
335.607967
6.000000
266.726057
249.888258
280.502439
275.910312
6.000000
256.011095
249.888258
265.195349
275.910312
6.000000
248.357549
248.357549
257.541804
274.379604
2.000000
433.190671
363.798533
489.826907
425.026898
2.000000
278.589054
328.592226
439.313507
452.579661
2.000000
475.285170
254.863062
796.734079
502.837934
2.000000
833.471097
323.744972
1093.691642
489.061554
2.000000
0.000000
371.196953
81.338049
529.625345
4.000000
842.680537
364.519185
855.418441
404.692577
