7.000000
814.433674
401.589474
845.128410
431.005265
7.000000
778.623145
400.310528
811.875776
427.168424
7.000000
710.838933
391.357896
776.065251
427.168423
7.000000
527.949462
401.589474
559.923146
427.168423
2.000000
888.612621
470.652632
937.212622
494.952633
2.000000
753.044199
452.747371
772.228410
468.094740
2.000000
666.075779
427.168423
680.144200
439.957897
2.000000
680.144198
429.726318
691.654724
441.236843
2.000000
687.817883
432.284214
701.886305
442.515792
2.000000
736.417884
459.142108
770.949463
492.394738
2.000000
228.675776
431.005265
269.602091
452.747371
2.000000
543.296829
432.284214
561.202093
445.073688
2.000000
524.112619
432.284214
543.296829
442.515792
2.000000
510.044198
427.168423
526.670511
439.957897
2.000000
517.717882
447.631580
547.133673
515.415791
2.000000
217.165248
393.915791
544.575777
665.052635
2.000000
965.349462
484.721055
1028.017885
514.136845
9.000000
1006.275778
443.794739
1244.159991
549.947372
