7.000000
940.053770
163.315321
975.292438
202.469398
7.000000
942.990326
199.532842
974.313586
216.173324
7.000000
952.778844
238.686919
977.250142
300.354588
7.000000
816.095529
285.671810
827.841753
299.375737
6.000000
759.868771
269.324115
766.720735
286.943448
6.000000
670.793246
264.429854
676.666358
280.091485
6.000000
634.575725
293.795412
639.469986
305.541634
6.000000
764.763032
271.141980
771.614994
282.888202
6.000000
755.953364
270.163129
759.868771
283.867056
6.000000
676.666360
268.205424
681.560619
280.930498
6.000000
663.941286
267.226572
670.793248
280.930498
6.000000
639.469986
293.655572
646.321949
304.422943
7.000000
734.418622
280.930498
745.185993
292.676720
7.000000
638.491136
304.562781
650.237357
313.372449
4.000000
191.435466
318.965888
206.118243
337.564076
4.000000
283.447544
326.796703
300.088027
340.500630
4.000000
232.547246
336.585223
256.039691
362.035373
2.000000
219.822170
338.682774
319.665063
443.419926
2.000000
498.794963
328.754408
553.610671
385.527818
2.000000
540.885595
329.733259
571.230005
355.183409
2.000000
745.325824
313.931789
763.924012
322.741457
2.000000
723.791082
312.952939
749.241230
318.826050
2.000000
742.389268
319.804903
758.050898
334.487680
2.000000
724.769935
318.826050
745.325824
336.445384
2.000000
648.419486
316.868345
671.911931
332.529977
2.000000
685.615856
319.804903
707.150600
342.318495
2.000000
670.933080
320.783754
691.488970
343.297346
2.000000
646.042256
327.635718
690.090592
370.705201
2.000000
617.655552
328.614570
662.682739
378.536018
2.000000
0.000000
314.211476
228.631837
515.854968
9.000000
761.686643
304.283111
793.009905
337.564074
2.000000
248.208876
311.414766
522.287408
499.354331
2.000000
540.466115
327.915405
647.160973
406.223557
2.000000
697.082417
322.881297
735.257641
348.331445
2.000000
749.940422
322.881297
785.179090
356.162262
2.000000
783.221385
295.473443
858.592983
366.929633
2.000000
816.502350
302.325408
927.112615
376.718153
1.000000
548.017236
287.642628
639.050463
342.458335
2.000000
745.941902
295.015398
1278.736529
651.423976
