2.000000
558.226993
247.284764
604.745909
270.544222
2.000000
591.279907
246.060583
648.816462
268.095859
2.000000
588.831542
238.715491
607.194272
253.405676
2.000000
607.194274
261.974947
661.058281
328.080776
2.000000
509.259713
258.302403
603.521726
334.201687
2.000000
499.466257
238.715491
564.347903
274.216768
2.000000
384.393149
231.982489
528.846626
382.556875
2.000000
184.851482
235.655035
472.534253
443.765977
2.000000
1.446767
273.023889
329.527545
717.401956
2.000000
576.812308
232.594580
1016.293648
603.553029
9.000000
959.981275
9.602179
1266.026774
641.280090
7.000000
127.314928
70.390466
171.385480
103.443380
7.000000
483.551892
213.313714
497.017893
221.882987
7.000000
506.811348
205.968621
520.277350
229.228080
7.000000
631.677912
212.089532
642.695550
221.882988
7.000000
665.955009
231.676444
675.748466
241.469900
7.000000
676.972647
236.573172
690.438648
248.814991
7.000000
788.373208
197.399348
817.753576
225.555535
6.000000
696.559559
201.990030
705.128833
215.456031
6.000000
690.438650
200.765848
697.783742
215.456031
6.000000
685.541921
199.541667
691.662832
213.007668
