2.000000
771.987630
277.058346
793.417559
295.426855
2.000000
782.702596
269.404797
842.400251
309.203233
2.000000
822.501033
270.935506
891.382942
318.387487
2.000000
876.586098
264.812672
956.182968
338.286709
2.000000
634.223813
275.527636
655.653742
292.365436
2.000000
612.793883
277.058346
632.693103
293.896143
2.000000
591.363959
278.589056
615.855306
295.426856
2.000000
563.811193
280.119763
588.302542
300.018980
2.000000
455.130849
284.711886
488.806448
316.856777
2.000000
424.516666
286.242599
462.784395
316.856779
2.000000
392.371778
289.304018
439.823761
321.448909
2.000000
352.573341
290.834723
403.086739
327.571742
2.000000
278.589056
291.344968
364.308762
335.735531
2.000000
530.135596
280.630002
565.341903
305.121350
2.000000
662.797035
263.792204
708.718306
309.713481
2.000000
922.507372
259.200075
1075.578283
361.757586
7.000000
430.129253
227.565418
445.436347
233.688253
7.000000
933.732540
170.418941
965.877431
213.278796
6.000000
557.178107
212.768566
570.954492
232.667781
7.000000
97.200087
258.588910
150.385041
275.094586
7.000000
110.037835
284.997995
146.717113
292.333849
