6.000000
704.312715
20.811094
733.693084
77.123466
6.000000
685.017287
236.092241
692.362379
249.558244
7.000000
918.136520
19.237138
957.310345
81.670421
7.000000
942.620160
111.050788
983.018166
122.068425
6.000000
956.698234
173.221753
977.509328
200.153757
6.000000
924.257411
180.566845
935.275048
201.377939
2.000000
838.972744
235.859067
927.113848
277.481254
2.000000
695.335377
255.854037
705.128833
271.768405
2.000000
705.128833
254.629856
714.922289
271.768404
2.000000
619.724607
249.486557
643.675316
273.437266
2.000000
594.952453
253.405674
616.987730
272.992586
2.000000
559.451175
257.078220
592.504090
279.113497
2.000000
519.053169
260.750766
557.002809
291.355316
2.000000
440.705521
257.078220
519.053169
301.148772
2.000000
301.148772
277.889314
370.927146
314.614774
2.000000
249.733128
277.889314
307.269682
329.304956
2.000000
186.075664
286.458588
258.302403
341.546778
2.000000
390.106004
268.095858
442.745830
309.718045
2.000000
719.002907
254.629856
761.849277
286.458588
7.000000
814.081031
195.461066
829.995397
216.272160
6.000000
770.010479
228.513980
777.355571
240.755802
2.000000
676.607542
255.474234
692.574680
269.445481
2.000000
657.646563
258.468073
674.611649
268.447535
