6.000000
403.472060
195.317158
414.475843
209.988869
6.000000
410.807916
193.483192
423.645663
208.154904
6.000000
515.343859
198.985084
528.181606
219.158687
7.000000
568.528812
208.154904
581.366559
226.494542
2.000000
535.517462
260.422875
557.525030
286.098370
2.000000
546.521246
260.422875
590.536379
291.600262
2.000000
590.536379
249.419093
685.902503
322.777648
2.000000
388.800349
251.253056
418.143772
276.928551
2.000000
359.456927
251.253056
390.634312
284.264406
2.000000
342.951250
256.754948
368.626745
287.932333
2.000000
330.113504
254.920984
352.121072
293.434226
2.000000
264.090802
242.083236
335.615395
297.102155
2.000000
251.253056
256.754948
295.268191
308.105937
2.000000
181.562427
249.419093
262.256839
319.109722
2.000000
150.385041
260.422875
214.573778
326.445576
2.000000
0.000000
218.241705
170.558643
342.951252
2.000000
616.211874
262.623630
740.921420
339.650116
2.000000
418.143772
257.121739
449.321158
280.963269
2.000000
0.000000
251.619850
183.396391
486.367232
7.000000
841.576343
122.186451
875.898379
142.779673
7.000000
842.949224
144.152555
875.898379
166.118658
2.000000
461.562747
244.372902
509.613598
295.169517
2.000000
461.562747
248.491546
538.444109
308.898331
2.000000
431.359354
232.016969
478.037324
275.949176
