7.000000
816.529396
271.768403
845.909763
297.476225
7.000000
510.483895
264.423312
521.501532
276.665131
7.000000
858.151583
272.992585
881.411041
279.113495
7.000000
816.529396
303.597137
822.650305
314.614774
7.000000
816.529396
315.838956
823.874487
331.753323
6.000000
583.934815
293.803680
590.055725
303.597135
6.000000
568.020449
291.355316
575.365540
301.148771
2.000000
580.262270
310.942228
587.607361
321.959866
2.000000
553.330266
312.166410
571.692996
331.753323
5.000000
537.415899
313.607829
550.881902
337.874232
0.000000
538.703980
326.445576
552.106084
339.283324
2.000000
597.400816
313.390592
610.866819
325.632411
2.000000
630.453732
302.372955
669.627555
336.650050
2.000000
619.436093
319.511502
653.713188
341.546778
2.000000
610.866819
304.821319
626.781186
320.735685
2.000000
487.224437
304.821319
510.483895
326.856595
2.000000
481.103527
301.148771
494.569530
325.632411
2.000000
391.738240
306.045501
410.100971
324.408231
2.000000
438.257157
310.942228
462.740797
340.322596
2.000000
417.446062
310.942228
434.584611
328.080777
2.000000
75.899284
309.718046
168.937117
328.080777
2.000000
195.869119
302.372955
226.473669
336.650050
2.000000
230.146216
292.579498
304.821319
321.959866
7.000000
0.000000
56.312372
41.622189
80.796012
7.000000
64.881645
36.725459
101.607104
69.778373
2.000000
749.199385
298.700407
788.373208
325.632411
2.000000
1125.512962
230.146216
1246.706980
285.234406
2.000000
1075.321499
274.216767
1096.132594
288.906952
2.000000
918.626203
285.234406
1015.336582
299.924591
