6.000000
558.794142
260.212316
568.919135
280.462301
6.000000
641.481585
260.212316
651.606578
280.462301
6.000000
629.669093
266.962311
638.106587
282.149801
6.000000
0.000000
111.712418
28.919507
206.212353
7.000000
0.232026
74.587445
28.919506
106.649923
7.000000
8.669520
251.774822
47.481994
285.524799
7.000000
638.106587
241.649829
673.544062
273.712307
7.000000
707.294040
223.087342
751.169010
287.212296
7.000000
683.669057
253.462321
739.356518
293.962293
2.000000
93.044462
278.774802
219.606876
347.962256
2.000000
206.106884
261.899814
298.919321
339.524762
2.000000
550.356648
302.399787
570.606634
327.712270
2.000000
568.919135
295.649792
590.856620
322.649772
2.000000
589.169122
305.774784
611.106607
322.649772
5.000000
602.669112
300.712288
624.606597
336.149764
3.000000
604.356611
310.837281
624.606596
351.337253
2.000000
629.669093
312.524780
654.981576
334.462265
2.000000
668.481567
297.337290
729.231525
351.337252
2.000000
700.544044
293.962293
798.418977
378.337235
2.000000
501.419180
300.712288
560.481641
346.274757
2.000000
0.000000
273.712307
104.856954
358.087250
1.000000
0.000000
224.774840
172.356908
297.337292
2.000000
881.106420
253.462321
1279.356147
528.524629
