2.000000
324.693689
217.883933
417.585701
286.543246
2.000000
243.918028
217.883933
322.001167
279.811941
2.000000
483.552493
203.075062
623.563640
332.316121
2.000000
616.832333
238.077849
635.679988
279.811941
2.000000
417.585701
224.615238
476.821186
259.618024
2.000000
478.167449
217.883933
503.746408
256.925503
6.000000
151.026016
172.111058
164.488627
193.651235
6.000000
326.039950
24.022345
354.311432
73.834003
6.000000
642.411293
2.482170
667.990253
28.061129
6.000000
693.569212
155.955926
712.416867
180.188624
6.000000
352.965173
30.753650
371.812827
75.180264
6.000000
918.394804
133.069488
934.549937
157.302187
6.000000
164.488628
173.457319
175.258717
192.304974
6.000000
953.397591
127.684444
992.439161
161.340970
6.000000
669.336514
3.828429
686.837907
25.368606
7.000000
942.627503
38.831218
964.167680
65.756438
6.000000
443.164660
192.304974
453.934748
211.152628
4.000000
797.231312
227.307760
830.887837
344.432470
2.000000
972.245246
230.000283
1110.910132
308.083421
