7.000000
180.924336
104.811340
223.347973
159.712517
6.000000
852.216011
192.154123
860.950289
213.365940
6.000000
890.896387
204.631663
900.878419
223.347975
2.000000
1061.838691
296.965462
1276.452386
563.984827
2.000000
1005.689758
272.010381
1263.974845
378.069475
2.000000
731.183869
250.798563
910.860451
376.821720
2.000000
668.796167
273.258134
754.891197
333.150329
9.000000
366.839690
78.608504
678.778200
394.290277
2.000000
0.000000
208.374925
264.523857
398.033540
2.000000
339.389100
244.559792
403.024557
318.177282
2.000000
212.118187
235.825514
295.717707
315.681773
2.000000
308.195250
262.028349
341.884609
308.195250
2.000000
925.833500
255.789579
988.221202
288.231184
