6.000000
707.476541
244.559792
713.715311
257.037333
7.000000
734.927130
257.037333
752.395688
265.771611
2.000000
685.016969
284.487922
709.972050
300.708724
2.000000
632.611300
284.487922
641.345578
299.460969
2.000000
555.250550
284.487922
578.957877
303.204231
2.000000
401.776801
279.496906
450.439207
311.938511
2.000000
333.150329
269.514873
405.520064
320.672789
2.000000
258.285088
280.744659
335.645836
325.663805
2.000000
88.590537
254.541826
262.028348
360.600918
2.000000
0.000000
238.949836
187.163107
444.200439
4.000000
495.358356
278.249152
505.340387
306.947495
6.000000
516.570174
262.028348
529.047714
272.010380
2.000000
739.918146
278.249152
771.111998
305.699740
2.000000
782.341784
284.487922
807.296865
303.204231
2.000000
807.296866
284.487922
823.517669
298.213215
9.000000
821.022160
255.789579
860.950290
305.699738
4.000000
960.770613
283.240168
974.495907
314.434020
2.000000
573.981632
269.324815
634.731590
319.949780
2.000000
705.606541
281.137307
722.481529
296.324796
