7.000000
777.616415
238.296806
827.784164
283.761327
2.000000
442.119598
399.774245
468.771216
417.019408
2.000000
432.713145
409.180697
446.822824
423.290376
2.000000
420.171209
413.883924
443.687340
431.129087
2.000000
406.061528
418.587152
428.009917
435.832315
2.000000
379.409910
420.524706
410.764753
432.696829
2.000000
365.300235
432.696831
393.519593
438.967799
2.000000
183.442147
401.341987
274.371191
453.077478
2.000000
0.000000
366.851660
54.887290
489.135547
2.000000
511.100253
388.800050
656.900271
492.271031
