5.000000
361.356778
354.712250
422.106735
428.962199
5.000000
324.231803
354.712250
341.106792
376.649735
3.000000
325.919302
366.524743
351.231784
393.524724
3.000000
359.669279
369.899740
423.794235
449.212186
2.000000
364.731775
358.087249
455.856713
417.149708
2.000000
221.294374
346.274757
283.731831
381.712233
2.000000
526.731664
358.087249
624.606597
434.024697
2.000000
0.000000
334.462265
141.981929
401.962219
7.000000
77.856972
320.962274
111.606949
369.899742
7.000000
82.919469
273.712307
111.606949
305.774784
