6.000000
801.793975
287.212297
813.606467
300.712288
7.000000
827.106458
290.587295
862.543933
300.712288
7.000000
877.731423
320.962274
896.293911
331.087267
2.000000
833.856453
349.649755
864.231432
378.337235
2.000000
884.481418
354.712250
938.481381
386.774728
2.000000
999.231339
361.462245
1081.918781
417.149708
2.000000
695.481548
337.837263
739.356518
378.337235
2.000000
761.294003
334.462265
837.231451
401.962219
2.000000
918.231395
358.087249
992.481344
403.649717
2.000000
1048.168806
356.399750
1183.168713
435.712196
3.000000
1220.293688
386.774729
1250.668666
442.462192
2.000000
757.386704
353.114394
773.607506
364.344180
6.000000
892.144141
336.893592
902.126173
346.875624
