7.000000
583.615390
329.990981
610.573806
350.958637
7.000000
559.652355
329.990981
583.615393
350.958637
7.000000
522.210108
334.484050
550.666214
353.954018
2.000000
171.750692
371.926296
210.690627
383.907814
2.000000
134.308448
368.930916
170.253003
383.907816
2.000000
326.012742
367.433228
343.985019
376.419365
2.000000
314.031224
368.930916
330.505812
376.419365
2.000000
480.274795
368.930916
496.749382
379.414745
2.000000
463.800207
368.930916
484.767864
377.917055
2.000000
499.744761
371.926296
526.703177
383.907814
2.000000
540.182386
367.433228
550.666214
379.414746
2.000000
549.168525
367.433228
562.647733
382.410126
2.000000
278.086668
367.433228
323.017362
394.391644
2.000000
448.823307
368.930916
466.795585
382.410124
2.000000
517.717038
368.930916
544.675455
385.405504
2.000000
553.661594
359.944779
604.583048
398.884713
2.000000
604.583048
359.944779
631.541464
382.410126
2.000000
637.532224
347.963259
689.951367
395.889333
2.000000
706.425955
335.981742
818.752691
421.350061
2.000000
0.000000
352.456328
116.336168
412.363921
2.000000
1095.825306
282.064907
1278.543465
481.257653
7.000000
77.396233
292.548736
134.308445
335.981740
2.000000
357.464229
359.944785
387.418025
374.921683
2.000000
423.362581
365.935545
448.823307
377.917063
2.000000
403.892613
365.935545
427.855650
377.917063
2.000000
382.924956
359.944785
405.390304
377.917063
