2.000000
751.175382
239.010349
770.474357
250.886640
2.000000
718.515582
233.072203
748.206311
261.278395
2.000000
697.732074
240.494886
715.546510
253.855712
2.000000
761.567136
250.886639
843.216634
307.299020
2.000000
586.391850
246.433030
742.268164
372.618618
2.000000
613.113503
228.618594
662.103202
252.371176
2.000000
564.123804
227.134058
605.690822
253.855712
2.000000
518.103178
231.587667
564.123804
261.278394
2.000000
464.659870
225.649523
506.226888
253.855713
2.000000
221.690762
227.134058
496.329983
409.732025
2.000000
99.958783
234.556740
267.711388
311.752629
7.000000
593.814532
2.180413
741.555433
89.072179
7.000000
783.835181
212.288695
795.711472
225.649520
