4.000000
216.378274
299.675507
227.390358
316.560703
4.000000
197.290663
300.996962
212.707580
324.489406
4.000000
234.731749
299.528683
247.212109
314.211459
2.000000
200.961358
312.743184
287.589751
345.045294
2.000000
132.686437
314.211461
225.187942
357.525658
2.000000
664.028662
276.036237
681.647996
312.009045
2.000000
226.037361
232.549978
731.859083
573.924579
7.000000
778.691984
55.060420
838.587394
104.632003
7.000000
112.979966
239.157226
153.357607
284.673840
7.000000
281.041737
260.829963
310.407293
276.981020
7.000000
600.926077
195.491598
622.950244
212.376794
7.000000
606.799189
215.246608
625.886800
225.524554
4.000000
865.794511
228.730160
904.703875
343.989972
4.000000
822.969739
227.017171
868.486352
345.947676
4.000000
735.036214
249.041338
769.540744
355.491483
6.000000
514.998458
212.900290
523.808124
231.987901
6.000000
394.599674
204.090622
406.345896
228.317206
6.000000
407.814175
204.824760
416.623841
228.317206
6.000000
524.542265
213.634428
532.617794
231.253762
4.000000
1127.637395
251.809652
1179.027120
373.676715
