6.000000
787.392840
176.821687
807.675328
218.946853
6.000000
526.840875
95.691734
551.803937
147.178050
6.000000
556.484513
100.372305
578.327193
150.298430
6.000000
807.675326
181.502258
823.277240
218.946851
6.000000
966.814851
289.155465
994.898296
314.118527
6.000000
1152.477628
200.224555
1228.927006
243.909914
6.000000
739.026906
331.280636
749.948244
346.882550
6.000000
779.591883
350.002929
790.513221
364.044652
7.000000
718.744418
332.840826
732.786140
346.882548
7.000000
949.652746
275.113744
988.657532
284.474892
7.000000
1099.431120
172.141109
1175.880499
197.104172
7.000000
523.720492
275.113744
551.803937
287.595275
6.000000
508.118578
306.317572
529.961258
326.600060
2.000000
724.985183
371.845611
742.147289
392.128099
2.000000
704.702695
368.725226
724.985183
393.688289
2.000000
684.420205
364.044654
703.142502
390.567908
2.000000
664.137719
365.604844
685.980398
396.808673
2.000000
614.211595
365.604844
673.498868
403.049437
2.000000
788.953029
365.604844
827.957816
390.567906
2.000000
838.879154
346.882547
901.125631
401.880092
2.000000
1227.366816
345.322355
1277.292941
413.970777
0.000000
0.000000
460.776521
65.024219
548.147239
0.000000
0.000000
406.169822
124.311493
534.105517
0.000000
0.000000
387.447525
180.478383
527.864751
0.000000
50.982498
387.447525
230.404510
512.262837
0.000000
86.866899
381.206761
269.409293
504.461880
7.000000
514.359344
259.511830
540.882598
271.993361
6.000000
137.303826
225.152694
180.736830
267.088009
7.000000
1142.253691
91.858301
1205.156663
111.328268
