6.000000
259.412893
218.839702
289.762925
267.559491
6.000000
627.606708
66.290859
649.171204
103.829056
6.000000
1190.679667
278.741081
1220.231013
308.292427
6.000000
1185.523155
326.928415
1208.685020
349.291597
6.000000
247.866913
291.253813
273.424834
316.013050
2.000000
384.167507
339.973617
488.795247
420.640807
2.000000
551.625154
353.551264
664.239745
450.990838
2.000000
747.569202
358.010571
928.870707
476.215958
2.000000
696.453360
318.875004
750.763943
366.796107
2.000000
924.353144
350.888964
1005.819019
411.589029
2.000000
575.851917
326.662184
622.974334
349.025366
2.000000
664.239745
304.299002
702.576628
327.460868
2.000000
624.305493
304.299002
657.051580
324.266128
2.000000
575.585706
311.487169
605.935738
324.266128
2.000000
609.929161
293.117410
625.902862
304.299000
6.000000
658.915163
289.922671
669.298069
308.292427
6.000000
592.624303
258.773955
603.805895
275.546342
6.000000
551.891365
281.137136
560.676901
295.513468
7.000000
261.369681
168.921888
338.043445
190.486384
7.000000
1013.331650
285.146160
1033.772996
325.464156
2.000000
463.511460
341.117287
507.526593
364.958818
2.000000
483.685063
326.445576
525.866233
352.121071
2.000000
498.356774
319.109721
538.703980
341.117287
2.000000
522.198305
313.607829
546.039836
326.445576
