6.000000
483.200500
333.213050
497.020397
362.388386
6.000000
366.499157
393.099265
375.712420
409.990248
6.000000
762.669508
428.416777
771.882773
442.236672
7.000000
286.650868
436.094498
303.541851
454.521024
7.000000
581.475318
445.307761
598.366302
454.521024
6.000000
635.219356
439.165586
642.897078
456.056570
6.000000
613.721742
391.563722
626.006094
416.132426
7.000000
891.655207
451.449938
920.830543
485.231905
7.000000
705.854382
390.028176
750.385158
417.667969
7.000000
708.925468
419.203512
747.314069
448.378849
2.000000
246.726725
451.449938
321.968378
477.554186
2.000000
211.409212
445.307761
254.404443
476.018642
2.000000
343.465996
460.663201
383.390141
485.231905
2.000000
380.319054
445.307761
432.527549
495.980712
2.000000
463.238428
452.985481
490.878222
488.302994
1.000000
458.631796
423.810145
555.371069
488.302994
2.000000
389.532318
454.521024
483.200502
522.084961
2.000000
665.930239
465.269834
711.996558
485.231906
2.000000
847.356444
469.876465
893.190750
498.149652
2.000000
930.043807
472.947553
976.110131
495.980712
2.000000
572.262052
454.521024
685.892309
528.227137
2.000000
728.887542
460.663201
847.124429
529.762680
2.000000
963.825774
433.023409
1178.801937
562.009106
2.000000
994.536655
417.667969
1280.000000
718.634594
7.000000
1130.856249
0.000000
1280.000000
212.962349
7.000000
269.759884
0.000000
779.856490
172.462376
