7.000000
762.107515
112.442093
805.834995
151.172146
7.000000
757.110088
149.922790
807.084351
186.154130
7.000000
785.845290
188.652844
817.079204
203.645124
7.000000
623.428934
242.375177
638.421213
262.364882
7.000000
426.030593
244.873890
437.274802
264.863595
7.000000
397.295392
218.637402
413.537027
237.377750
7.000000
402.292819
241.125819
420.367201
266.588787
7.000000
401.043463
266.112951
416.035742
281.105231
7.000000
84.956248
237.377750
122.436945
282.354587
7.000000
580.950810
247.372603
592.195020
262.364882
7.000000
600.940516
247.372603
612.184725
272.359735
2.000000
518.482981
279.855874
538.472687
293.598797
2.000000
660.909632
257.367457
778.349150
337.326278
2.000000
279.855874
262.364882
322.333998
292.349439
2.000000
227.382898
262.364882
272.359735
289.850727
2.000000
167.413782
273.609091
212.390618
293.598797
