6.000000
516.438934
258.347370
529.228408
273.694738
6.000000
52.181037
166.263159
95.665248
204.631579
6.000000
958.954726
181.610527
994.765254
218.700001
6.000000
117.407353
176.494738
139.149458
211.026318
6.000000
928.259990
179.052633
960.233674
216.142105
7.000000
116.128406
15.347368
154.496827
52.436841
7.000000
52.181037
25.578948
113.570511
48.600000
7.000000
85.433669
58.831579
139.149460
89.526316
7.000000
105.896827
103.594737
144.265248
136.847368
7.000000
82.875774
135.568422
159.612616
161.147368
7.000000
93.107353
164.984211
128.917880
190.563159
2.000000
481.907356
299.273686
493.417883
314.621055
2.000000
465.281039
297.994738
487.023145
314.621055
2.000000
446.096829
295.436844
478.070513
322.294738
2.000000
397.496829
295.436844
460.165250
333.805264
2.000000
359.128408
299.273686
426.912619
356.826318
2.000000
536.902092
299.273686
553.528409
313.342107
2.000000
553.528408
295.436844
576.549461
314.621053
2.000000
571.433672
295.436844
599.570514
314.621053
2.000000
584.223145
287.763159
632.823146
333.805264
2.000000
614.917882
287.763159
678.865250
345.315790
2.000000
662.238935
292.878949
834.896831
387.521055
2.000000
244.023145
273.694738
389.823145
379.847370
2.000000
492.138934
294.157896
547.133671
344.036844
