7.000000
566.906757
208.743136
588.677514
227.952628
7.000000
683.444336
274.055405
698.811930
288.142365
7.000000
795.630089
275.372593
824.313937
291.984264
6.000000
187.839468
213.865667
227.539084
258.687814
6.000000
255.713003
206.181870
272.361227
243.320220
2.000000
260.835534
307.351856
335.112232
356.015899
2.000000
82.827584
283.019834
262.116167
390.592985
2.000000
35.444172
289.422998
98.195176
325.280714
2.000000
2.147721
258.687812
103.317707
350.893369
2.000000
1126.543263
293.264896
1157.278448
368.822228
4.000000
510.204082
306.071224
528.132941
352.174002
4.000000
485.872060
304.790591
507.642816
353.454634
4.000000
763.769363
286.861733
807.310876
380.347923
7.000000
692.365367
288.485574
704.658787
299.959432
6.000000
541.566090
215.544619
562.055122
228.657600
