6.000000
898.482810
218.303093
924.911812
272.139948
6.000000
871.074958
220.260797
900.440516
278.991910
7.000000
1122.639897
239.837835
1177.455604
278.991912
7.000000
1130.470712
354.363508
1191.159529
376.877102
7.000000
1148.090047
378.834805
1181.371012
402.327252
7.000000
1138.301526
420.925436
1169.624788
453.227549
6.000000
1166.688233
418.967733
1212.694273
453.227550
6.000000
658.731422
460.212458
669.751836
472.334914
2.000000
705.306474
509.804317
731.466149
541.763515
2.000000
718.241652
507.568754
737.265672
536.221829
2.000000
728.449339
503.654403
773.930034
542.834077
2.000000
939.551426
488.958123
1120.286201
605.774503
2.000000
982.215843
481.613577
1277.562914
642.511609
2.000000
784.653414
487.518654
905.877958
572.375835
9.000000
0.000000
257.529450
721.469699
655.366362
