7.000000
368.087443
306.947495
411.758834
321.920543
7.000000
762.377720
245.807546
788.580555
265.771611
7.000000
782.341785
272.010381
813.535636
281.992415
7.000000
781.094031
281.992415
818.526652
299.460971
7.000000
764.873228
323.168297
796.067079
336.893592
6.000000
803.553604
336.893592
819.774406
358.105409
6.000000
351.866640
339.389100
373.078460
363.096426
6.000000
454.182472
136.005191
479.137551
192.154123
6.000000
734.927131
6.238770
759.882212
77.360751
6.000000
716.210821
22.459573
733.679377
74.865243
6.000000
426.731883
140.996207
451.686962
192.154123
6.000000
396.785786
336.893592
415.502095
361.848671
6.000000
555.250549
341.884608
563.984827
355.609902
6.000000
643.841086
340.636854
653.823117
360.600916
6.000000
1167.897784
189.658614
1204.082651
253.294072
6.000000
1251.497305
178.428828
1277.700139
252.046317
6.000000
1159.163506
56.148932
1194.100619
92.333799
2.000000
1061.838690
384.308245
1206.578159
487.871831
2.000000
603.912957
401.776802
631.363547
419.245359
2.000000
570.223598
396.785786
585.196646
416.749849
2.000000
561.489319
396.785786
578.957876
421.740865
2.000000
526.552206
379.317229
568.975842
439.209423
2.000000
536.534238
401.776802
556.498302
445.448194
2.000000
456.677980
381.812737
541.525255
461.668995
4.000000
439.209423
394.290278
456.677980
425.484129
4.000000
108.554602
383.060491
154.721501
505.340388
4.000000
2.048473
398.033540
39.945224
543.869586
2.000000
582.701138
391.794769
900.878419
567.728089
2.000000
37.432621
427.979637
97.324815
500.349371
