6.000000
712.356536
37.462469
727.544026
74.587444
6.000000
921.606392
182.587369
933.418883
202.837355
6.000000
661.731572
150.524890
670.169065
165.712380
6.000000
577.356629
170.774879
587.481622
189.337365
6.000000
206.106885
137.024900
224.669373
167.399879
6.000000
526.731664
165.712380
538.544155
185.962367
7.000000
222.981873
83.024937
266.856843
99.899926
7.000000
671.856563
44.212466
695.481547
86.399937
7.000000
739.356518
192.712362
751.169010
206.212353
2.000000
251.669353
224.774840
280.356833
266.962312
2.000000
44.106997
199.462358
155.481920
283.837300
2.000000
99.794458
201.149857
260.106848
287.212297
2.000000
646.544082
224.774840
673.544063
246.712325
2.000000
692.034486
214.649847
722.481528
245.024825
2.000000
1130.856249
221.399843
1151.106235
265.274813
2.000000
1169.668722
231.524837
1191.606207
248.399825
2.000000
936.793882
218.024845
992.481344
260.212317
4.000000
1152.793733
218.024845
1171.356220
260.212317
5.000000
1211.856193
219.712343
1267.543655
314.212278
0.000000
1205.106198
256.837318
1270.918651
331.087268
2.000000
995.856342
216.337347
1068.418794
266.962312
2.000000
1188.231208
233.212335
1211.856192
253.462322
2.000000
1070.106290
218.024845
1140.981242
273.712307
7.000000
386.669261
88.087434
413.669242
111.712417
7.000000
390.044257
118.462414
418.731737
131.962405
