6.000000
664.199768
195.749931
679.049762
233.549918
6.000000
868.049696
280.799902
878.849693
306.449893
6.000000
620.999783
302.399894
630.449778
318.599888
6.000000
674.999763
323.999887
683.099760
337.499882
6.000000
1225.799571
2.699999
1278.449554
126.899957
6.000000
1243.349564
157.949945
1278.449553
224.099922
6.000000
869.399697
319.949888
885.599691
336.149881
6.000000
1198.799580
183.599936
1223.099572
229.499920
7.000000
846.449703
256.692767
870.749695
280.992760
7.000000
827.549709
307.992751
853.199700
328.242742
7.000000
805.949719
324.192746
818.099714
345.792739
7.000000
801.899719
306.642752
818.099714
314.742750
7.000000
685.799760
328.242743
699.299756
334.992741
2.000000
677.699763
367.874872
692.549758
384.074867
2.000000
577.799797
359.774875
641.249775
394.874862
2.000000
634.499778
362.474873
680.399762
398.924861
2.000000
514.349820
367.874872
557.549805
416.474855
2.000000
1121.849607
356.399874
1133.999604
369.899871
2.000000
1129.949606
352.349877
1150.199596
369.899870
2.000000
1142.099601
348.299879
1162.349594
369.899871
2.000000
1150.199596
334.799883
1214.999575
373.949869
2.000000
1166.399592
337.499882
1267.649556
372.599870
2.000000
1254.149561
334.799883
1278.449554
364.499871
2.000000
1273.049554
355.049876
1278.449555
376.649869
9.000000
445.499845
341.549880
517.049820
419.849853
2.000000
526.499815
365.849872
641.249775
440.099846
2.000000
897.749686
337.499882
940.949671
382.049866
2.000000
927.449675
338.849881
1057.049630
394.199863
2.000000
928.799675
349.649878
1092.149618
392.849863
9.000000
696.599756
326.699886
795.149723
438.749846
1.000000
0.000000
116.099959
436.049847
556.199805
