2.000000
667.364732
348.559931
680.589227
361.784426
2.000000
687.201474
352.338352
705.936177
369.971013
2.000000
709.242302
354.542435
725.772921
372.175096
2.000000
729.079043
361.154682
748.915787
377.685302
2.000000
750.647579
361.154682
766.076158
378.787344
2.000000
760.565951
360.052641
809.055768
395.317960
2.000000
616.670845
343.522019
657.446373
358.950596
2.000000
530.894629
338.987911
583.792613
354.416489
2.000000
425.098664
344.498112
617.955892
485.559400
2.000000
0.000000
266.345780
287.142970
661.978611
2.000000
740.081950
364.427457
907.592232
470.223422
2.000000
966.122872
353.284595
1260.367901
504.264255
3.000000
955.102458
406.182578
994.775948
428.223404
3.000000
935.143262
407.284620
964.898376
422.713195
3.000000
909.796313
402.876454
946.163675
422.713196
6.000000
1116.980078
309.325392
1136.816824
342.386631
6.000000
375.306276
257.529450
392.938937
307.121307
6.000000
272.816435
232.182499
298.163385
278.468234
6.000000
630.167270
300.572374
641.187683
322.613199
6.000000
667.636673
329.225449
676.453004
339.143821
7.000000
954.167416
212.409069
1010.371522
234.449895
6.000000
911.388164
177.845044
931.224908
230.743028
6.000000
228.673573
108.000049
250.714398
177.428652
7.000000
1098.184168
285.428701
1141.163779
305.265443
7.000000
1114.714786
247.959295
1153.286231
267.796041
7.000000
604.308900
373.959346
639.574222
405.918545
4.000000
365.165935
349.714437
401.533299
420.245080
4.000000
338.716943
351.918520
358.553691
418.040999
