6.000000
178.874878
227.812343
199.124864
249.749827
6.000000
209.249856
227.812343
222.749847
249.749827
2.000000
461.699694
291.937299
483.637180
310.499786
2.000000
478.574680
288.562303
495.449670
305.437292
2.000000
433.012212
288.562303
460.012194
310.499788
2.000000
411.074729
288.562303
441.449708
310.499788
2.000000
394.199739
295.312297
429.637216
323.999776
2.000000
280.799810
288.562303
368.549749
347.624762
2.000000
493.762172
286.874803
507.262163
307.124788
2.000000
500.512167
281.812307
529.199645
308.812288
2.000000
520.762151
295.312297
547.762133
310.499786
2.000000
549.449633
298.687294
562.949625
312.187286
2.000000
557.887129
298.687294
583.199610
318.937280
2.000000
581.512112
298.687294
627.074580
334.124770
6.000000
800.436968
238.499836
820.686953
260.437322
6.000000
646.874572
73.124950
665.437057
115.312421
6.000000
665.437059
78.187446
683.669056
107.999927
6.000000
624.937088
74.812450
648.562071
116.999921
2.000000
972.231358
277.424808
1277.668647
646.987054
