2.000000
0.000000
207.624446
212.032601
544.848864
7.000000
143.265269
125.191807
223.934639
155.608127
7.000000
143.265269
160.016293
213.355050
208.946893
7.000000
271.542792
223.053013
311.216253
244.212192
7.000000
538.677430
268.897906
559.836609
282.122393
7.000000
538.677430
276.832598
561.159058
296.669328
7.000000
781.567181
274.187700
806.693706
299.314227
2.000000
630.367220
300.636674
652.848848
323.118302
2.000000
697.371274
302.399932
730.432491
334.138701
2.000000
735.722286
312.979522
816.391656
365.877470
2.000000
937.175318
250.383621
1278.367084
514.873361
