4.000000
792.323818
258.285088
989.468956
653.823118
7.000000
207.127172
277.001397
222.100221
295.717708
7.000000
385.555999
278.249152
398.033539
296.965462
6.000000
621.381513
254.541826
627.620282
267.019366
6.000000
525.304452
294.469953
531.543221
304.451985
6.000000
637.602316
253.294070
643.841085
267.019364
6.000000
681.273707
250.798563
691.255740
265.771611
7.000000
666.300658
264.523857
681.273706
272.010381
2.000000
0.000000
306.947495
87.342783
466.660013
2.000000
73.617490
323.168298
304.451985
476.642044
2.000000
345.627869
318.177280
547.764024
471.651027
2.000000
613.894989
288.231184
843.481732
459.173488
2.000000
576.462368
310.690757
656.318625
376.821721
2.000000
279.496906
328.159313
369.335196
368.087443
2.000000
81.104012
311.938511
237.073268
353.114394
2.000000
998.203234
309.443002
1279.356147
441.704931
2.000000
920.842484
288.231184
1028.149330
360.600918
2.000000
1164.154523
293.222200
1205.330406
309.443002
2.000000
1060.590937
296.965462
1109.253344
310.690757
2.000000
1006.937512
296.965462
1094.280295
336.893591
2.000000
1214.064684
281.992415
1262.727091
306.947495
