7.000000
685.892311
39.924144
754.991790
101.345904
7.000000
661.323607
101.345904
791.844846
221.118336
7.000000
642.897078
244.151497
698.176663
297.895537
7.000000
857.873238
208.833986
874.764223
238.009322
7.000000
850.195519
242.615952
864.015415
259.506936
7.000000
739.636351
245.687042
779.560494
282.540098
2.000000
217.551389
327.070873
251.333357
353.175122
2.000000
246.726725
319.393153
288.186413
350.104034
2.000000
189.911595
325.535329
217.551387
354.710665
2.000000
130.025380
325.535329
191.447140
359.317297
2.000000
417.172110
319.393153
432.527549
340.890770
2.000000
423.314285
319.393153
466.309518
354.710665
2.000000
349.608173
311.715434
426.385372
377.743826
2.000000
507.769204
331.677505
533.873453
347.032945
2.000000
11.788491
330.141961
93.172324
370.066104
