6.000000
397.934034
118.372776
408.512027
139.528761
6.000000
497.837304
108.970114
507.239964
127.775435
6.000000
385.005375
132.812577
393.232703
148.091902
6.000000
392.057371
132.812577
402.635364
148.091902
6.000000
460.226661
140.032478
470.804655
153.968564
7.000000
287.452769
143.558475
305.082759
152.961137
7.000000
537.518764
164.546564
552.798089
175.124557
7.000000
549.272092
172.773892
559.850085
182.176552
7.000000
938.782218
66.993958
979.368836
94.646411
2.000000
426.142017
180.833310
439.070674
193.761968
2.000000
419.090021
187.885306
439.070674
198.463299
2.000000
407.336693
190.235971
432.018678
203.164630
2.000000
390.882037
198.463299
424.966681
212.567290
2.000000
374.427381
198.463299
392.057371
211.391958
2.000000
360.323390
189.564355
380.304044
218.947670
2.000000
345.044068
190.739689
369.726052
220.123002
2.000000
334.466074
189.564355
361.498724
223.648999
2.000000
303.907426
184.863024
350.920729
228.350330
2.000000
279.729157
187.583080
330.268459
232.245718
2.000000
224.488526
189.933746
297.359145
239.297714
4.000000
115.574365
176.691660
137.905685
209.600973
2.000000
110.873036
179.042326
243.685619
266.016938
2.000000
0.000000
165.956958
124.276734
311.698198
2.000000
481.382648
193.258257
499.012636
208.537579
2.000000
449.648668
194.433589
463.752658
205.011582
2.000000
491.960642
190.907591
521.343957
213.238910
2.000000
506.064632
192.082923
534.272614
216.764907
2.000000
524.869954
193.258257
554.253269
220.290906
2.000000
538.973945
190.907591
582.461251
230.868900
2.000000
563.655929
187.381594
617.721228
241.446894
2.000000
591.584064
191.579211
687.961337
257.397836
2.000000
453.678380
196.868208
479.535698
209.796865
2.000000
671.981721
170.423226
888.242918
312.638469
2.000000
919.763032
190.709953
1277.903315
484.543101
2.000000
964.425670
166.027969
1014.964972
187.183956
2.000000
922.113697
167.203301
985.581657
190.709953
2.000000
1204.193520
141.345985
1277.903315
194.235952
