7.000000
219.604713
348.123378
258.285088
360.600918
7.000000
558.993811
343.132361
592.683170
355.609902
9.000000
621.381513
359.353164
677.530445
395.538032
9.000000
139.748452
360.600918
218.356956
386.803753
2.000000
165.951289
360.600918
180.924336
374.326214
2.000000
183.419844
365.591935
204.631662
380.564982
9.000000
69.874226
381.812737
99.820324
393.042523
2.000000
230.834499
374.326212
294.469955
391.794768
9.000000
254.541825
365.591935
285.735676
373.078459
9.000000
290.726692
373.078459
303.204233
384.308245
9.000000
329.407068
370.582951
345.627871
380.564983
9.000000
429.227391
350.618886
470.403275
380.564983
9.000000
351.866641
368.087443
373.078459
379.317229
9.000000
374.326212
371.830704
384.308245
380.564982
2.000000
408.015571
369.335198
422.988619
379.317230
2.000000
385.556000
371.830704
400.529049
380.564982
2.000000
588.939909
363.096427
612.647235
386.803753
2.000000
556.498303
366.839690
578.957876
384.308245
2.000000
509.083648
358.729287
553.066979
394.539825
7.000000
858.766720
332.152123
887.465063
343.381910
9.000000
625.623877
324.416051
668.047515
359.353164
