9.000000
413.493970
212.789154
631.537176
298.167518
1.000000
849.580381
223.297260
936.272259
283.718871
1.000000
818.056064
231.178340
852.207410
277.151305
1.000000
802.293903
240.372932
829.877682
270.583738
1.000000
783.904717
237.745907
815.429036
269.270226
1.000000
772.083098
248.254012
787.845255
270.583738
1.000000
652.553388
249.567526
673.569602
269.270226
2.000000
1085.293780
253.508065
1177.958705
287.659410
2.000000
1213.423564
254.821579
1279.356147
296.854004
2.000000
1225.245183
233.805366
1279.356147
254.821579
7.000000
969.110092
202.281046
986.185765
207.535099
7.000000
957.288471
207.535101
983.558738
218.043208
7.000000
314.980472
176.010781
345.191278
186.518889
7.000000
311.039931
131.351329
342.564251
157.621595
7.000000
309.726419
195.713481
333.369658
206.221587
6.000000
589.504749
170.756728
597.385830
193.086454
6.000000
853.520922
161.562135
862.715515
181.264834
6.000000
967.796579
225.924285
979.618198
237.745905
6.000000
843.012817
164.189162
852.207409
183.891862
6.000000
1108.342502
168.129701
1125.418174
200.967533
6.000000
1128.045200
206.221587
1150.374925
223.297260
2.000000
728.737159
260.075632
737.931751
270.583738
2.000000
714.288513
252.194552
723.483106
265.329685
