7.000000
474.519817
226.544945
494.419035
244.913454
7.000000
679.634834
326.041035
691.880506
333.694582
7.000000
1060.475284
275.527635
1080.374502
290.834726
7.000000
680.859429
333.694581
690.043683
345.940252
7.000000
746.679897
324.510326
758.925568
336.755999
2.000000
611.977520
318.387490
630.346031
330.633163
2.000000
633.713561
335.225290
650.551361
350.532381
2.000000
639.836398
342.878835
662.797034
356.655217
2.000000
661.266325
338.286708
691.880507
370.431599
2.000000
670.450580
355.124508
691.880507
376.554435
2.000000
685.757670
358.185926
724.025399
382.677271
2.000000
722.494688
352.063090
748.516743
385.738690
2.000000
731.678943
355.124508
768.415961
388.800108
2.000000
746.986034
358.185926
782.192343
394.922944
2.000000
795.968725
341.348126
821.990779
356.655216
2.000000
768.415961
355.124508
812.806524
397.984362
2.000000
794.438015
344.409544
889.341979
407.168617
2.000000
828.113615
356.655217
929.140415
420.944999
2.000000
902.809614
318.387490
1167.624918
464.257240
2.000000
396.147516
312.264653
639.530261
500.541871
2.000000
1119.158810
260.832831
1276.821845
631.264430
