6.000000
292.928810
165.494069
311.056701
209.518944
6.000000
126.324872
263.902612
146.179226
313.106883
6.000000
707.403904
57.589963
739.343519
149.955877
6.000000
693.222231
330.618185
697.538396
340.976978
6.000000
638.838562
330.618185
643.154727
341.840211
4.000000
1170.151357
247.132282
1271.149598
641.629692
4.000000
1182.430045
272.166036
1264.243735
587.659244
4.000000
1092.460401
274.755734
1191.732178
615.732708
4.000000
1011.316512
299.789488
1100.229495
601.057749
4.000000
974.197501
318.780610
1035.487032
446.539070
6.000000
690.743230
66.873570
709.734353
132.479265
6.000000
789.151773
103.992581
821.954621
159.239482
1.000000
408.827079
326.302013
530.542910
355.651931
1.000000
671.249862
348.746068
691.967449
366.010724
2.000000
653.121973
363.421026
684.198355
390.181245
2.000000
591.832441
364.284259
663.480767
450.607543
2.000000
372.571300
333.207876
490.834198
392.770942
2.000000
396.741818
353.062233
627.224987
506.717679
2.000000
147.267528
321.985850
419.185872
498.085351
2.000000
1.381179
302.994727
198.198268
492.042719
2.000000
623.599400
335.279638
1039.561937
626.060016
7.000000
890.338346
273.126871
936.952920
291.254761
7.000000
919.144027
232.870546
961.442436
248.408738
7.000000
898.426440
225.101451
915.691097
243.229342
7.000000
815.911990
298.063021
830.586949
311.874747
