7.000000
180.830657
292.676720
210.196214
330.851944
7.000000
595.631384
326.447109
607.377608
336.235628
4.000000
776.089729
357.560624
794.687914
395.735849
4.000000
618.494572
366.370290
634.156202
396.714699
4.000000
989.339612
345.954232
1005.980094
368.467826
4.000000
974.656834
351.827343
988.360761
372.383232
2.000000
934.350856
364.132909
1039.088010
422.864024
2.000000
0.000000
380.773392
76.093505
417.969763
2.000000
619.123829
360.706927
726.797538
414.543783
2.000000
782.242518
354.344404
913.408673
418.948629
2.000000
1004.954642
319.758295
1279.033175
439.178226
4.000000
758.283962
359.238648
775.903295
400.350428
4.000000
559.254802
369.027168
575.895284
397.413872
4.000000
546.529728
370.006021
559.254802
397.413874
4.000000
519.490690
366.090612
536.131172
409.160096
4.000000
743.088443
359.937838
754.834666
385.387988
4.000000
100.402238
393.218803
114.106165
419.647806
4.000000
21.115233
398.113062
34.819160
418.668951
4.000000
158.154500
391.261098
169.900724
415.732395
4.000000
116.063868
394.197654
127.810091
420.626656
