2.000000
492.256312
221.658091
508.730900
236.634991
2.000000
486.265551
226.151162
501.242451
274.077236
2.000000
456.311756
220.160403
490.758622
266.588787
2.000000
466.795585
239.630371
484.767863
272.579547
2.000000
417.371821
223.155783
469.790965
275.574926
2.000000
409.883372
212.671954
426.357960
221.658091
2.000000
427.855650
212.671954
445.827926
224.653472
2.000000
390.413404
218.662713
418.869511
233.639611
2.000000
379.929576
212.671954
397.901852
221.658091
2.000000
382.924955
223.155783
415.874131
238.132681
2.000000
337.994261
217.165023
379.929576
232.141921
2.000000
355.966539
227.648852
433.846409
316.012551
2.000000
415.874133
238.132679
469.790966
290.551823
2.000000
216.681386
218.662713
393.408784
350.459416
9.000000
179.239140
161.750500
297.556636
232.141921
9.000000
95.368511
176.727398
179.239140
205.183505
2.000000
679.467538
239.630371
715.412093
284.561065
2.000000
698.937507
214.169642
824.743451
329.491758
2.000000
513.223969
196.197366
615.066877
218.662713
2.000000
0.000000
188.708915
285.575116
483.753809
2.000000
1110.802205
311.519480
1278.543464
558.638300
2.000000
475.781724
215.667334
706.425954
425.343908
