2.000000
261.241013
310.223704
389.820581
333.184340
7.000000
391.351285
264.812672
434.211140
313.795363
2.000000
437.272558
301.039449
490.847376
322.469381
2.000000
510.746594
308.692995
542.891482
316.346540
2.000000
542.891486
304.100868
573.505668
313.285122
2.000000
587.282048
290.324486
657.694666
353.083558
2.000000
685.247430
304.100868
714.330903
340.837886
2.000000
691.370266
294.916602
766.375013
366.859930
2.000000
757.190757
297.978031
781.682102
325.530798
1.000000
772.497848
281.650472
823.011248
321.448908
2.000000
841.379757
306.652045
867.401808
325.530798
2.000000
830.664793
303.080399
842.910466
327.571744
9.000000
846.482124
287.773308
916.384502
319.407958
2.000000
918.425451
302.315044
933.732542
316.091426
2.000000
935.263251
302.315044
953.631761
313.030008
9.000000
1227.839155
273.078502
1278.352553
357.267505
2.000000
1093.136755
290.834726
1252.330500
339.817417
2.000000
1200.286391
309.203235
1252.330500
324.510326
2.000000
1044.154064
303.080399
1080.891082
326.041032
2.000000
1074.768246
304.611108
1099.259591
330.633163
