4.000000
121.032142
366.839689
153.473747
445.448192
4.000000
56.148932
374.326213
87.342783
454.182472
4.000000
12.477540
365.591935
54.901178
459.173488
4.000000
87.342783
366.839689
126.023158
445.448192
4.000000
82.351767
358.105410
104.811340
436.713915
4.000000
690.007986
341.884608
723.697345
464.164504
1.000000
2.495508
308.195249
245.807546
435.466161
2.000000
257.037333
366.839689
451.686962
470.403274
7.000000
344.380116
298.213216
391.794769
311.938511
6.000000
411.758834
278.249152
424.236375
308.195249
6.000000
400.529048
281.992414
410.511080
303.204231
7.000000
686.264723
233.330006
696.246757
248.303055
7.000000
686.264723
293.222200
697.494510
311.938511
2.000000
421.740866
361.848672
479.137552
416.749850
9.000000
467.907766
217.109203
688.760232
474.146536
7.000000
301.956478
313.186265
326.911559
326.911559
6.000000
290.726692
353.114394
316.929527
369.335197
