7.000000
462.856824
57.588000
592.026171
146.391924
7.000000
600.099254
59.202616
729.268599
144.777305
7.000000
524.212265
206.132746
553.275366
227.122764
7.000000
664.683924
204.518130
687.288560
217.435062
7.000000
708.278579
202.903511
727.653981
219.049680
7.000000
455.321938
198.059663
471.468106
222.278915
7.000000
1095.248414
168.996558
1109.779965
198.059663
7.000000
1108.165350
198.059663
1129.155370
212.591213
7.000000
1050.039144
209.361979
1064.570695
217.435062
7.000000
969.308306
206.132746
1004.829874
220.664297
7.000000
958.005984
189.986577
972.537537
209.361979
7.000000
956.391370
207.747364
969.308304
217.435062
7.000000
861.667200
206.132746
876.198750
219.049678
7.000000
1025.819894
196.445044
1048.424530
206.132746
7.000000
762.099131
183.528110
784.703767
199.674281
7.000000
1237.334693
183.528110
1259.939329
209.361979
7.000000
1258.324712
181.913494
1268.012412
201.288895
7.000000
772.325055
199.674279
785.241988
209.361977
7.000000
297.089492
210.976597
308.391808
223.893531
7.000000
410.112668
193.215810
432.717304
206.132746
7.000000
435.946536
196.445044
448.863471
209.361979
6.000000
477.926574
153.926799
492.458124
173.302201
6.000000
573.188964
153.926799
587.720515
174.916819
6.000000
628.085936
153.926799
644.232105
174.916819
4.000000
700.205521
226.046352
711.507837
255.109456
4.000000
708.278605
227.660970
722.810155
258.338689
4.000000
719.580921
229.275584
737.341706
256.724071
4.000000
748.644022
234.119437
758.331724
253.494838
4.000000
772.863274
234.119437
785.780209
261.567922
4.000000
793.853294
230.890204
808.384846
271.255623
4.000000
1101.706881
216.358652
1121.082283
261.567924
4.000000
1271.241649
216.358652
1279.314732
248.650987
4.000000
813.766868
233.581231
826.683803
280.405117
4.000000
834.756888
233.581231
850.903057
273.946652
4.000000
1135.613837
220.664297
1151.760006
264.258950
4.000000
1171.135403
225.508147
1185.666956
265.873568
4.000000
1180.823103
222.278915
1195.354654
265.873568
4.000000
1193.740037
220.664297
1206.656972
262.644334
4.000000
1232.490844
215.820448
1250.251625
267.488185
2.000000
363.288781
234.119437
392.351883
250.265606
2.000000
335.840295
227.660970
372.976481
251.880222
2.000000
314.850277
232.504821
360.059547
253.494840
2.000000
290.631025
234.119437
351.986462
255.109455
2.000000
180.837082
234.119437
324.537977
256.724073
2.000000
235.734051
234.119437
303.547957
256.724073
2.000000
172.763998
235.734051
269.641007
261.567920
2.000000
113.023176
229.275584
211.514801
264.797154
2.000000
3.229233
222.817119
209.900183
303.547957
2.000000
0.000000
238.963288
150.159362
353.601082
2.000000
1261.553945
250.265604
1279.314730
282.557943
2.000000
474.697339
231.966615
511.833527
262.644334
2.000000
495.687361
235.195847
542.511247
272.332034
2.000000
851.979474
234.119437
881.042575
255.109455
1.000000
574.265382
219.049680
614.630805
236.810465
2.000000
634.006206
228.737382
658.225458
235.195849
2.000000
658.225458
233.581231
687.288561
246.498165
2.000000
596.870021
231.966615
627.547741
243.268931
2.000000
561.348449
236.810463
593.640789
251.342014
2.000000
630.776973
233.581231
656.610840
257.800483
2.000000
619.474656
235.195847
637.235441
251.342016
2.000000
651.766991
240.039700
692.132410
259.415101
2.000000
529.056116
248.650987
558.119219
301.933343
2.000000
535.514581
243.807137
627.547737
332.611062
2.000000
564.577684
251.342023
881.042577
505.913281
2.000000
899.879780
226.046352
977.381387
258.338687
2.000000
1014.517572
229.275584
1096.863029
263.182538
