6.000000
80.523905
16.050371
118.881576
92.765714
6.000000
146.629679
31.556665
165.400453
96.030199
6.000000
118.881574
16.050365
149.894161
96.846311
7.000000
214.639737
297.720822
230.146029
309.146513
7.000000
193.420598
294.456339
207.294648
307.514268
7.000000
199.133442
307.514270
212.191374
318.939961
7.000000
1232.178976
238.144014
1249.317511
253.650307
7.000000
1205.246993
269.972719
1213.408198
278.133925
7.000000
1198.718028
260.995392
1209.327597
270.788840
7.000000
1225.650009
252.834186
1239.524059
265.075997
7.000000
792.289934
302.617560
801.267262
318.123852
2.000000
62.025171
359.909215
85.692669
395.002401
2.000000
62.025171
358.276973
93.037756
376.231628
2.000000
80.795947
356.644732
159.959652
391.737920
2.000000
619.435588
306.045251
734.508602
371.334904
2.000000
763.072826
315.838699
815.304547
360.725334
2.000000
737.773084
315.838699
785.108083
337.873958
2.000000
725.531275
317.470940
750.014894
336.241714
2.000000
0.000000
353.380249
81.612067
430.095592
4.000000
805.161369
332.044527
834.541713
392.437457
4.000000
1213.163372
301.148527
1234.382511
341.138438
