2.000000
0.587666
400.788414
212.147531
599.419622
9.000000
920.873084
324.391795
1277.903313
709.900883
2.000000
627.039936
335.263621
637.617930
344.666283
2.000000
601.182621
347.016948
614.111279
357.594942
2.000000
634.091931
342.315618
650.546587
355.244277
2.000000
622.338607
356.419607
644.669925
375.224928
2.000000
575.325303
359.945606
586.417504
388.153589
2.000000
564.747309
362.296271
607.573492
390.680555
2.000000
616.461942
357.594940
717.540546
399.906913
2.000000
688.157231
401.082246
745.748529
450.446214
2.000000
729.293873
383.452257
810.391821
465.725540
2.000000
531.544165
386.978255
586.784795
448.095550
2.000000
376.694095
376.400263
547.117321
476.303532
2.000000
275.615491
393.501354
454.853712
485.177297
9.000000
79.922616
381.748030
385.509088
533.365934
2.000000
747.203005
404.314411
857.813701
481.886362
4.000000
852.311809
415.060314
869.242401
461.905709
6.000000
723.501162
348.066355
736.345867
359.819681
6.000000
518.993290
328.085701
528.395951
341.014360
6.000000
462.493375
350.249113
473.071369
362.002439
