6.000000
693.794049
361.462245
706.228788
380.024733
6.000000
793.356481
361.462245
808.543970
378.337234
6.000000
876.043923
403.649717
891.231412
415.462209
7.000000
584.106626
386.774729
597.606616
396.899722
7.000000
572.294133
374.962237
590.856621
386.774729
7.000000
867.606430
388.462228
887.856416
400.274721
2.000000
617.856601
423.899704
639.794086
449.212187
2.000000
584.106626
420.524706
617.856602
454.274683
2.000000
557.106643
417.149708
590.856621
462.712177
2.000000
533.481659
422.212206
567.231637
462.712178
2.000000
482.880815
427.979637
543.606652
466.087176
2.000000
685.356554
412.087212
725.856527
435.712194
2.000000
764.669000
417.149708
823.731460
449.212186
2.000000
813.606467
417.149708
833.856453
428.962201
2.000000
867.606430
418.837207
951.981372
471.149671
9.000000
751.169010
401.962219
779.856490
430.649699
9.000000
714.044034
401.962219
746.106512
423.899702
2.000000
74.481975
422.212206
231.419366
530.212131
2.000000
639.794086
417.149708
687.044053
454.274683
2.000000
692.106549
412.087212
766.356498
462.712177
2.000000
825.418960
418.837207
859.168937
447.524687
2.000000
938.481381
418.837207
1048.168806
486.337161
2.000000
221.294374
376.649735
525.044164
562.274607
2.000000
0.232026
420.524706
89.669465
555.524612
2.000000
1159.543729
398.587221
1279.356146
542.024622
