2.000000
710.031004
455.090753
735.588926
463.077604
2.000000
401.738578
468.668398
423.303073
490.232895
2.000000
421.705703
474.259193
434.484665
489.434210
2.000000
480.009713
461.480234
487.996562
470.265769
2.000000
452.854419
463.077604
482.405766
471.863139
2.000000
493.587358
462.278918
509.561058
474.259194
2.000000
486.399191
466.272345
504.768947
485.440785
2.000000
452.055735
472.661825
476.016287
494.226320
2.000000
436.880720
467.071027
452.055735
475.057877
2.000000
537.515035
462.278918
546.300572
474.259194
2.000000
546.300572
460.681549
563.072958
473.460510
1.000000
507.165004
456.049161
523.937389
474.418916
1.000000
735.588926
450.458366
768.335013
466.432066
2.000000
206.060742
465.473633
306.695056
526.173696
2.000000
362.603011
471.863115
410.524113
503.810516
2.000000
518.346594
462.278918
539.112405
479.849989
2.000000
561.475586
463.077604
576.650601
475.856564
2.000000
579.845343
463.077604
596.617729
475.057880
2.000000
609.396688
461.480234
633.357241
480.648676
7.000000
775.523180
388.959616
801.081100
413.718852
