6.000000
300.016752
205.683458
315.814214
233.632814
6.000000
38.751034
148.569557
56.978875
186.240428
6.000000
335.257244
288.316336
346.193946
302.898608
6.000000
324.320540
289.531525
336.472435
301.683417
6.000000
720.472278
154.645505
755.712770
189.885996
6.000000
707.105195
28.265808
735.054544
95.101224
6.000000
29.029520
146.139178
39.966224
181.379671
6.000000
55.763687
155.860694
69.130769
189.885997
6.000000
685.231785
160.721451
725.333036
195.961944
7.000000
133.535807
172.873343
236.826903
200.822698
7.000000
315.814214
261.582167
346.193949
271.303683
7.000000
1075.307577
168.012587
1122.699963
226.341676
7.000000
206.447170
289.531525
251.409179
302.898607
7.000000
266.126473
300.556839
278.278368
312.708734
4.000000
1150.649319
246.999897
1199.256894
375.809971
4.000000
974.446859
222.696108
1083.813901
525.278264
4.000000
820.117806
221.480920
955.003831
536.214970
4.000000
436.117963
312.620124
456.776182
380.670729
4.000000
409.383795
317.480881
436.117963
379.455536
4.000000
354.700274
315.050502
376.573684
379.455542
4.000000
327.966109
315.050502
354.700275
385.531487
4.000000
306.394809
323.483413
322.192269
386.673261
4.000000
295.458103
323.483413
313.685944
374.521371
2.000000
1058.294926
290.746714
1154.294886
364.873270
2.000000
802.062107
280.582574
1003.611404
351.972391
2.000000
1119.472216
295.607471
1278.244204
360.012511
2.000000
449.485045
278.594821
1008.472161
482.746636
2.000000
226.025225
341.468216
233.316360
351.189732
2.000000
216.303709
339.847970
224.810035
353.620114
2.000000
234.531552
335.392269
241.822687
345.113785
2.000000
243.037876
337.822648
255.189768
347.544163
2.000000
256.404959
343.493538
273.417613
356.860621
2.000000
199.291058
334.784675
211.442953
342.075812
2.000000
183.493598
342.440371
194.430302
354.592265
2.000000
157.974620
333.934046
170.126515
342.440371
2.000000
170.126513
337.579614
181.063215
353.377076
2.000000
147.037915
332.718856
155.544240
342.440371
2.000000
136.101211
340.009993
156.759429
349.731508
2.000000
148.253105
344.870750
172.556891
359.453022
2.000000
194.430302
343.088468
213.873328
360.101121
2.000000
116.658181
349.164415
155.544243
372.253013
2.000000
109.367045
343.088468
123.949317
354.025173
2.000000
15.964548
346.572011
39.053144
384.242882
7.000000
769.112960
216.880891
786.685838
265.206306
1.000000
1.397852
325.613074
64.001230
378.331708
2.000000
33.248692
334.399513
121.113085
402.494415
