2.000000
0.000000
328.601861
128.139580
434.004731
2.000000
128.139580
331.811273
272.189510
401.816847
2.000000
272.189510
327.772490
379.890393
391.046757
2.000000
444.510922
341.235100
487.591275
370.852843
2.000000
482.206231
342.581361
501.053885
370.852843
2.000000
502.400146
338.542578
544.134238
369.506582
2.000000
550.293996
346.629310
577.790764
365.467799
2.000000
577.790764
346.620144
592.599634
361.429017
2.000000
591.253374
346.620144
610.101029
362.775277
2.000000
608.754766
346.620144
626.256160
360.082756
2.000000
622.217378
345.273883
639.718771
358.736495
2.000000
635.679988
347.966405
662.605208
370.852843
2.000000
662.605209
343.927622
681.452863
362.775277
2.000000
673.375297
346.620144
696.261735
369.506582
2.000000
692.222952
349.312666
708.378084
366.814060
2.000000
708.378084
349.312666
720.494433
370.852843
2.000000
717.801911
349.312666
733.957044
370.852843
2.000000
725.879477
350.658927
759.536003
376.237887
2.000000
751.458437
349.312666
793.192527
378.930409
6.000000
771.652352
253.728133
783.768702
271.229527
6.000000
783.768702
253.728133
798.577574
272.575788
9.000000
783.768702
120.448291
1155.336746
473.168681
2.000000
1117.641435
333.157534
1219.957275
477.207464
6.000000
487.811162
234.880479
496.596698
256.420655
2.000000
537.515035
345.031939
550.293996
361.804325
