4.000000
436.395108
280.461676
460.869948
334.655962
4.000000
147.941640
283.958083
189.898507
404.584079
4.000000
0.000000
280.461676
13.330020
336.404167
4.000000
64.027903
275.217066
97.243757
331.159558
4.000000
41.301266
278.713473
64.027903
318.922139
5.000000
476.603775
275.217066
502.826817
331.159558
0.000000
481.848383
296.195502
499.330412
338.152369
4.000000
775.546462
261.231445
815.755128
325.914950
2.000000
754.568027
247.245821
1278.449553
535.699293
2.000000
494.085803
257.849910
679.395307
446.540946
2.000000
674.150696
266.476053
747.575216
318.922139
2.000000
635.690235
269.972459
689.884521
297.943704
2.000000
506.323224
285.706285
523.805252
318.922140
6.000000
361.222387
243.749416
380.452618
257.735038
6.000000
371.711604
173.821302
385.697226
201.792548
6.000000
450.380732
128.368027
462.618153
163.332085
6.000000
604.222583
77.670147
618.208205
124.871623
6.000000
464.366355
131.864434
474.855572
161.583883
6.000000
432.898703
128.368027
448.632529
159.835678
6.000000
586.740554
82.914754
600.726177
124.871622
6.000000
623.452814
82.914754
639.186639
126.619825
7.000000
216.121550
229.763793
231.855376
243.749416
7.000000
350.733170
201.792548
382.200821
212.281765
4.000000
420.661282
282.209879
427.654095
311.929328
4.000000
431.150501
273.468864
439.891514
311.929329
2.000000
739.799741
267.299906
796.499721
284.849900
