6.000000
676.919061
62.774952
695.481548
104.962423
6.000000
1198.356203
167.399879
1215.231192
194.399860
6.000000
1221.981186
150.524892
1250.668665
201.149858
6.000000
580.731628
170.774878
604.356612
211.274851
6.000000
597.606616
212.962349
614.481605
234.899833
6.000000
244.919357
66.149949
266.856843
115.087417
7.000000
678.606560
45.899963
692.106551
64.462451
7.000000
582.419126
153.899889
600.981613
170.774878
7.000000
246.606858
50.962460
263.481845
66.149949
7.000000
1218.606188
130.274905
1238.856174
152.212390
7.000000
1120.731256
152.212390
1171.356221
206.212353
7.000000
1157.856230
273.712307
1194.981205
320.962275
7.000000
572.294134
260.212316
600.981613
288.899795
2.000000
374.856768
260.212316
417.044240
299.024789
2.000000
339.419292
273.712307
381.606764
309.149782
2.000000
447.419219
263.587315
476.106699
309.149782
2.000000
788.293984
248.399824
800.106476
263.587315
2.000000
793.356481
246.712325
810.231469
263.587315
2.000000
757.919005
246.712325
771.418996
266.962311
9.000000
528.419162
233.212335
582.419125
273.712307
9.000000
401.856750
219.712343
494.669187
273.712306
2.000000
265.169344
272.024809
357.981780
322.649774
2.000000
384.981762
266.962311
460.919209
317.587277
2.000000
462.606708
258.524817
606.044111
339.524762
2.000000
805.168974
245.024827
830.481455
265.274815
2.000000
766.356499
250.087323
793.356481
273.712307
2.000000
0.232026
229.837337
260.106847
464.399676
7.000000
1154.481231
138.712400
1171.356221
150.524890
