2.000000
636.574641
347.667688
669.627555
395.410786
2.000000
668.403373
357.461144
683.093557
366.030418
2.000000
658.609917
359.909509
721.043199
411.325153
2.000000
837.748562
363.582053
924.665484
426.015336
2.000000
958.126471
349.299944
1152.771411
454.579596
2.000000
434.176557
351.340234
447.642559
367.254599
2.000000
380.312548
350.116052
440.297466
370.927147
2.000000
271.768404
348.891871
329.304958
372.151328
2.000000
17.138549
331.753322
160.367842
373.375510
2.000000
428.463702
295.639953
658.609918
503.750894
2.000000
711.249742
338.282306
845.909762
444.786141
2.000000
1078.912407
296.252043
1279.678255
566.796266
