7.000000
719.106532
283.837300
744.419013
307.462281
7.000000
715.731533
317.587277
752.856509
332.774766
7.000000
587.481622
334.462266
599.294115
351.337253
2.000000
1113.981261
418.837207
1194.981206
494.774655
2.000000
628.087074
363.824748
653.399558
395.887226
2.000000
646.649562
367.199744
680.399539
399.262226
2.000000
671.962046
367.199744
722.587011
407.699717
2.000000
717.524513
362.137247
754.649491
385.762231
2.000000
781.649471
375.637239
825.524438
399.262221
2.000000
719.106532
372.262244
793.356479
433.012202
2.000000
536.856657
367.199747
643.169084
453.262186
2.000000
854.106438
362.137251
1149.418735
554.512115
2.000000
410.294244
365.512250
447.419214
385.762237
2.000000
10.357019
371.587239
91.356963
408.712214
9.000000
77.856972
349.775781
234.794368
427.274701
2.000000
480.258778
367.348659
506.618095
388.216452
2.000000
504.421485
365.152049
529.682498
387.118147
2.000000
523.092668
359.660525
548.353681
382.724927
