7.000000
854.106439
347.962256
874.356425
368.212241
7.000000
847.356444
314.212278
887.856416
344.587257
7.000000
818.668962
336.149763
843.981445
359.774748
7.000000
823.731459
309.149781
843.981445
332.774766
7.000000
582.419126
349.649755
609.419107
371.587238
5.000000
876.043924
378.337235
908.106402
457.649681
0.000000
872.668927
401.962219
908.106402
471.149670
2.000000
715.731534
388.462228
739.356518
413.774710
2.000000
707.294040
391.837226
727.544026
417.149707
2.000000
627.981593
393.524724
651.606578
423.899705
2.000000
597.606615
388.462228
631.356592
430.649699
2.000000
557.106642
388.462228
611.106605
435.712195
2.000000
692.106550
385.087231
717.419033
422.212206
2.000000
757.919006
378.337235
827.106458
439.087194
2.000000
474.419201
388.462228
573.981633
449.212186
2.000000
648.231582
383.399731
705.606542
430.649699
2.000000
722.481529
391.837226
815.293966
476.212168
2.000000
260.106847
388.462228
464.294206
481.274664
2.000000
1198.356202
376.649736
1279.356147
444.149691
