2.000000
126.963205
366.123615
314.020910
474.512192
2.000000
383.949024
387.102050
443.387921
427.310715
2.000000
604.222582
395.843064
640.934842
430.807121
2.000000
775.546462
406.332281
803.517707
429.058920
2.000000
534.950071
398.590249
555.363973
409.079466
2.000000
487.092992
392.096929
506.323223
407.830755
2.000000
111.229379
376.612832
151.438045
425.562512
2.000000
375.208009
388.850252
392.690039
416.821498
2.000000
466.114558
392.346658
476.603772
409.828688
2.000000
520.308846
397.591267
534.294469
408.080484
2.000000
644.431248
394.094861
651.424059
411.576889
2.000000
763.309042
408.080484
775.546462
423.814306
2.000000
747.575216
404.584079
768.553650
422.066108
2.000000
723.100376
397.591267
740.582406
418.569701
2.000000
903.165269
430.807121
945.122137
457.030163
2.000000
939.877529
432.555324
999.316426
464.022974
2.000000
1107.705003
441.296338
1244.064825
502.483438
2.000000
814.006924
415.073295
855.963792
443.044543
7.000000
499.330412
374.864630
520.308846
390.598452
7.000000
523.805251
376.612832
544.783686
390.598455
7.000000
604.222582
380.109239
618.208208
390.598453
9.000000
534.385539
384.604626
558.860378
393.345641
2.000000
1215.024740
448.623220
1278.726423
501.341854
