7.000000
557.424437
206.881492
585.632419
236.264805
7.000000
585.632419
201.004830
706.691676
231.563476
7.000000
549.197108
232.738807
712.568338
318.538087
7.000000
553.898439
317.362756
716.094336
347.921402
7.000000
666.730367
377.304718
701.990344
401.986703
7.000000
673.782363
423.142688
703.165678
450.175338
7.000000
578.580423
376.129383
607.963739
405.512699
7.000000
578.580423
426.668686
609.139070
452.526003
7.000000
408.157199
330.291414
449.293839
378.480050
7.000000
403.455866
391.408708
466.923826
440.772678
2.000000
360.518585
462.610915
369.921246
468.487578
2.000000
349.073780
463.081040
358.476441
468.957704
2.000000
329.093126
463.081040
338.495787
470.133036
2.000000
338.495785
464.256373
350.249111
471.308367
2.000000
309.112472
461.905708
320.865797
471.308367
2.000000
298.534477
464.256373
312.638468
473.659034
2.000000
278.553823
459.555042
302.060476
476.009698
2.000000
237.417183
461.905708
258.573169
477.185031
2.000000
217.436529
463.081040
238.592515
479.535698
2.000000
255.047171
456.029044
283.255154
476.009698
2.000000
103.429268
468.957704
143.390576
492.464356
2.000000
2.350665
467.782371
62.292627
501.867016
9.000000
149.267240
434.873057
211.559867
488.938356
2.000000
371.405097
454.266046
410.191073
478.948031
