2.000000
1051.311776
266.287320
1279.124121
468.787183
2.000000
890.999387
293.624797
1064.811769
409.724722
2.000000
798.186951
300.374794
938.249353
384.749735
2.000000
752.624485
310.499786
823.499436
379.687238
9.000000
605.812085
300.712288
658.124548
356.399749
2.000000
539.999630
315.562282
614.249577
383.062237
2.000000
518.737158
328.724781
538.987144
362.474758
2.000000
459.674699
305.099795
518.737158
372.599748
2.000000
409.049733
325.349781
495.112176
391.162236
2.000000
400.612241
333.787277
469.799693
408.037224
2.000000
185.624874
292.499790
431.999703
449.437182
2.000000
0.000000
354.937247
229.499841
474.996653
2.000000
84.374941
354.937247
209.249856
410.624709
4.000000
695.249522
316.687283
705.374516
345.374765
4.000000
710.678090
308.812274
722.490580
349.312247
6.000000
389.812231
251.678392
401.624725
275.303376
6.000000
609.187083
260.115885
619.312075
275.303376
7.000000
237.937335
219.037349
264.937317
236.249837
7.000000
229.499841
241.312335
253.124825
253.124825
7.000000
234.562339
256.499825
258.187323
275.062311
