6.000000
337.731794
327.712270
347.856787
354.712252
6.000000
444.044220
407.024716
455.856713
420.524707
6.000000
18.794512
417.149708
35.669501
428.962201
6.000000
130.169438
347.962255
141.981928
371.587238
6.000000
120.044444
342.899759
131.856934
371.587239
6.000000
352.919284
329.399768
369.794272
354.712250
6.000000
541.919154
401.962219
567.231637
428.962201
7.000000
536.856657
354.712250
562.169139
369.899740
7.000000
568.919136
258.524817
609.419108
288.899795
2.000000
442.356722
442.462191
484.544193
471.149671
2.000000
476.106699
430.649699
570.606634
479.587166
2.000000
305.437290
432.843452
322.312278
446.343443
2.000000
259.874822
451.405941
305.437290
515.530897
2.000000
45.794495
435.712196
84.606967
469.462173
2.000000
0.000000
442.462191
44.106996
476.212168
2.000000
0.000000
437.399694
18.794514
455.962182
4.000000
341.106792
427.274701
351.231784
447.524687
2.000000
309.044314
430.649699
346.169288
466.087176
2.000000
10.357019
434.024697
303.981816
639.899555
