7.000000
683.769214
157.217009
768.616489
194.649631
6.000000
646.336594
207.127171
701.237773
258.285087
6.000000
232.082253
23.707327
247.055301
77.360751
6.000000
77.360751
127.270912
97.324816
167.199042
6.000000
107.306848
132.261930
126.023158
177.181074
6.000000
249.550810
32.441605
269.514874
89.838291
6.000000
535.286484
303.204232
552.755040
326.911560
6.000000
519.065682
304.451987
535.286485
323.168298
2.000000
1031.892593
376.821720
1147.933718
427.979637
2.000000
984.477940
358.105410
1065.581952
396.785786
2.000000
923.337992
359.353164
1003.194249
403.024555
4.000000
777.350770
353.114394
799.810341
395.538032
4.000000
663.805151
351.866640
685.016969
405.520064
4.000000
554.002795
339.389100
576.462368
400.529048
9.000000
1.247754
167.199042
291.974447
482.880815
