2.000000
371.785760
247.040529
387.447391
265.638715
2.000000
382.553132
250.955938
407.024430
278.363791
2.000000
402.130169
245.082828
438.347689
279.342643
2.000000
617.477587
248.998233
708.510813
328.285238
2.000000
666.420184
266.617567
815.205674
361.566201
2.000000
328.716276
240.188566
385.489685
304.792792
2.000000
297.393013
249.977085
372.764611
316.539016
2.000000
310.118089
269.554124
374.722315
318.496720
1.000000
424.821728
160.901563
550.114772
293.046570
2.000000
405.141450
249.377817
653.769834
465.704090
2.000000
173.153547
251.335520
332.706409
349.220711
2.000000
781.020582
279.722226
1108.935971
461.788681
2.000000
0.000000
291.468450
63.522136
552.821908
2.000000
1118.724489
377.607417
1279.256201
574.356651
2.000000
177.187378
236.652741
212.307626
247.420113
2.000000
1202.905752
169.111960
1279.256201
222.948815
2.000000
129.937411
234.803403
151.874896
249.990893
2.000000
35.437476
236.008748
64.124956
247.821240
