2.000000
483.753809
361.242779
500.228398
373.224299
2.000000
467.279220
362.740468
485.251500
379.215057
2.000000
443.316185
374.721987
473.269982
389.698883
2.000000
413.362389
374.721987
434.330046
397.187335
2.000000
384.906282
367.233536
414.860078
397.187332
2.000000
360.943245
370.228917
390.897042
403.178093
2.000000
150.143402
355.701332
289.054133
438.074273
2.000000
0.000000
361.692091
154.262049
463.085686
2.000000
299.912385
367.682851
367.308427
415.234502
2.000000
584.099026
363.639092
593.085165
377.118301
2.000000
581.103648
360.643713
630.527410
398.085958
2.000000
623.038962
362.141401
647.002001
390.597510
2.000000
641.011239
351.657573
690.435003
402.579025
2.000000
682.946556
347.164502
739.858769
410.067474
2.000000
705.411904
353.155263
783.291773
423.546683
2.000000
756.333356
353.155263
934.558444
440.021272
2.000000
888.504482
311.369432
1278.152300
512.584339
7.000000
596.080547
344.468655
606.564375
357.947863
