2.000000
373.631066
341.696796
383.610530
351.676259
2.000000
369.639282
363.651614
380.616693
375.626969
2.000000
389.598206
357.663936
401.573561
370.637238
2.000000
390.596153
364.649560
411.553024
384.608484
2.000000
401.573562
355.668044
442.489358
395.585893
2.000000
438.497572
361.655722
467.438013
385.606431
2.000000
445.483196
365.647506
479.413367
393.590001
2.000000
470.431852
362.653667
499.372293
395.585893
2.000000
483.405153
365.647506
519.331217
403.569463
2.000000
499.372293
361.655722
539.290141
407.561249
2.000000
517.335323
355.668044
589.187452
414.546873
2.000000
552.263442
358.661883
646.070389
428.518120
2.000000
608.148441
360.657775
716.924579
444.485258
2.000000
682.994406
343.692690
870.608296
466.440076
2.000000
845.260454
343.692690
1278.369117
546.275774
9.000000
305.049287
337.305826
372.909629
403.170276
2.000000
295.069825
369.240104
312.034910
398.180544
2.000000
283.094470
366.246265
303.053393
401.174383
2.000000
245.172512
363.252426
295.641569
411.652818
2.000000
179.879808
375.726754
254.725775
434.605583
2.000000
101.042055
370.737023
205.826408
453.566560
2.000000
47.152958
386.704163
149.941421
479.513162
2.000000
1.247434
369.739078
67.111884
498.474141
7.000000
770.092228
220.213466
799.032669
247.158013
7.000000
772.088121
250.151852
799.032669
283.084077
