2.000000
0.867088
398.703658
177.594406
549.818321
6.000000
815.763052
382.140820
828.569381
394.947146
6.000000
863.146463
350.125001
872.110894
369.334493
2.000000
970.719613
385.790612
991.209737
411.403266
2.000000
957.913285
396.035674
973.280878
411.403265
2.000000
933.581263
397.316308
948.948855
410.122634
2.000000
901.565446
396.035674
915.652408
407.561369
2.000000
879.794689
396.035674
900.284813
410.122633
2.000000
892.601017
401.158204
914.371774
417.806429
2.000000
781.185968
401.158204
815.763052
434.454654
2.000000
653.122695
403.719470
681.296615
422.928962
2.000000
596.774855
402.438838
660.806491
444.699718
2.000000
691.541677
386.751084
781.185968
457.185884
2.000000
799.114826
393.154250
892.601014
464.869683
2.000000
907.968608
400.838046
937.423161
423.889435
2.000000
340.328148
373.944759
615.664186
551.952708
4.000000
137.027703
405.960576
169.043520
432.853864
4.000000
212.585034
423.377189
259.968445
461.796172
4.000000
224.110730
424.657822
251.004016
465.638069
1.000000
990.953594
60.189738
1279.095959
615.984347
