2.000000
548.935696
341.336608
564.669522
355.322231
2.000000
566.417726
343.084812
575.158737
358.818634
2.000000
576.906941
344.833012
592.640765
360.566838
2.000000
599.633578
341.336608
617.115604
364.063244
2.000000
632.849432
346.581214
645.086853
365.811445
2.000000
617.115604
343.084812
629.353025
365.811452
2.000000
646.835053
348.329417
680.050909
385.041675
2.000000
667.813488
346.581214
734.245197
399.027299
2.000000
720.259574
360.566838
819.907135
456.717995
2.000000
781.446673
344.833012
1001.720232
510.912282
2.000000
846.567229
377.174764
1278.373331
716.326115
2.000000
524.460853
333.469693
548.935694
364.937344
2.000000
506.978827
340.462506
524.460857
373.678359
2.000000
487.748593
338.714303
503.482419
373.678358
2.000000
458.029147
335.217897
489.496797
377.174764
2.000000
417.820482
335.217897
468.518363
392.908592
2.000000
372.367207
343.958908
444.043524
405.146009
2.000000
314.676513
347.455316
400.338451
417.383432
2.000000
155.590050
352.699923
347.892368
459.340303
