2.000000
0.299547
198.209709
390.197778
556.257099
2.000000
305.628302
249.830037
409.967267
310.236804
2.000000
458.292680
265.206307
559.336729
338.792731
2.000000
556.041814
269.599525
592.285876
319.023244
2.000000
587.892656
267.402915
612.055362
305.843585
2.000000
610.957058
272.894440
627.431631
291.565623
2.000000
697.723143
266.304610
721.885851
293.762230
2.000000
721.885851
263.009696
752.638386
300.352061
2.000000
730.672290
261.911391
821.831594
321.219853
2.000000
798.767192
271.796134
922.875641
359.660525
2.000000
1094.211204
281.680879
1278.726423
540.880829
2.000000
674.658741
265.206307
698.821447
282.779185
7.000000
435.228278
186.128354
458.292680
203.701232
2.000000
646.489691
260.768952
669.554093
272.850305
2.000000
624.523594
266.260476
637.703253
281.636744
6.000000
624.523594
214.953947
637.703253
232.526825
6.000000
702.503239
225.936996
709.093068
235.821740
