7.000000
549.011779
224.595729
581.453384
242.064285
7.000000
232.082252
232.082252
250.798563
249.550809
7.000000
350.618886
272.010381
373.078459
291.974446
7.000000
729.704517
188.509135
781.094032
233.330006
7.000000
793.571571
192.154123
835.995209
224.595727
7.000000
910.860451
195.897385
963.266121
260.780597
7.000000
1025.653823
209.622679
1046.865642
240.816530
2.000000
999.450988
179.544706
1279.095959
356.857655
2.000000
1.247754
257.037333
326.911558
409.263326
2.000000
555.250549
233.330006
949.540828
544.020763
2.000000
878.418846
273.258135
932.072270
330.654821
