2.000000
0.232026
289.574803
57.676274
441.584089
2.000000
1216.351727
441.584091
1278.147751
663.019843
2.000000
912.521275
331.762274
1279.356147
532.990710
2.000000
1114.645770
324.429128
1269.135830
378.500649
4.000000
935.694784
311.554954
965.305378
383.650316
2.000000
119.472297
307.692705
409.141161
453.170844
2.000000
628.002081
312.842372
691.085522
360.476808
2.000000
707.821945
302.543035
746.106513
331.762274
2.000000
396.266989
305.117868
470.937185
354.039722
2.000000
458.063015
299.968201
497.972946
346.315218
2.000000
482.523940
302.543035
510.847118
338.590716
2.000000
495.398111
287.094029
536.595461
333.441046
2.000000
527.583540
294.818531
546.894798
323.141709
2.000000
539.170296
294.818531
555.906720
323.141709
2.000000
553.331884
296.105950
567.493474
317.992042
2.000000
563.631222
287.094029
589.379566
311.554956
2.000000
582.942478
292.243698
600.966319
308.980121
2.000000
602.253737
294.818531
613.840491
307.692703
2.000000
609.978240
293.531115
621.564993
307.692705
2.000000
700.097441
294.818531
733.570287
317.992040
2.000000
691.085522
294.818531
703.959694
307.692703
2.000000
682.073600
293.531115
696.235190
308.980121
2.000000
653.750424
292.243698
670.486847
305.117870
6.000000
694.947774
155.777478
711.684196
184.100654
6.000000
337.045800
104.280791
361.506727
146.765557
6.000000
320.309376
110.717877
335.758382
144.190723
6.000000
360.219309
109.430461
370.518646
153.202643
6.000000
679.498767
154.490060
691.085522
184.100654
6.000000
1070.873588
209.848999
1097.909349
247.184098
6.000000
1104.346433
220.148336
1131.382195
256.196016
6.000000
310.010039
269.070190
326.746462
287.094029
6.000000
857.162337
267.782772
879.048431
287.094029
6.000000
603.541154
247.184098
609.978240
260.058269
6.000000
675.636516
247.184098
680.786184
260.058269
7.000000
136.208722
100.418539
246.926599
126.166882
7.000000
1066.731293
52.784105
1115.933187
74.670197
7.000000
1056.711998
56.646356
1077.310674
81.107283
7.000000
1016.802067
150.627809
1087.610011
173.801317
7.000000
1050.274912
175.088735
1082.460341
203.411913
7.000000
582.942478
252.333765
603.541154
261.345686
7.000000
313.872292
191.825158
334.470966
202.124497
7.000000
322.884211
233.022508
351.207387
243.321845
7.000000
1.029918
158.352313
11.329255
178.950988
7.000000
710.396778
266.495353
721.983533
271.645023
