0.000000
1027.624329
344.948722
1130.520394
438.657638
0.000000
881.548668
335.761572
920.468775
406.502618
0.000000
1125.008106
341.273862
1278.433489
473.568803
2.000000
954.461224
335.761572
1092.268453
391.803179
2.000000
1071.138013
339.436432
1198.839378
394.559323
2.000000
54.371220
330.249284
130.624554
365.160449
2.000000
13.029051
312.793701
84.688811
366.079163
2.000000
178.397727
334.842858
193.097166
345.867436
2.000000
195.853310
333.005430
205.959174
344.030008
2.000000
205.959174
334.842858
222.496041
346.786152
2.000000
383.271142
336.680288
412.670019
352.298440
2.000000
458.605762
338.517718
482.492349
359.648161
2.000000
514.647370
338.517718
529.346806
355.054585
2.000000
492.598211
337.599002
512.809938
356.892015
2.000000
536.696524
336.680288
573.445119
366.079165
2.000000
0.000000
318.305992
45.184072
528.691695
6.000000
69.989375
255.833380
85.607527
295.338119
6.000000
173.804153
150.181171
194.015880
193.360769
6.000000
639.007944
263.099581
656.463526
298.929459
6.000000
825.507060
307.197894
831.938064
321.897332
6.000000
828.263204
280.555163
840.206497
304.441750
6.000000
85.607527
272.286729
102.144394
297.092031
6.000000
875.618787
142.747932
891.236939
188.683675
7.000000
875.618787
119.780061
888.480795
138.154358
7.000000
983.526016
225.515789
1000.981599
255.833380
7.000000
616.624718
239.296512
697.805693
279.719967
7.000000
647.861025
299.931693
658.885603
319.224706
7.000000
608.356286
282.476111
621.218294
296.256833
7.000000
608.356286
295.338119
623.974438
309.118841
7.000000
610.193714
311.874987
623.974436
326.574426
7.000000
173.804153
239.296512
215.146322
253.077234
7.000000
173.804153
251.239806
216.983750
261.345668
7.000000
174.722867
262.264384
218.821180
275.126392
7.000000
174.722867
276.963823
216.983750
288.907115
7.000000
175.641583
290.744545
222.496041
303.606553
7.000000
173.804153
135.481733
191.259736
149.262455
2.000000
230.764475
339.436432
258.325921
354.135870
2.000000
277.618934
336.680288
323.554677
362.404305
