7.000000
891.674688
188.324933
983.474656
262.574909
7.000000
799.874720
272.024905
813.374715
299.024896
7.000000
814.724715
267.974905
829.574708
301.724893
7.000000
737.774742
292.274897
749.924737
308.474891
7.000000
722.924747
296.324895
736.424741
309.824892
7.000000
678.374763
292.274897
693.224757
307.124891
7.000000
647.324773
277.424903
658.124770
289.574899
6.000000
689.849759
279.449902
699.299753
295.649896
6.000000
661.499769
274.049904
673.649764
288.899899
7.000000
606.149788
286.874900
623.699782
305.774893
2.000000
350.999878
271.928473
415.799856
296.228467
2.000000
274.049904
255.728481
350.999876
286.778471
2.000000
222.749923
269.228475
255.149912
285.428469
2.000000
66.149977
212.528497
179.549938
265.178476
2.000000
47.249983
221.978492
120.149957
259.778478
2.000000
0.000000
208.349920
51.299982
250.199906
2.000000
894.085410
306.835608
927.835398
321.685603
7.000000
751.949738
291.599898
766.799732
309.149891
