6.000000
491.399828
238.949916
504.899824
257.849910
6.000000
388.799864
303.749894
400.949859
317.249890
6.000000
274.049905
287.549899
294.299898
301.049896
6.000000
623.699782
269.999907
638.549775
283.499901
7.000000
274.049905
224.099922
310.499891
240.299914
7.000000
236.249917
265.949907
279.449902
279.449903
7.000000
220.049922
283.499901
252.449912
314.549890
7.000000
1156.949595
272.699905
1186.649587
301.049896
4.000000
132.299954
337.499882
160.649944
417.149856
4.000000
101.249965
342.899880
130.949956
407.699855
4.000000
64.799976
336.149882
93.149967
388.799866
4.000000
48.599984
325.349885
70.199976
382.049865
4.000000
25.649990
328.049885
48.599982
359.099874
2.000000
467.099837
364.499871
485.999830
391.499865
2.000000
376.649868
353.699876
481.949832
458.999840
2.000000
156.599945
342.899880
410.399857
507.599822
2.000000
1125.217885
375.299868
1182.599585
467.099836
2.000000
475.199834
319.949888
712.799753
576.449798
7.000000
13.499996
217.349924
48.599983
261.899908
1.000000
699.299755
121.499957
1146.149598
523.089477
2.000000
1.350001
314.549890
184.949934
652.049773
2.000000
1150.199596
418.499854
1278.449554
544.049810
