6.000000
388.318939
1.833964
418.411644
86.196304
6.000000
792.641478
88.287056
819.586027
155.886932
6.000000
217.824453
305.839334
235.787486
321.806473
6.000000
246.764893
303.843440
263.729980
319.810581
6.000000
1155.893905
270.911214
1170.863098
293.863977
6.000000
1165.873368
264.923537
1187.828185
289.872193
6.000000
422.403430
13.441088
452.341816
86.291164
6.000000
815.594243
86.291164
839.544951
147.165884
6.000000
771.684610
94.274733
788.649696
147.165884
6.000000
690.256529
317.346900
700.235993
331.318147
6.000000
728.178487
317.346900
738.157948
329.322255
2.000000
663.883727
352.773991
697.813899
375.726754
2.000000
698.811844
351.776045
722.762555
368.741132
2.000000
722.762555
349.780152
753.698887
371.734968
2.000000
760.613613
351.776045
785.633167
377.796566
2.000000
777.743155
283.749380
1141.993528
453.400237
2.000000
1131.016119
347.617938
1179.915484
422.463905
2.000000
639.028628
353.605615
664.975230
380.550163
2.000000
573.164178
340.632316
641.024522
396.517304
2.000000
295.735126
324.665175
505.303835
460.385862
7.000000
229.799808
282.886569
255.746409
300.849602
7.000000
209.840883
220.015957
235.787486
232.989258
7.000000
978.259478
137.186421
1119.967843
183.091948
4.000000
92.808998
319.342794
157.675504
454.065533
