6.000000
437.294225
37.462469
455.856713
86.399936
6.000000
752.856510
113.399916
776.481492
160.649884
6.000000
764.669000
218.024845
786.606485
246.712325
6.000000
455.856713
39.149968
476.106699
86.399935
6.000000
406.919247
37.462469
432.231729
89.774933
7.000000
393.419257
258.524817
410.294244
280.462302
7.000000
447.419219
236.587332
469.356704
256.837318
7.000000
400.169252
212.962349
417.044239
224.774839
7.000000
45.794495
232.331799
84.606967
265.274813
2.000000
810.231470
285.524799
833.856453
310.837282
2.000000
774.793995
277.087304
815.293967
317.587277
2.000000
757.919005
290.587295
789.981482
329.399768
2.000000
705.606541
280.462302
756.231506
329.399768
2.000000
658.356574
282.149802
722.481528
339.524763
2.000000
212.856880
295.649792
310.731813
381.712233
2.000000
50.856991
305.774785
170.669409
396.899723
2.000000
580.731627
292.274794
693.794048
351.337253
2.000000
334.356797
307.462284
545.294152
472.837171
2.000000
935.106384
263.587314
1183.168714
358.087249
2.000000
1203.418699
283.837300
1279.356146
349.649755
2.000000
0.000000
309.692550
43.671391
342.134155
