2.000000
555.524613
328.387284
570.712103
352.012267
2.000000
513.337141
330.074784
526.837133
343.574775
2.000000
477.899666
323.324788
513.337141
355.387265
2.000000
469.462172
330.074784
493.087155
360.449763
2.000000
518.399639
331.762282
555.524613
363.824759
2.000000
429.974710
330.074784
475.537179
367.199746
2.000000
551.001948
302.853307
718.064334
453.040703
4.000000
777.261976
319.612284
802.574458
392.174733
5.000000
725.287032
336.487270
745.030737
360.112253
3.000000
718.030756
355.640380
750.093233
384.327861
7.000000
751.780733
267.890441
768.486961
286.199807
7.000000
114.749921
232.031089
145.124900
255.656073
7.000000
427.612221
287.887305
436.724706
301.387296
7.000000
857.924400
242.324837
879.861886
257.512327
7.000000
1029.711813
259.199825
1048.274300
287.887305
7.000000
458.662189
301.387289
470.474681
318.262279
