2.000000
978.309440
92.041252
1278.185777
321.649533
7.000000
745.237235
69.278358
764.536209
98.969085
2.000000
662.103202
187.793846
715.546510
224.907255
2.000000
624.989794
181.855700
660.618666
214.515499
2.000000
601.237212
187.793846
623.505255
207.092819
2.000000
558.185659
178.886627
601.237212
223.422717
2.000000
534.433078
178.886627
559.670195
224.907255
2.000000
449.814507
172.948483
553.732051
254.597981
2.000000
271.670148
199.299001
331.051600
236.412410
2.000000
412.404193
187.051577
443.876363
223.051582
7.000000
743.455819
111.043316
770.177474
125.888679
6.000000
654.383637
77.195888
681.105292
106.886614
6.000000
427.546462
112.824762
454.268117
142.515487
6.000000
62.350526
75.711353
80.164960
111.340224
6.000000
80.164962
74.226816
95.010325
112.824761
7.000000
326.597992
74.226816
357.773255
89.072180
6.000000
761.567136
151.422705
783.835183
170.721679
6.000000
860.734168
87.587643
896.363038
111.340226
6.000000
122.919608
185.567042
136.280434
203.381476
