6.000000
847.806577
289.915367
859.559901
318.123354
6.000000
644.474035
301.668698
653.876698
326.350678
6.000000
833.310806
291.482483
846.239466
319.690466
6.000000
637.030265
300.885145
645.257592
326.742463
6.000000
418.418402
364.353104
444.275720
383.158425
6.000000
547.704987
377.281759
566.510307
391.385751
7.000000
435.264829
322.432908
465.823482
335.361561
6.000000
451.719487
291.874263
468.174139
314.205579
7.000000
897.880639
369.054434
911.984631
393.736420
2.000000
192.446024
377.281759
404.005892
505.393014
2.000000
392.252563
416.067736
436.915200
448.977050
2.000000
646.594528
390.210419
713.588486
439.574388
2.000000
811.567155
400.200748
840.950468
430.759397
2.000000
775.131843
401.376078
808.041155
420.181405
2.000000
853.879126
400.200748
873.859777
414.304739
2.000000
856.229792
403.726746
884.437774
431.934726
2.000000
863.281788
404.902078
909.119756
440.162055
2.000000
901.715177
415.127485
940.501154
450.387462
2.000000
941.676487
404.902078
1043.695344
480.946111
2.000000
973.175383
408.428075
1090.708641
493.052021
2.000000
1044.283005
403.726746
1233.511551
535.363996
2.000000
0.000000
413.717070
238.378831
545.157313
2.000000
1135.532891
398.240745
1278.923467
613.053484
2.000000
514.487152
401.963746
641.423073
491.289026
2.000000
637.897075
395.616956
803.618970
535.481537
2.000000
785.839628
408.941787
842.298009
456.244755
