6.000000
827.106458
368.212242
838.918948
386.774729
6.000000
705.606541
393.524724
715.731534
412.087212
4.000000
234.794365
275.399806
327.606801
509.962143
4.000000
15.419516
248.399824
125.106941
513.337142
4.000000
123.419441
307.462284
204.419385
466.087175
4.000000
84.606968
307.462284
145.356926
464.399677
2.000000
793.356481
412.087212
827.106458
449.212186
2.000000
820.356463
425.587203
847.356445
449.212187
2.000000
840.606448
422.212205
874.356425
452.587185
2.000000
1041.418810
444.149691
1068.418792
476.212169
2.000000
1059.981296
435.712195
1166.293723
488.024659
2.000000
724.169028
398.587221
795.043979
454.274682
2.000000
869.293929
380.045545
1048.168806
499.837151
2.000000
325.919302
322.649774
730.919024
526.837134
2.000000
1146.043737
450.899684
1279.356146
506.587146
