7.000000
13.776382
338.286708
44.390562
350.532380
7.000000
27.552764
330.633163
68.881909
341.348126
6.000000
0.000000
393.392234
24.491345
414.822163
7.000000
192.869345
301.549690
264.812672
315.326072
6.000000
315.326072
304.611108
326.041035
330.633163
6.000000
324.510326
306.141816
338.286708
332.163868
6.000000
307.672526
307.672526
318.387490
329.102453
6.000000
543.401726
382.677272
557.178108
401.045781
6.000000
549.524563
407.168617
558.708817
420.944999
6.000000
512.787544
381.146562
529.625344
399.515071
6.000000
523.502507
322.979618
537.278889
361.247347
6.000000
270.935507
407.168617
281.650472
424.006416
6.000000
737.801779
344.409543
746.986034
365.839470
6.000000
684.226961
408.699326
696.472633
420.944997
6.000000
748.516743
342.878835
757.700998
367.370181
7.000000
789.845888
367.370181
838.828582
376.554436
7.000000
273.078503
397.984362
294.508432
405.637908
4.000000
342.878835
445.436343
352.063090
469.927688
4.000000
333.694580
443.905635
349.001672
472.989107
4.000000
319.918198
442.374926
333.694580
476.050525
4.000000
264.812672
440.844217
283.181183
489.826907
4.000000
514.318253
451.559180
518.910381
465.335562
4.000000
500.541871
453.089889
509.726126
466.866271
7.000000
416.352871
407.168617
434.721381
414.822163
2.000000
619.937179
450.028471
633.713560
456.151308
2.000000
580.138743
453.089889
600.037962
463.804853
2.000000
549.524563
446.967053
574.015908
465.335562
2.000000
598.507252
448.497763
610.752924
457.682017
2.000000
609.222217
448.497763
622.998599
465.335562
2.000000
342.878835
440.844217
422.475711
499.011162
2.000000
407.168617
446.967053
502.072580
508.195417
9.000000
687.288379
439.313508
713.310433
454.620596
2.000000
667.389161
448.497763
690.349798
469.927693
2.000000
685.757670
453.089889
713.310434
474.519817
2.000000
636.774981
439.313508
667.389161
474.519817
2.000000
701.064761
459.212725
740.863197
489.826906
9.000000
739.147863
431.659961
805.152978
486.765488
2.000000
837.297870
473.426454
867.474708
540.340307
2.000000
0.656015
416.790218
63.415085
629.558780
2.000000
849.106198
360.153983
1234.844888
647.927291
