2.000000
1079.733758
268.224257
1279.028881
500.735233
2.000000
840.229968
297.943704
957.359559
383.605643
2.000000
798.273098
257.735039
918.899094
381.857440
2.000000
479.706862
309.431903
526.908338
351.388771
2.000000
526.908338
314.676512
551.383178
342.647758
1.000000
533.901148
297.893764
570.613409
339.850632
2.000000
570.613410
313.627591
588.095440
332.857822
2.000000
586.347235
314.676512
596.836453
330.410337
2.000000
595.088248
316.424715
612.570278
326.913933
2.000000
612.570278
314.676512
623.059496
328.662136
2.000000
630.052304
311.180108
647.534334
328.662136
2.000000
691.239406
314.676512
708.721434
328.662136
2.000000
717.462449
316.424715
729.699869
333.906743
2.000000
727.951666
314.676512
750.678303
340.899555
2.000000
734.944478
318.172917
754.174711
337.403149
2.000000
745.433694
311.180108
790.886968
349.640568
2.000000
783.894158
307.683700
806.620794
335.654946
2.000000
681.376011
308.284810
689.029556
323.591900
