7.000000
683.185024
225.686813
722.536792
260.207259
7.000000
1107.480087
94.049564
1183.876707
178.673510
7.000000
379.949214
282.102777
419.910522
297.382100
6.000000
421.085857
283.278110
434.014515
300.908098
7.000000
586.807750
289.154773
604.437739
309.135427
7.000000
563.655929
305.250665
578.935252
322.880654
4.000000
275.699444
334.633981
300.381429
385.173281
2.000000
521.847670
339.083453
538.302326
352.012112
2.000000
503.042348
340.258785
533.600997
369.642099
2.000000
491.289023
337.908120
511.269677
376.694095
2.000000
524.198335
337.908120
561.808978
389.622753
2.000000
544.178989
334.382122
592.367626
393.148751
2.000000
65.604940
320.668795
287.742799
467.585369
2.000000
397.048729
317.142797
502.828663
415.870734
7.000000
683.925393
258.528503
722.536792
275.316068
