9.000000
272.064041
374.864630
382.200820
498.987029
2.000000
1057.007120
465.771178
1279.028882
589.893580
2.000000
960.855962
455.281961
1086.726567
549.684912
2.000000
875.194024
455.281961
985.330804
528.706479
2.000000
822.747937
450.037352
917.150891
514.720857
2.000000
789.532084
457.030163
857.711995
507.728045
2.000000
758.064433
455.281961
812.258721
504.231639
2.000000
742.330607
455.281961
789.532084
509.476248
2.000000
707.366550
460.526569
763.309042
507.728047
2.000000
681.143508
464.022975
728.344985
498.987031
2.000000
665.409681
462.274772
705.618347
498.987030
2.000000
649.675857
465.771178
684.639914
500.735235
2.000000
639.186639
462.274772
677.647105
493.742422
2.000000
626.949219
462.274772
649.675857
490.246017
2.000000
1088.474771
453.533757
1154.906478
471.015786
2.000000
488.841194
453.533757
515.064235
464.022974
2.000000
451.473384
461.525551
467.207209
479.007579
9.000000
451.788160
446.992108
467.207211
458.029146
4.000000
244.092797
437.799932
261.574824
486.749612
