6.000000
488.961026
277.052171
500.547781
296.363428
6.000000
557.194137
280.914424
567.493474
297.650846
6.000000
181.268322
85.227012
230.190176
154.747540
6.000000
98.873623
77.502510
134.921303
131.574031
7.000000
334.470966
224.268068
356.357056
246.154160
7.000000
768.330552
239.717072
786.354392
268.040250
7.000000
772.192803
269.327668
783.779557
284.776675
2.000000
608.690823
319.536939
630.576915
334.985945
2.000000
618.990160
322.111771
652.463007
343.997865
2.000000
685.935853
327.261441
741.294791
363.309121
2.000000
459.350431
314.387269
486.386193
327.261441
2.000000
0.000000
282.201840
119.472297
378.758127
2.000000
917.670944
341.887267
1279.356148
605.343549
