9.000000
1116.446017
577.656160
1228.330999
626.605841
9.000000
632.193829
589.893580
742.330607
673.807317
2.000000
116.473988
607.375608
210.876942
649.332477
9.000000
98.991959
591.641784
182.905696
658.073491
2.000000
301.783490
631.850448
336.747547
654.577085
2.000000
362.970590
607.375608
446.884327
661.569897
2.000000
506.323223
614.368421
553.524701
649.332478
2.000000
448.632529
614.368421
490.589397
651.080681
9.000000
511.567832
579.404363
548.280091
617.864826
2.000000
584.992351
624.857638
616.460002
645.836071
6.000000
235.351782
519.965466
251.085607
561.922334
6.000000
490.589397
409.828687
506.323223
451.785555
6.000000
590.236960
525.210076
597.229770
549.684915
6.000000
403.179255
575.907957
413.668472
595.138188
6.000000
369.963401
591.641784
375.208009
607.375609
7.000000
614.711800
533.951089
633.942031
544.440306
6.000000
756.316230
509.476249
765.057243
533.951089
6.000000
765.057244
504.231641
779.042868
533.951089
6.000000
836.733561
551.433117
868.436814
567.166943
7.000000
231.855377
572.411550
259.826622
596.886391
7.000000
228.358970
598.634594
261.574824
617.864825
7.000000
237.099985
479.756800
266.819433
519.965466
9.000000
884.657616
549.011779
1150.429227
646.336594
