2.000000
206.802580
304.549553
226.764652
319.904993
2.000000
186.840507
304.549553
203.731492
316.833906
2.000000
185.304964
310.691729
205.267036
344.473697
2.000000
139.238644
301.478466
199.124860
364.435770
2.000000
60.925898
296.871833
153.058540
376.720121
2.000000
0.000000
269.232041
63.996990
387.468929
2.000000
242.120092
306.085097
252.868900
329.118257
2.000000
249.797812
307.620641
266.688796
332.189346
2.000000
266.688796
296.871833
309.684029
338.331521
2.000000
335.788278
310.691729
352.679262
326.047169
2.000000
351.143718
313.762817
363.428070
327.582712
2.000000
360.356982
307.620641
384.925686
332.189346
2.000000
381.854597
307.620641
404.887757
333.724889
2.000000
392.603404
312.227273
423.314284
335.260433
2.000000
438.669724
309.156186
475.522781
338.331521
2.000000
467.845061
306.085097
509.304749
341.402609
2.000000
497.020397
296.871833
566.119877
346.009241
2.000000
552.299981
312.227273
610.650653
353.686961
2.000000
584.546404
307.620641
690.498940
362.900226
2.000000
1166.517583
287.658569
1280.000000
378.255665
9.000000
916.223910
249.269969
1158.839864
356.758049
