6.000000
582.101583
369.305016
600.772766
386.877894
6.000000
707.308340
382.484673
724.881218
394.566027
6.000000
699.620206
428.613478
708.406645
435.203307
2.000000
621.640561
433.006697
642.508355
446.186356
2.000000
643.606658
433.006697
658.982928
446.186356
2.000000
658.982925
434.105002
668.867670
445.088051
2.000000
666.671060
434.105002
689.735462
453.874488
2.000000
688.637157
436.301612
702.915124
449.481270
2.000000
701.816816
436.301612
714.996474
448.382967
2.000000
713.898170
438.498222
723.782913
449.481271
2.000000
723.782913
440.694832
736.962572
453.874491
2.000000
738.060877
440.694832
768.813414
459.366013
2.000000
316.311803
395.664331
474.467707
495.610071
2.000000
583.199889
431.908394
620.542255
447.284664
6.000000
673.260889
423.121954
683.145634
429.711783
