6.000000
380.038505
273.328185
388.275793
293.546984
6.000000
587.468389
279.318942
595.705676
300.286583
6.000000
595.705676
279.318942
604.691808
300.286583
6.000000
584.473012
279.318942
588.966077
300.286583
6.000000
389.773482
272.579342
395.764237
294.295828
6.000000
374.796595
274.825875
382.285040
293.546984
7.000000
170.362089
304.030804
186.087821
312.268091
7.000000
231.767326
289.802762
267.711854
302.533116
7.000000
278.195675
279.318942
309.647137
288.305074
7.000000
681.073933
295.044672
743.228013
306.277336
7.000000
767.191032
232.141747
782.916765
256.104766
6.000000
159.129424
341.473021
184.590131
354.952219
4.000000
237.009236
366.184885
252.734967
405.124791
4.000000
256.479188
369.929107
265.465321
402.878258
2.000000
597.952211
384.905994
608.436032
397.636348
2.000000
603.194121
376.668706
643.631714
413.362079
2.000000
642.134028
377.417550
656.362070
386.403683
2.000000
636.143271
379.664082
672.836644
420.850522
2.000000
959.644029
364.687195
1095.933699
435.827409
2.000000
479.634804
370.677952
499.104758
417.106302
9.000000
410.741124
331.738045
481.881337
423.845899
9.000000
1086.198724
286.058540
1279.400565
441.818163
2.000000
1.123266
259.848988
192.078574
548.154062
2.000000
531.305062
363.938352
591.961454
420.850522
2.000000
663.850512
310.770405
882.513061
483.004603
2.000000
322.377491
336.979956
443.690275
442.567008
