7.000000
852.418940
336.149764
874.356424
353.024751
7.000000
730.919024
368.212242
746.106514
385.087230
2.000000
638.106587
388.462228
666.794068
415.462210
2.000000
536.856657
393.524724
555.419144
408.712214
2.000000
501.419181
395.212223
538.544156
444.149690
2.000000
449.106717
396.899721
516.606671
464.399675
2.000000
347.856787
390.149728
462.606708
496.462155
2.000000
49.169492
374.962237
374.856768
569.024604
2.000000
676.919062
393.524724
703.919043
417.149708
2.000000
692.106550
388.462228
715.731534
428.962201
2.000000
698.856546
395.212223
732.606523
437.399694
2.000000
712.356536
388.462228
779.856490
447.524688
2.000000
803.481474
393.524724
843.981446
427.274701
2.000000
1034.668815
393.524724
1242.231172
469.462172
2.000000
531.794161
381.712233
646.544083
479.587165
2.000000
730.919024
398.587221
822.043961
464.399675
2.000000
852.418940
405.337216
1178.106216
590.962089
2.000000
0.000000
374.962237
62.669484
658.462041
