6.000000
614.917882
237.884212
625.149461
250.673686
6.000000
673.749462
222.536842
683.981042
244.278948
6.000000
605.965251
253.231579
620.033672
263.463159
6.000000
598.291566
280.089475
614.917883
295.436844
2.000000
698.049462
299.273686
746.649462
327.410529
2.000000
800.365253
291.600002
828.502095
318.457897
2.000000
887.333673
278.810529
907.796831
294.157897
2.000000
809.317883
309.505266
877.102094
350.431582
2.000000
932.096831
285.205266
951.281042
299.273686
2.000000
659.681040
304.389475
730.023146
338.921055
2.000000
1177.654726
309.505266
1214.744200
337.642108
2.000000
604.686303
304.389475
668.633672
365.778949
2.000000
388.544197
313.342107
461.444197
365.778949
7.000000
857.917884
69.063158
918.028410
125.336842
7.000000
787.575779
152.194738
811.875779
185.447370
7.000000
889.891568
164.984211
919.307358
221.257896
7.000000
713.396829
245.557896
760.717883
257.068422
2.000000
754.323146
294.157896
781.181040
318.457896
7.000000
756.881040
260.905266
785.017883
280.089475
2.000000
237.073268
336.893592
268.267119
370.582951
2.000000
562.737073
303.204232
611.399481
336.893592
2.000000
937.063286
296.965462
1005.689758
319.425035
2.000000
329.407067
305.699740
420.493112
343.132362
