7.000000
478.633512
410.180307
506.481934
418.265333
7.000000
706.810906
418.265333
734.659325
426.350359
7.000000
760.711076
410.180307
772.389448
429.045367
2.000000
435.019301
455.007281
470.054410
493.635735
2.000000
397.289181
455.007281
448.494344
499.025754
2.000000
384.712474
463.990643
417.052577
505.314108
2.000000
258.047070
429.853868
387.407484
514.297470
2.000000
141.263366
447.820590
292.183846
546.637572
2.000000
522.157911
463.990643
540.124635
476.567351
2.000000
789.862096
467.583988
818.608855
499.924091
2.000000
934.045055
475.669013
1023.878674
523.280831
2.000000
1022.980339
473.872341
1155.934093
535.857540
2.000000
605.787397
453.210609
656.094223
491.689353
2.000000
817.794737
464.739266
880.678272
506.062730
2.000000
1160.060826
453.959231
1279.539541
543.792852
2.000000
498.585935
462.942593
523.739349
480.010980
2.000000
558.774460
460.247585
577.639519
471.925954
2.000000
0.009349
457.552576
166.201544
574.336281
6.000000
532.039609
402.005446
543.717981
414.582151
6.000000
680.265081
410.090472
691.943450
420.870508
6.000000
629.059918
440.633902
637.144944
446.023919
6.000000
550.904668
436.142221
558.091360
441.532239
