2.000000
645.415422
496.660922
670.378484
512.262836
2.000000
612.651402
490.420156
643.855230
520.063793
2.000000
573.646617
488.859965
620.452359
527.864751
2.000000
483.155517
499.781304
568.966044
548.147238
2.000000
421.864890
502.901689
489.396280
537.225900
7.000000
464.433217
434.253265
498.757428
468.577476
2.000000
199.200680
487.299775
405.145945
574.670493
2.000000
731.225947
485.739585
748.388053
502.901690
2.000000
748.388054
488.859965
788.953031
515.383217
2.000000
773.351115
463.896904
832.638389
545.026857
2.000000
804.554943
463.896904
932.490640
568.429728
7.000000
841.999540
421.771736
881.004325
459.216329
