2.000000
158.493588
378.930018
386.616140
499.052521
2.000000
2.003721
376.525557
210.289528
607.954233
2.000000
837.551396
371.215727
1013.878007
467.093321
2.000000
995.440338
328.989464
1276.460873
525.152819
7.000000
899.065350
286.358547
943.147003
323.827952
7.000000
906.779638
269.827927
928.820464
285.256507
7.000000
913.391887
323.827952
937.636796
333.746322
7.000000
219.105860
220.236068
246.656893
246.685061
7.000000
197.065034
243.378935
251.065058
294.072836
7.000000
208.085446
295.174878
237.840563
307.297333
4.000000
567.183934
388.653236
579.306388
416.204269
4.000000
802.837094
385.714459
819.367715
413.265492
