2.000000
253.356853
238.274832
275.294338
260.212317
2.000000
268.544343
253.462322
290.481826
280.462303
2.000000
391.731757
253.462322
408.606746
268.649810
2.000000
368.106773
246.712325
395.106754
280.462302
2.000000
1039.731311
229.837337
1102.168767
245.024825
2.000000
712.356536
236.587332
741.044018
245.024825
2.000000
749.481511
241.649828
773.106495
253.462320
2.000000
766.356500
238.274832
822.043961
255.149820
2.000000
793.356481
202.837355
811.918968
214.649847
2.000000
762.981501
204.524854
793.356480
214.649847
2.000000
423.794236
226.462338
482.856694
283.837300
2.000000
287.106829
226.462338
374.856769
300.712288
2.000000
489.606690
204.524854
687.044055
376.649736
7.000000
660.044072
179.212372
746.106513
226.462338
