2.000000
702.220258
365.657065
728.669232
389.461142
2.000000
662.546798
357.722373
683.705977
374.914206
2.000000
605.681504
359.044823
622.873337
374.914208
2.000000
638.502289
370.905533
696.930463
418.555012
2.000000
718.089644
359.044823
774.954938
410.620322
2.000000
818.595745
359.044823
978.612038
464.840719
2.000000
993.158972
345.820334
1178.301791
433.101949
4.000000
1098.514054
346.481559
1138.187516
444.342762
4.000000
1154.056901
362.350944
1189.763015
449.632557
0.000000
221.289741
394.089712
305.926458
446.987661
7.000000
555.188022
324.499606
584.281893
335.079195
7.000000
786.616543
314.040239
817.032862
324.619829
2.000000
621.074305
352.601288
637.832920
371.035765
6.000000
603.645329
320.089558
612.024637
336.848174
6.000000
776.259070
308.358527
784.638377
331.820589
6.000000
763.187344
310.034389
774.918375
328.468866
