2.000000
434.699848
410.399856
502.199825
464.399836
2.000000
452.249842
421.199852
490.049827
472.499833
2.000000
290.789911
413.099855
329.939898
456.299840
2.000000
258.389921
414.449855
271.889916
425.249850
2.000000
289.439911
419.849852
324.539899
461.699837
2.000000
265.139921
419.849852
315.089902
471.149834
2.000000
207.089940
413.099855
288.089912
498.149827
2.000000
153.899946
417.149854
263.249909
518.399817
2.000000
0.000000
292.679902
179.549938
591.029798
2.000000
743.201601
366.482684
1277.433221
718.832561
2.000000
464.669854
415.799853
555.119821
483.299831
2.000000
362.879877
418.499854
392.579869
441.449845
7.000000
589.409802
332.099884
616.409792
365.849872
7.000000
589.409802
368.549871
612.359794
382.049865
7.000000
590.759801
350.999877
612.359794
371.249870
7.000000
406.349858
392.849863
418.499854
411.749857
7.000000
971.729643
283.499901
1028.429625
326.699887
7.000000
927.989709
287.549899
954.989700
329.399885
