6.000000
487.919190
56.024956
519.981668
130.274905
6.000000
462.606708
261.899815
477.794198
288.899797
6.000000
735.981520
314.212279
747.794012
341.212260
6.000000
121.731943
228.149838
153.794420
263.587314
6.000000
165.606913
226.462339
195.981891
268.649810
6.000000
617.856601
273.712307
633.044091
297.337290
6.000000
739.356518
187.649866
764.669001
236.587333
6.000000
690.419052
231.524837
715.731534
270.337309
6.000000
712.356536
295.649792
730.919023
334.462264
6.000000
747.794012
304.087285
762.981502
329.399768
6.000000
798.418977
315.899778
815.293966
342.899759
6.000000
15.419516
20.587481
52.544490
89.774934
7.000000
491.294188
29.024975
514.919172
56.024956
7.000000
624.606597
253.462322
653.294077
273.712308
7.000000
617.856601
332.774765
649.919078
361.462245
7.000000
617.856601
364.837244
644.856583
391.837227
7.000000
140.294430
307.462284
177.419404
341.212260
7.000000
141.981929
347.962255
172.356909
380.024733
7.000000
1056.606300
307.462284
1081.918782
331.087267
4.000000
675.231562
358.087249
698.856546
401.962219
4.000000
644.856583
354.712250
661.731571
401.962218
4.000000
597.606616
349.649755
617.856602
398.587222
4.000000
584.106626
344.587258
600.981613
390.149727
5.000000
882.793918
351.337253
918.231395
422.212206
5.000000
91.356962
341.212260
120.044444
401.962219
3.000000
77.856972
346.274757
130.169436
410.399713
0.000000
886.168917
368.212242
935.106384
442.462191
2.000000
395.106755
356.399750
428.856732
388.462228
2.000000
342.794292
353.024752
405.231749
412.087212
2.000000
693.794049
364.837244
778.168992
401.962219
2.000000
899.668908
361.462245
982.356351
401.962218
2.000000
984.043850
374.962237
1056.606300
403.649717
2.000000
1026.231321
371.587239
1083.606281
408.712214
2.000000
1032.981316
376.649735
1157.856230
430.649698
1.000000
206.106884
310.837280
351.231785
386.774728
2.000000
226.356871
351.337253
374.856768
454.274683
2.000000
403.544249
320.962274
587.481622
477.899666
2.000000
759.606505
341.212260
901.356407
464.399677
1.000000
0.000000
260.212317
47.481995
408.712214
7.000000
23.857010
0.000000
54.231989
17.212484
