2.000000
1054.829162
238.509148
1269.387599
308.365384
6.000000
198.217054
151.117566
221.169817
169.080598
6.000000
707.169630
79.408005
727.128554
102.360768
6.000000
554.483857
262.032164
560.471534
270.015734
6.000000
583.424298
280.993143
593.403760
287.978766
6.000000
173.268398
255.901920
191.231430
274.862901
7.000000
183.247861
214.986125
219.173925
226.961479
7.000000
169.276612
193.031308
199.215002
204.008716
7.000000
641.305179
245.922457
654.278483
258.895761
7.000000
645.296964
261.889597
653.280533
269.873168
2.000000
427.744686
289.832092
492.611191
338.731457
2.000000
628.331878
270.871113
684.216866
320.768425
2.000000
481.010081
287.741172
502.964898
331.650806
2.000000
501.966952
290.735011
518.932038
328.656965
2.000000
516.936145
293.728850
530.907392
322.669293
2.000000
528.911500
290.735011
541.884801
312.689828
2.000000
540.886855
290.735011
555.856047
310.693935
2.000000
610.410462
285.745280
619.391977
304.706258
2.000000
619.391978
283.749387
630.369387
305.704201
2.000000
587.457699
291.732957
599.433054
300.714473
2.000000
573.486452
293.728842
586.459756
302.710357
7.000000
1034.537609
60.209421
1104.393844
97.133432
6.000000
884.180357
211.897251
897.153658
229.860286
