4.000000
302.399894
282.149901
357.749873
426.599852
4.000000
406.349858
295.649897
426.599850
333.449883
2.000000
749.249738
313.199890
773.549730
348.299878
2.000000
765.449732
310.499891
800.549719
376.649871
9.000000
761.399734
274.049904
815.399715
325.349885
2.000000
504.899823
244.349914
672.299765
291.599899
2.000000
782.999728
265.949907
1007.099649
452.249843
2.000000
290.249898
280.799902
853.199701
614.249785
4.000000
1214.324575
319.274888
1223.774570
343.574881
4.000000
1188.674585
316.574890
1207.574579
339.524881
4.000000
1173.824589
317.924889
1184.624583
342.224882
4.000000
1098.224617
316.574890
1114.424610
340.874882
4.000000
1080.674622
316.574890
1094.174616
340.874882
4.000000
1063.124627
319.274888
1072.574624
346.274878
4.000000
1041.524635
312.524891
1061.774627
381.374868
4.000000
1014.524645
319.274888
1022.624639
339.524880
7.000000
1053.306696
227.777315
1072.431693
245.777313
7.000000
1038.681698
200.777319
1062.306695
226.652315
7.000000
1034.181698
230.027315
1047.681697
240.152314
