2.000000
461.444196
434.842107
471.675775
452.747370
2.000000
451.212618
434.842107
464.002091
454.026318
2.000000
432.028407
432.284213
456.328407
456.584212
2.000000
428.191565
438.678949
449.933670
461.700002
2.000000
410.286303
438.678949
433.307356
468.094738
2.000000
379.591565
437.400002
415.402092
469.373687
2.000000
359.128407
434.842107
398.775776
486.000003
2.000000
261.928408
433.563160
387.265250
517.973688
2.000000
520.275777
425.889476
549.691566
450.189476
2.000000
538.181040
432.284213
575.270514
455.305266
2.000000
639.217882
419.494739
707.002092
455.305266
2.000000
694.212620
418.215792
758.159988
457.863160
2.000000
713.396830
358.105265
1049.759991
570.410529
2.000000
146.823142
442.515791
195.423143
484.721054
2.000000
0.000000
433.563160
226.117879
642.031582
