2.000000
120.859909
330.828392
416.864261
482.415397
2.000000
849.092067
308.295188
1279.271400
523.384856
2.000000
339.022284
323.658738
481.391158
428.130862
2.000000
463.979138
337.998048
510.069781
407.646131
2.000000
471.148794
339.022284
529.530276
390.234109
2.000000
514.166728
341.070756
550.015005
384.088691
2.000000
532.602984
333.901103
568.451261
373.846326
2.000000
559.233134
333.901103
580.742099
360.531251
2.000000
566.402789
330.828392
592.008702
358.482778
2.000000
780.468220
303.174006
981.218575
441.445934
2.000000
745.644178
303.174006
837.825464
418.912730
2.000000
711.844373
332.876865
770.225854
406.621894
2.000000
693.408115
327.755683
763.056199
389.209872
2.000000
675.996097
336.973810
702.626246
379.991745
2.000000
664.729494
336.973810
689.311170
373.846324
2.000000
650.390183
335.949574
668.826441
365.652433
2.000000
638.099347
334.925339
658.584076
361.555489
2.000000
597.129884
336.973810
617.614615
354.385830
6.000000
586.887518
305.222480
594.057174
320.586028
6.000000
636.050873
307.270951
641.172053
320.586025
