2.000000
2.495508
225.843482
49.910162
301.956478
2.000000
97.324815
182.172090
263.276103
326.911559
2.000000
343.132362
242.064284
404.272310
277.001397
2.000000
474.146536
253.294071
507.835895
280.744660
2.000000
546.516271
257.037333
575.214614
278.249152
2.000000
403.024556
249.550809
417.997604
269.514872
2.000000
578.957876
258.285087
602.665203
279.496906
2.000000
642.593332
262.028349
661.309643
275.753643
9.000000
791.076063
255.789579
875.923338
305.699740
9.000000
864.693552
188.410860
1199.091635
336.893592
9.000000
945.797564
232.082252
1026.901577
344.380116
9.000000
1015.671791
212.118187
1275.204632
370.582951
2.000000
1157.915752
245.807546
1273.956878
388.051507
