6.000000
483.200501
226.236809
497.020397
250.805512
6.000000
788.773758
209.345824
802.593653
233.914529
6.000000
229.835740
253.876601
242.120092
270.767585
6.000000
642.897077
289.194113
653.645887
304.549552
2.000000
635.219357
326.047169
656.716974
342.938153
2.000000
598.366301
321.440537
629.077181
341.402609
2.000000
564.584333
318.369449
587.617493
338.331521
2.000000
581.475317
335.260433
639.825989
358.293593
2.000000
145.380820
315.298361
269.759884
362.900225
2.000000
0.000000
279.980849
206.802580
510.312449
2.000000
320.432836
216.554331
593.759670
514.919081
4.000000
840.982254
319.904993
856.337693
367.506857
4.000000
865.550958
326.047169
880.906398
370.577945
4.000000
887.048574
315.298361
902.404014
365.971313
4.000000
902.404014
322.976081
914.688365
375.184577
6.000000
1000.678832
157.137328
1022.176448
187.848208
1.000000
928.508262
169.421680
1280.000000
508.776905
1.000000
653.645887
217.023544
804.129199
402.824368
