6.000000
203.931801
0.000000
236.556797
41.027339
6.000000
568.431757
408.902294
578.556756
426.902290
6.000000
527.931763
404.402293
536.931759
423.527291
2.000000
543.681760
440.402290
552.681756
455.027289
2.000000
532.431762
437.027289
544.806759
451.652286
2.000000
524.556762
435.902289
538.056759
452.777289
2.000000
516.681763
434.777289
532.431762
456.152287
2.000000
505.431763
437.027289
526.806761
461.777284
2.000000
487.431769
434.777289
527.931764
477.527284
2.000000
473.931768
440.402290
497.556765
488.777284
2.000000
359.181782
413.402291
480.681766
511.277280
2.000000
570.681756
433.652289
584.181755
453.902285
2.000000
583.056756
434.777289
592.056752
455.027289
2.000000
583.056756
437.027289
604.431753
457.277285
2.000000
596.556753
433.652289
619.056749
458.402286
2.000000
608.931752
434.777289
632.556750
464.027285
2.000000
622.919098
443.777287
651.681744
469.652284
2.000000
652.806746
442.652287
691.056740
482.027285
2.000000
687.681743
423.527291
818.181723
518.027278
6.000000
30.681824
322.277303
64.431821
354.902299
6.000000
1213.056676
351.527300
1252.431671
387.527293
7.000000
0.000000
282.902307
22.806825
312.152304
7.000000
0.000000
231.152315
27.306826
260.402312
