6.000000
464.317169
323.802365
474.296633
347.753073
6.000000
573.093310
325.798257
582.074826
343.761289
6.000000
408.432183
373.699676
416.415752
381.683245
2.000000
456.333602
396.652438
491.261721
423.596986
2.000000
339.573891
394.656546
415.417804
449.543589
2.000000
493.257611
383.679139
833.557274
676.077384
2.000000
584.070718
371.703784
664.904364
386.672975
7.000000
778.670233
383.679139
799.627102
395.654494
7.000000
287.680690
392.660652
301.651937
421.601095
6.000000
473.026512
328.324307
480.012135
347.285286
6.000000
462.049103
326.328415
468.036780
348.283234
6.000000
567.831404
325.330469
573.819081
342.295556
6.000000
579.806759
327.326361
589.786220
343.293502
