6.000000
436.841789
229.146541
451.818687
245.621129
6.000000
625.550705
256.104958
639.029912
269.584165
6.000000
430.851029
284.561065
441.334858
296.542582
6.000000
397.901854
295.044894
412.878753
307.026413
6.000000
364.952676
286.058755
379.929576
301.035654
6.000000
366.450367
274.077236
381.427264
286.058753
6.000000
502.740140
289.054133
514.721659
301.035652
7.000000
317.026603
242.625750
345.482710
257.602648
7.000000
342.487330
176.727398
364.952676
188.708915
7.000000
320.021984
260.598028
342.487332
280.067994
7.000000
384.422644
319.007930
402.394922
326.496379
7.000000
397.901854
305.528723
415.874131
317.510240
2.000000
415.874133
327.994069
445.827928
372.924763
2.000000
290.068187
326.496379
342.487330
353.454796
2.000000
345.482710
330.989449
363.454988
348.961727
2.000000
366.450367
330.989449
387.418025
347.464037
2.000000
379.929576
332.487139
400.897232
347.464037
2.000000
264.607460
329.491759
288.570497
347.464037
2.000000
53.433195
308.524103
81.889302
345.966349
2.000000
0.000000
298.040274
59.423957
377.417834
2.000000
156.773793
314.514862
239.146734
366.934005
2.000000
412.878751
299.537962
667.486019
480.758428
2.000000
248.132873
329.491759
272.095909
348.961727
4.000000
143.294584
319.007930
152.280723
350.459415
4.000000
134.308449
317.510240
143.294586
344.468657
4.000000
125.322306
319.007930
137.303825
348.961727
4.000000
116.336167
314.514862
126.819996
344.468657
4.000000
117.833858
311.519481
125.322306
347.464037
6.000000
267.602840
272.579545
281.082048
292.049513
