2.000000
640.497009
458.374857
659.937015
474.745387
2.000000
663.006490
461.444331
686.539127
479.861179
2.000000
591.385417
447.120118
638.450693
501.347500
2.000000
566.829622
455.305382
606.732791
511.579080
2.000000
528.972770
451.212750
594.454892
538.181195
2.000000
344.804301
412.332739
531.019086
573.991729
1.000000
0.000000
344.804301
250.673749
499.301183
2.000000
1.023158
421.541163
399.031683
719.280187
2.000000
757.137040
432.795902
925.958135
566.829622
3.000000
1122.404504
418.471688
1278.947703
630.265428
