7.000000
591.632448
31.620945
676.871519
71.490830
7.000000
485.771025
57.742595
685.120459
145.731310
7.000000
239.677587
87.988715
417.029842
151.230606
7.000000
436.277375
152.605429
480.271731
170.478135
7.000000
709.409018
297.878460
723.157254
319.875641
7.000000
742.404787
307.273092
760.277491
315.522035
7.000000
738.280314
316.896857
757.527844
330.645094
2.000000
582.466974
323.083565
592.090737
346.455567
2.000000
560.469793
320.333917
586.591443
351.954859
2.000000
554.970499
325.833210
581.092148
358.828981
2.000000
521.974732
309.335329
561.844619
367.077924
2.000000
413.363660
307.960504
462.857312
339.581449
2.000000
384.492364
310.710151
453.233547
372.577218
2.000000
692.452867
329.957684
719.949340
362.953453
2.000000
184.226373
267.632349
406.947807
422.070868
2.000000
453.691815
306.585680
533.431587
375.326865
2.000000
582.925242
302.461209
681.912547
408.322632
2.000000
679.162898
318.959092
701.160077
384.950628
