2.000000
436.027036
258.467749
468.976182
285.925372
2.000000
481.057535
259.474527
497.532106
270.457576
2.000000
352.555865
247.393174
451.403305
318.782993
3.000000
855.579500
218.562669
1132.352326
431.633816
0.000000
705.111731
273.477913
788.582900
347.064341
0.000000
696.325292
266.888084
729.274438
331.688072
0.000000
593.084632
263.593170
622.738864
306.427061
0.000000
578.806671
264.691474
597.477854
302.033840
2.000000
0.686425
181.220314
53.405058
432.732131
5.000000
341.572817
260.298256
351.457559
282.264353
5.000000
314.115193
261.396562
321.803328
282.264353
5.000000
305.328756
259.199952
313.016891
282.264353
0.000000
340.474511
277.871135
354.752474
294.345706
0.000000
300.935536
282.264353
328.393160
300.935534
0.000000
295.444014
277.871135
320.705023
299.837232
7.000000
264.691474
195.717935
292.149098
224.273864
7.000000
778.698157
66.117955
832.515096
146.294210
7.000000
556.840574
240.748428
568.921928
246.239950
7.000000
503.023634
234.158596
512.908377
250.633169
