2.000000
603.568995
312.418093
621.541273
331.888060
2.000000
629.029722
312.418093
649.997380
330.390371
2.000000
614.052824
318.408852
645.504311
342.371889
2.000000
645.504310
321.404232
664.974277
355.851097
2.000000
658.983518
309.422713
694.928074
357.348787
2.000000
681.448865
312.418093
727.877249
364.837236
2.000000
702.416523
301.934264
766.817184
372.325685
2.000000
733.868009
302.533342
795.273292
387.302583
2.000000
753.337976
285.459676
871.655471
391.795653
2.000000
810.250189
289.952746
991.470657
415.758690
2.000000
932.162131
289.952757
1213.727815
475.666294
2.000000
576.985001
312.268326
596.454968
328.742914
2.000000
560.510413
315.263706
578.482690
330.240604
2.000000
548.528894
316.761396
566.501172
331.738294
2.000000
538.045065
319.756775
553.021964
333.235983
2.000000
527.561237
318.259085
541.040445
336.231362
2.000000
514.082028
319.756775
530.556616
336.231363
2.000000
494.612061
322.752155
515.579718
339.226743
2.000000
475.142093
327.245224
488.621302
345.217502
2.000000
464.658265
327.245224
479.635163
346.715192
2.000000
454.174436
331.738294
473.644404
349.710571
2.000000
440.695228
328.742914
460.165195
354.203641
2.000000
413.736811
328.742914
449.681366
358.696710
2.000000
385.280705
325.747534
421.225260
367.682849
2.000000
341.847700
330.240604
400.257603
373.673608
2.000000
223.530205
333.235983
307.400834
396.138956
2.000000
69.268154
318.259085
232.516343
423.097372
2.000000
0.374422
313.766016
76.756603
442.567340
7.000000
665.988330
295.044893
679.467538
310.021791
7.000000
670.481400
281.565685
685.458298
287.556444
7.000000
442.832548
287.556444
456.311756
295.044892
6.000000
517.639019
277.714474
532.615917
292.691373
6.000000
607.500408
283.705234
617.984236
295.686752
6.000000
468.215255
304.672891
478.699084
316.654411
6.000000
640.449584
294.189062
652.431101
306.170582
