7.000000
574.629252
148.271291
655.504502
173.732016
7.000000
661.495261
154.262050
700.435196
185.713536
7.000000
788.798895
173.732018
827.738831
190.206606
7.000000
814.259622
196.197367
853.199557
211.174264
6.000000
824.496141
242.625750
860.688007
268.086477
6.000000
520.712417
149.768980
540.182385
188.708915
6.000000
475.781725
316.012550
481.772484
329.491759
6.000000
436.841789
324.998691
457.809446
335.482518
6.000000
375.436509
341.473277
387.418027
360.943245
6.000000
369.445746
330.989450
384.422644
338.477899
6.000000
406.887993
353.454797
418.869512
363.938626
2.000000
483.270173
350.459415
514.721658
369.929383
2.000000
436.841789
362.440935
468.293275
381.910903
2.000000
385.920334
369.929385
418.869511
393.892423
2.000000
176.243761
380.413212
233.155973
444.813874
2.000000
218.179075
335.482518
402.394924
474.767671
2.000000
516.219349
326.496379
586.610770
398.385491
4.000000
606.080737
319.007930
659.997572
395.390111
2.000000
577.624631
302.533342
695.942126
413.362390
7.000000
768.553650
215.778171
789.532084
264.727850
4.000000
76.265323
415.073295
107.732974
464.022975
