6.000000
462.618152
200.044345
478.351978
226.267390
6.000000
681.143510
191.303332
696.877335
219.274576
6.000000
474.855572
198.296143
488.841195
228.015591
6.000000
415.416675
269.972459
427.654094
283.958083
6.000000
427.654094
269.972459
439.891514
287.454487
6.000000
371.711604
245.497619
387.445429
269.972459
6.000000
348.984969
248.994027
364.718795
271.720663
6.000000
221.366160
170.324898
237.099986
198.296141
6.000000
205.632334
163.332083
219.617956
198.296139
6.000000
27.315644
170.324898
44.797672
203.540752
6.000000
100.740162
278.713472
112.977582
296.195502
6.000000
773.798260
269.972459
787.783884
283.958083
7.000000
404.927458
236.756604
431.150501
248.994023
7.000000
364.718793
191.303332
390.941838
236.756605
7.000000
446.884326
243.749416
471.359167
268.224255
7.000000
586.740555
289.202690
602.474380
303.188313
7.000000
605.970787
262.979647
619.956410
276.965270
7.000000
765.057244
235.008401
784.287474
247.245821
7.000000
756.316230
243.749416
779.042867
255.986836
7.000000
1084.978367
208.785358
1118.194220
255.986834
7.000000
890.927846
247.245823
915.402687
264.727851
2.000000
558.769306
301.440109
572.754929
311.929326
9.000000
539.539077
294.447298
560.517512
317.173935
2.000000
518.560645
301.440109
531.368124
315.425733
1.000000
637.438437
273.468866
702.121942
334.655965
2.000000
817.503330
285.706283
929.388314
362.627210
2.000000
882.186835
290.950894
1039.525091
374.864631
9.000000
1023.791266
268.224257
1277.280679
425.562513
4.000000
794.776693
292.699096
812.258721
338.152369
4.000000
786.035680
297.943703
800.021303
331.159559
4.000000
773.798260
292.699096
787.783884
324.166748
4.000000
819.251534
289.202690
845.474577
317.173935
4.000000
987.079007
273.468866
1009.805644
297.943706
2.000000
574.503135
301.440109
588.488759
313.677529
2.000000
583.244148
299.691907
602.474379
315.425733
2.000000
361.222386
303.188313
387.445431
324.166746
2.000000
331.502939
304.936516
364.718795
324.166746
2.000000
312.272707
310.181124
334.999343
324.166748
2.000000
291.294274
304.936516
317.517317
327.663152
2.000000
256.330216
304.936516
303.531692
339.900572
2.000000
209.128739
299.691907
265.071231
338.152369
2.000000
128.711409
304.936516
221.366160
355.634396
2.000000
1.092601
311.929326
64.027902
364.375411
4.000000
86.754540
322.418544
102.488366
355.634399
4.000000
100.740162
322.418544
114.725786
360.879008
4.000000
133.956018
304.936516
149.689844
334.655963
2.000000
380.452619
304.936516
408.423864
320.670339
2.000000
404.927458
303.188313
432.898703
318.922139
2.000000
425.905894
303.188313
448.632532
318.922139
