6.000000
479.999807
258.025206
493.366889
272.607479
6.000000
349.164413
264.101152
362.126435
279.898614
6.000000
105.721478
75.746799
126.379697
97.620207
7.000000
895.618508
139.285153
963.014550
186.087959
6.000000
880.641610
190.581029
928.942106
244.497862
7.000000
584.911159
311.898606
604.354189
336.202394
5.000000
693.873137
452.860576
763.138930
559.797241
5.000000
692.657946
357.265678
777.721205
464.202345
4.000000
811.747879
362.815357
844.697054
499.105130
2.000000
395.390111
397.786424
415.594769
413.164388
9.000000
497.233018
373.823387
533.177575
394.791044
9.000000
295.291021
372.658076
379.139086
441.219427
2.000000
492.151700
395.390111
545.159092
437.325426
2.000000
408.303631
394.791044
456.795393
430.735599
2.000000
1229.369863
352.855729
1279.626166
406.772562
2.000000
1191.102136
358.846488
1270.640029
421.749461
2.000000
1105.894149
367.832627
1146.711573
399.515071
2.000000
1114.566682
372.325697
1233.961992
437.782799
2.000000
903.328828
370.431598
1030.377684
437.782798
7.000000
718.891110
262.095717
738.012247
286.242600
6.000000
398.385490
1.123267
440.320805
80.500827
2.000000
383.408592
399.284113
393.892421
412.763322
4.000000
473.269981
396.887801
483.753811
420.850838
6.000000
473.269981
360.943245
480.758430
372.924764
2.000000
849.564547
368.806117
885.509102
424.220640
6.000000
895.618508
215.667333
939.051513
265.091097
7.000000
928.567684
186.612154
964.512240
210.575191
2.000000
1092.414941
372.325697
1108.889529
397.786424
