7.000000
1124.096247
159.682835
1278.013764
311.491892
7.000000
354.362148
256.671955
406.165909
299.460970
7.000000
312.339478
314.654582
326.044462
335.739173
7.000000
301.797183
287.244613
336.586758
311.491893
7.000000
354.508659
244.021201
393.042523
260.780595
2.000000
157.367732
366.311831
184.777701
396.884488
2.000000
1.341755
332.576484
172.126945
447.487506
2.000000
206.916522
348.389928
287.037969
415.860620
2.000000
432.521649
359.986453
514.751556
406.372554
7.000000
575.896871
352.606846
598.035692
376.854126
