2.000000
515.598009
281.322046
527.344231
290.131714
2.000000
496.020970
278.385492
507.767193
288.174011
2.000000
567.477159
273.491231
587.054195
290.131713
2.000000
574.329122
274.470083
588.033050
294.047121
2.000000
583.138790
272.512380
609.567791
298.941381
2.000000
594.885013
273.491231
622.292866
301.877935
2.000000
610.546642
270.554675
661.446943
312.645307
2.000000
457.845747
274.470083
487.211304
298.941381
2.000000
408.740587
274.078534
459.640888
310.296054
2.000000
329.453584
278.972793
350.009473
297.570979
2.000000
335.326696
279.951646
388.184698
313.232610
2.000000
249.187727
268.205422
339.242103
324.978831
2.000000
116.809657
275.383679
158.900288
290.066458
2.000000
159.879139
251.891234
260.700887
326.283978
2.000000
122.682766
285.172198
185.329290
336.072499
2.000000
0.000000
250.977630
125.036097
350.820525
2.000000
527.344231
275.057385
567.477160
307.359498
