2.000000
116.544358
390.330817
396.664121
566.362362
3.000000
364.519230
424.006418
442.585393
468.396981
2.000000
390.541284
413.291452
454.831066
465.335562
2.000000
441.054685
410.230036
519.120849
480.642653
2.000000
516.059429
425.537126
548.204321
456.151308
2.000000
522.182266
419.414289
558.919283
456.151308
2.000000
539.020066
417.883579
572.695666
457.682016
2.000000
572.695666
368.900890
809.955572
575.546616
4.000000
826.793375
413.291452
851.284718
460.743435
2.000000
837.508337
397.984362
914.043792
460.743435
2.000000
941.596557
396.453654
1120.689520
468.396981
2.000000
1252.330500
437.782800
1278.352555
495.949744
6.000000
955.372937
326.041035
985.987119
355.124509
6.000000
927.820176
327.571745
950.780811
353.593799
6.000000
923.228047
203.584308
946.188684
247.974872
2.000000
0.244782
431.434589
36.593831
537.789210
