6.000000
635.619557
300.137041
641.610316
313.616249
6.000000
596.679621
297.141661
605.665758
312.118558
6.000000
692.531771
328.593144
706.010978
339.076971
6.000000
532.278961
328.593144
542.762790
342.072352
7.000000
517.639019
279.212164
532.615915
304.672891
2.000000
560.735066
343.570046
578.707343
366.035394
2.000000
532.278961
337.579287
565.228138
367.533084
2.000000
527.785890
339.076975
548.753550
375.021531
2.000000
505.320544
334.583907
532.278961
378.016913
2.000000
427.440672
322.602387
511.311301
389.998430
2.000000
270.183241
319.607002
387.003046
351.058487
2.000000
297.141659
336.081595
352.556181
381.012289
2.000000
202.787201
325.597766
285.160140
367.533080
2.000000
638.614937
343.570044
649.098764
357.049251
2.000000
641.610316
345.067732
656.587213
367.533080
2.000000
650.596455
336.081595
665.573352
375.021531
2.000000
655.089525
336.081595
686.541010
375.021531
2.000000
659.582593
337.579283
709.006357
382.509976
2.000000
677.554871
340.574663
707.508666
392.993807
2.000000
689.536389
327.095454
789.881608
410.966085
2.000000
731.471705
334.583907
866.263788
458.892161
2.000000
787.784841
324.100079
1130.755810
551.748932
2.000000
316.611627
339.076975
446.910640
425.942984
9.000000
349.897760
316.654410
442.754528
339.119756
2.000000
0.936033
339.119758
303.469376
517.344848
2.000000
971.439033
234.709392
1278.465445
718.891121
