6.000000
546.463143
75.004746
564.831653
120.926019
6.000000
955.468607
73.474036
978.429242
116.333892
6.000000
1009.043424
146.948071
1027.411933
176.031546
6.000000
537.278889
82.658291
554.116687
119.395307
6.000000
246.444161
194.400054
286.242598
226.544945
6.000000
936.793960
73.474036
959.754595
119.395309
6.000000
1004.145161
214.299272
1031.697925
237.259908
9.000000
557.178108
209.707145
626.060015
280.119763
2.000000
469.927690
254.097708
499.011163
300.018980
2.000000
414.822162
243.382745
486.765488
307.672526
2.000000
483.704072
244.913454
569.423780
319.918200
2.000000
741.475483
241.852036
778.212501
301.549689
2.000000
381.146562
257.159125
476.050527
326.041034
2.000000
550.442997
200.522890
787.702906
436.252090
2.000000
793.825740
208.176436
982.102959
370.431599
2.000000
1025.881249
263.029580
1279.192760
563.607082
7.000000
269.404798
166.847290
316.856779
186.746507
7.000000
993.124084
176.031546
1020.676848
189.807926
4.000000
226.544945
235.729200
257.159125
306.141818
