6.000000
623.760034
284.737749
634.002399
293.955878
6.000000
575.620918
279.616567
587.911757
290.883168
6.000000
641.172054
285.761986
651.414419
294.980115
7.000000
669.850677
287.810459
681.117279
304.198243
7.000000
1103.102720
222.259322
1147.144892
238.647106
2.000000
631.749066
296.209199
645.064141
308.500038
2.000000
613.312809
297.233436
631.749066
308.500037
2.000000
598.973498
294.160726
618.433991
307.475801
2.000000
581.561477
297.233436
599.997735
304.403089
2.000000
563.125220
296.209199
578.488769
304.403090
2.000000
545.713199
295.184963
562.100983
304.403091
2.000000
514.986104
291.088016
533.422363
305.427328
2.000000
439.192602
276.748705
521.131521
337.178659
2.000000
340.865898
281.869888
384.908067
303.378852
2.000000
266.096632
285.966834
289.654072
298.257673
2.000000
226.151409
271.627523
265.072396
294.160725
2.000000
12.973301
259.466019
78.837752
286.410567
