2.000000
505.813879
421.199853
526.063871
442.799845
2.000000
523.363873
426.599852
542.263866
450.899843
2.000000
536.863868
421.199853
586.813850
460.349839
2.000000
561.163859
431.999849
615.163840
475.199834
2.000000
598.963846
394.199861
770.413786
512.999819
2.000000
441.013901
422.549852
451.813897
438.749845
2.000000
431.563905
421.199853
442.363901
440.099845
2.000000
415.363910
417.149854
431.563905
440.099847
2.000000
388.363920
423.899852
420.763907
448.199843
2.000000
343.813935
404.999858
392.413917
453.599840
2.000000
270.913961
404.999858
360.013930
464.399837
2.000000
0.000000
394.199861
53.564037
538.649810
2.000000
724.513801
372.599870
1271.263611
614.249785
2.000000
471.651028
421.740866
484.128569
432.970653
