7.000000
455.430226
152.225993
512.826912
169.694551
7.000000
686.264723
281.992415
699.990018
296.965462
6.000000
44.919145
255.789579
62.387701
291.974446
6.000000
351.866640
118.536635
375.573967
164.703535
6.000000
706.228788
294.469953
724.945099
306.947493
6.000000
61.139948
257.037333
77.360750
294.469953
6.000000
42.423636
308.195249
62.387701
328.159312
6.000000
945.797564
213.365941
965.761629
255.789579
6.000000
989.468956
213.365941
1011.928529
250.798563
6.000000
953.284089
275.753644
970.752645
296.965462
6.000000
571.471352
122.279895
590.187662
167.199040
6.000000
706.228788
242.064284
722.449590
280.744661
6.000000
561.489319
280.744659
570.223599
293.222200
5.000000
157.217009
326.911558
188.410860
395.538032
0.000000
155.969255
356.857656
195.897388
403.024556
9.000000
270.762626
296.965462
424.236375
386.803752
2.000000
425.484128
334.398083
456.677980
361.848672
2.000000
481.633060
340.636854
507.835896
358.105410
2.000000
470.403273
340.636854
486.624076
359.353163
2.000000
504.092634
330.654820
520.313436
343.132361
2.000000
465.412258
335.645836
486.624076
343.132362
2.000000
481.633060
326.911558
496.606109
338.141345
2.000000
0.000000
459.173488
132.261929
718.706330
