6.000000
179.106903
253.462322
192.606894
290.587295
6.000000
133.544434
71.212446
158.856916
131.962404
6.000000
140.294430
344.587258
158.856918
363.149745
6.000000
175.731905
344.587258
189.231896
361.462245
6.000000
948.606374
187.649866
967.168861
228.149839
6.000000
1036.356314
314.212279
1058.293799
334.462265
6.000000
104.856954
74.587444
131.856936
133.649903
6.000000
924.981390
192.712361
948.606374
229.837337
6.000000
162.231915
79.649940
179.106903
137.024901
6.000000
730.919025
339.524762
741.044017
354.712250
7.000000
152.106923
317.587277
187.544398
332.774765
7.000000
157.169418
226.462339
190.919395
255.149820
7.000000
968.856360
212.962349
1022.856322
229.837337
7.000000
1016.106329
287.212297
1038.043811
334.462264
7.000000
1007.668834
273.712307
1044.793809
283.837299
7.000000
1027.918819
250.087323
1058.293800
266.962310
7.000000
1014.418829
214.649847
1043.106309
241.649829
7.000000
1009.356332
165.712381
1027.918820
196.087360
4.000000
334.356797
374.962237
374.856769
439.087193
4.000000
120.044444
378.337235
150.419423
435.712196
4.000000
1134.231246
347.962255
1162.918728
393.524723
4.000000
1110.606262
344.587258
1135.918745
393.524724
4.000000
1083.606281
349.649755
1115.668759
412.087213
4.000000
1073.481287
359.774748
1092.043775
422.212206
4.000000
1061.668796
354.712250
1083.606281
417.149708
4.000000
1043.106309
353.024752
1065.043794
422.212204
4.000000
923.293891
358.087249
955.356369
388.462228
4.000000
901.356407
356.399750
914.856397
383.399732
4.000000
887.856416
356.399750
906.418903
388.462228
4.000000
869.293928
358.087249
884.481417
381.712233
4.000000
855.793938
361.462245
867.606431
381.712233
4.000000
842.293947
359.774748
859.168936
380.024734
4.000000
833.856453
361.462245
845.668946
383.399730
4.000000
820.356462
354.712250
835.543952
376.649735
4.000000
803.481475
358.087249
818.668963
381.712233
4.000000
793.356481
359.774748
805.168973
380.024734
4.000000
761.294003
356.399750
784.918987
408.712214
2.000000
503.106680
368.212242
536.856658
395.212223
2.000000
452.481715
373.274738
508.169178
408.712214
9.000000
516.606670
337.837263
579.044128
380.024734
2.000000
401.856750
385.087230
469.356704
428.962201
2.000000
683.669056
366.524743
703.919042
383.399730
2.000000
651.606578
369.899740
678.606561
383.399730
2.000000
707.294039
368.212242
732.606522
381.712233
2.000000
482.856694
349.649755
739.356518
447.524688
5.000000
747.404672
365.591935
757.386704
380.564983
0.000000
748.652426
373.078459
753.643442
390.547015
