2.000000
0.000000
311.938511
114.793372
401.776802
2.000000
1136.703933
378.069475
1276.452386
581.453384
2.000000
741.165901
363.096426
940.806548
480.385306
6.000000
605.160711
116.041126
622.629267
167.199042
6.000000
1035.635855
0.000000
1075.563986
62.387702
6.000000
996.955480
2.495508
1049.361150
87.342783
6.000000
587.692154
122.279896
611.399481
177.181074
7.000000
598.921941
294.469954
621.381512
320.672789
7.000000
616.390497
249.550809
652.575364
267.019365
7.000000
601.417449
361.848672
612.647235
376.821721
7.000000
1020.662807
303.204232
1054.352166
345.627870
7.000000
1024.406069
268.267119
1053.104412
303.204232
7.000000
1129.217409
187.163106
1236.524255
247.055300
7.000000
1098.023558
102.315832
1276.452386
212.118186
7.000000
1136.703933
81.104013
1169.145538
145.987223
2.000000
330.654821
388.051507
384.308245
399.281294
2.000000
521.561190
351.866640
560.241565
364.344180
2.000000
446.695947
340.636854
470.403274
351.866640
