2.000000
557.578516
366.702395
589.880628
415.155564
2.000000
564.919905
363.765839
666.231079
438.648010
2.000000
897.117772
391.663118
914.737106
406.345898
1.000000
198.217511
193.078538
568.223532
430.939552
2.000000
92.501505
317.882156
516.833806
543.996945
2.000000
607.867033
352.974010
908.863993
601.259781
2.000000
663.276174
331.243483
722.007289
376.760097
9.000000
868.633233
383.807844
892.125679
399.958903
2.000000
862.760122
389.680956
874.506343
399.958901
2.000000
0.000000
363.545594
77.139635
498.627157
7.000000
562.350419
293.655571
624.018089
362.664631
