2.000000
400.001135
356.830313
453.283490
408.498052
2.000000
643.808273
348.757228
671.256759
371.361864
2.000000
719.695262
335.840295
835.947671
445.634238
2.000000
782.665316
330.996444
1045.847856
498.593674
2.000000
272.446408
343.055614
398.516798
425.401070
2.000000
495.263526
368.132632
522.712011
382.664183
2.000000
656.725208
350.371846
714.851413
389.122650
2.000000
546.931263
343.913380
659.954439
432.717304
2.000000
903.761578
287.401790
1278.352677
687.826757
7.000000
372.976481
190.524783
408.498050
221.202502
6.000000
465.009639
193.754015
474.697340
222.817118
6.000000
477.926575
193.431095
490.843508
225.723430
7.000000
361.674163
258.015767
387.508032
270.932700
6.000000
216.358651
182.128777
232.504819
217.650347
6.000000
184.066316
193.431095
209.900184
217.650347
6.000000
634.544404
233.796518
644.232103
264.474237
6.000000
658.117818
222.494201
677.493219
233.796518
