7.000000
197.807071
182.943894
241.732914
214.480400
7.000000
990.885794
278.679707
1020.169688
300.079478
7.000000
789.277433
348.510539
803.919381
362.026184
2.000000
658.899383
396.083464
683.678066
424.241056
2.000000
612.720931
384.820427
663.404598
424.241056
2.000000
707.037145
374.495979
752.089294
421.800736
2.000000
691.268894
375.622282
744.205167
421.800732
2.000000
748.710382
386.885320
796.015138
427.432254
2.000000
812.909694
354.222513
942.434618
452.210933
2.000000
274.536526
353.096210
445.734688
422.927038
