2.000000
0.638938
248.870265
233.854971
553.967952
2.000000
302.541885
259.253164
374.423538
301.583472
2.000000
406.370941
252.064999
487.038131
310.369009
2.000000
528.569753
255.259739
594.860613
306.375582
1.000000
602.847462
222.833128
668.339636
289.922670
2.000000
353.657728
257.975270
383.209077
289.123986
2.000000
510.998682
247.592364
535.757918
274.747655
2.000000
534.959233
257.176584
543.744768
269.955543
2.000000
542.147399
251.585789
582.880334
258.773955
2.000000
459.882839
233.216033
513.394737
289.922671
4.000000
868.809582
241.202884
888.776709
293.117411
4.000000
255.898688
255.579214
265.482908
279.539766
4.000000
399.661997
248.391049
407.648848
276.345027
4.000000
670.735715
253.183159
685.271769
277.942398
4.000000
770.571346
242.800254
776.162142
251.585789
2.000000
266.281594
264.364750
288.644775
282.734506
4.000000
935.100441
230.819978
962.255734
292.318726
4.000000
1017.365000
223.631813
1050.111085
312.285853
2.000000
968.645213
234.813403
1022.955796
272.351600
6.000000
692.779403
213.248907
700.766254
221.235758
7.000000
1011.634469
188.489677
1027.608170
211.651543
2.000000
66.790025
256.377906
102.730851
279.539772
7.000000
405.432484
241.887474
412.620649
250.673010
7.000000
423.802240
245.082214
432.587775
253.867750
