7.000000
1043.674062
48.113704
1135.806703
147.924064
7.000000
1221.797167
31.222720
1278.612296
94.180024
7.000000
1209.512815
92.644480
1280.000000
169.421679
7.000000
1077.456030
155.601784
1108.166911
180.170487
7.000000
1077.456030
178.634944
1112.773543
223.165721
7.000000
1080.527118
227.772353
1115.844631
290.729657
7.000000
1026.783078
212.416912
1059.029502
227.772352
7.000000
1026.783078
224.701265
1069.778310
243.127793
7.000000
748.849613
273.838673
767.276142
296.871833
7.000000
724.280909
283.051937
748.849612
301.478465
6.000000
632.148269
307.620641
639.825989
322.976080
6.000000
586.081949
307.620641
595.295213
321.440536
6.000000
599.901845
315.298361
610.650653
330.653800
2.000000
619.863917
336.795977
635.219357
352.151416
1.000000
626.006093
332.189345
645.968166
350.615874
2.000000
558.442157
338.331521
583.010861
355.222505
2.000000
516.982469
338.331521
540.015629
361.364680
2.000000
478.593869
341.402609
521.589101
369.042402
7.000000
352.679262
278.445305
400.281126
322.976080
7.000000
298.935220
287.658569
334.252732
319.904993
4.000000
263.617708
341.402609
278.973147
390.540018
4.000000
285.115324
341.402609
303.541852
395.146649
4.000000
991.465568
295.336289
1029.854168
376.720121
2.000000
647.503709
332.189345
665.930240
347.544785
2.000000
661.323607
322.976081
693.570031
353.686961
2.000000
675.143503
329.118257
702.783295
358.293593
2.000000
695.105573
322.976081
718.138732
364.435769
2.000000
702.783293
324.511625
767.276141
373.649033
2.000000
1125.057895
276.909761
1280.000000
375.184577
2.000000
877.194733
319.342793
926.094098
339.301717
2.000000
838.274830
325.330470
859.231701
338.303771
