2.000000
907.499374
267.402915
1276.529814
678.168938
2.000000
775.769356
271.647417
1145.898099
527.552454
2.000000
709.871063
297.274525
826.291380
452.135513
2.000000
681.315136
335.715197
742.820209
418.088063
2.000000
670.332088
339.010111
709.871063
404.908403
2.000000
652.759210
333.518586
689.003270
396.121964
2.000000
637.382941
337.911806
668.135478
381.844000
2.000000
627.498197
336.813501
650.562600
373.057562
2.000000
612.121929
334.616891
631.891416
360.976208
2.000000
601.138880
337.911806
614.318538
352.189768
2.000000
593.450746
341.206720
602.237185
351.091465
2.000000
382.942306
350.359256
407.105013
364.637219
2.000000
358.779598
348.162646
379.647392
365.735524
2.000000
332.420281
350.359256
357.681294
366.833828
2.000000
230.277928
355.850780
252.244026
373.423658
2.000000
139.484719
355.850780
184.515219
382.210097
2.000000
503.023633
342.671121
520.596511
352.555866
2.000000
522.793121
342.671121
530.481254
353.654170
2.000000
532.677865
342.671121
541.464303
351.457559
2.000000
540.365999
341.572817
555.742266
353.654170
2.000000
252.610123
348.162646
305.328757
373.423658
2.000000
0.000000
348.528758
36.244061
413.328744
2.000000
37.342366
354.386379
68.094902
390.630440
2.000000
90.061000
353.288075
137.288110
389.532136
2.000000
576.610060
340.840616
591.986328
350.725361
2.000000
557.938877
338.644005
571.118535
352.921969
2.000000
415.159243
335.715197
518.399902
403.810099
7.000000
231.742329
329.857576
247.118598
333.152490
7.000000
170.237256
284.827076
205.383012
294.711820
7.000000
869.491383
200.257592
896.949005
218.928776
6.000000
236.135548
280.433856
241.627073
292.515210
6.000000
407.471109
274.576219
419.552464
287.755877
6.000000
578.806670
280.067743
587.593108
288.854180
6.000000
519.498207
317.410110
527.186341
326.196549
6.000000
538.169389
325.098243
545.857522
333.884681
6.000000
584.298194
322.901635
590.888023
331.688074
7.000000
599.674462
314.115196
609.559206
318.508415
7.000000
660.081231
299.837232
673.260889
305.328757
