2.000000
294.786780
247.585129
412.160470
330.113504
2.000000
159.073449
245.751164
267.277320
287.932333
2.000000
1075.229264
231.987901
1279.163687
355.341726
2.000000
389.532682
257.653278
432.271379
307.718607
2.000000
427.386957
271.085441
449.366857
286.959813
2.000000
446.924647
264.979912
466.462336
283.296497
2.000000
456.693491
273.527652
476.231180
286.959815
2.000000
475.010074
275.969864
495.768870
290.623131
2.000000
514.085454
269.864336
554.381937
296.728658
2.000000
537.286460
271.695995
582.467366
298.560317
2.000000
574.096642
265.758292
643.105701
284.845904
