6.000000
413.408551
177.475221
423.986545
200.981873
7.000000
401.655224
178.650553
414.583883
197.455875
7.000000
831.826952
95.201939
870.612927
138.689245
7.000000
756.605667
54.065299
780.112317
71.695287
7.000000
731.923682
78.747283
764.832996
148.091905
7.000000
753.079669
150.442571
797.742308
169.247892
7.000000
634.371077
176.299888
671.981720
190.403880
7.000000
644.949072
186.877882
664.929726
202.157205
6.000000
596.760435
199.806540
606.163096
218.611861
7.000000
754.255001
176.299888
775.410988
199.806540
7.000000
736.625013
146.916574
756.605667
177.475221
7.000000
738.975678
176.299888
756.605667
195.105209
5.000000
265.316644
265.155030
288.823296
314.518999
0.000000
265.316644
285.605820
292.349294
322.041131
4.000000
338.282100
262.650105
358.262754
295.559417
4.000000
358.262754
267.351434
371.191413
288.507421
4.000000
320.652111
262.650105
331.230104
295.559417
4.000000
312.424782
268.526769
323.002777
294.384086
2.000000
354.736758
267.351434
380.594075
288.507421
2.000000
553.367963
252.072111
565.121288
267.351434
2.000000
534.562644
257.948774
555.718630
276.754096
2.000000
520.458651
261.474772
552.192631
297.910082
2.000000
468.744018
256.773442
528.685980
309.663408
2.000000
0.000000
288.400573
127.897567
370.673855
2.000000
528.685980
240.318786
786.083817
440.125328
4.000000
726.523477
233.555376
740.627467
267.640021
4.000000
735.926136
233.555376
746.504129
266.464690
4.000000
741.802800
222.977384
789.991437
302.900000
4.000000
972.167986
210.048726
1016.830625
309.951996
2.000000
382.084992
253.492233
487.846652
344.145085
