7.000000
365.368977
277.762310
451.625927
330.866213
9.000000
838.918949
1.012500
1279.356147
662.512045
9.000000
473.512019
332.153630
604.828570
451.883428
2.000000
620.277577
365.626477
678.211349
408.111243
2.000000
756.743797
369.488728
855.874919
424.574710
2.000000
796.653730
357.901973
848.150417
374.638398
2.000000
670.486847
366.913894
712.971613
402.961574
9.000000
589.379566
314.129791
653.750424
395.237072
2.000000
750.306711
379.788065
770.905387
395.237072
2.000000
186.417992
360.476808
200.579580
374.638398
2.000000
222.465670
364.339059
248.214014
374.638398
6.000000
741.294791
333.441046
750.306711
354.039722
