2.000000
352.971159
254.607268
640.527604
453.800014
2.000000
1011.954677
179.722778
1275.548083
392.394731
2.000000
890.641802
244.123440
1056.885373
350.459417
2.000000
787.301205
218.662713
943.060947
329.491760
2.000000
594.099219
295.044893
624.053016
317.510240
2.000000
645.020673
284.561065
657.002191
310.021791
2.000000
624.053016
284.561065
637.532223
305.528722
4.000000
80.391613
311.519481
101.359271
369.929385
4.000000
191.220660
308.524102
209.192938
353.454795
4.000000
352.971159
299.537963
367.948057
341.473277
4.000000
323.017362
305.528722
336.496570
348.961728
4.000000
158.271484
314.514861
177.741450
360.943245
4.000000
215.183697
307.026412
228.662904
335.482519
6.000000
643.522982
230.644230
662.992950
250.114198
6.000000
556.656974
229.146541
571.633872
245.621129
6.000000
493.754002
220.160403
508.730899
239.630369
6.000000
688.453678
245.621129
698.937506
263.593407
7.000000
649.513742
206.681194
670.481400
218.662713
9.000000
721.402854
245.621129
802.278103
323.501001
