2.000000
420.925344
286.108420
431.908394
302.582993
2.000000
407.745685
286.108420
426.416868
302.582993
2.000000
406.647380
287.206725
419.827039
309.172823
2.000000
394.730774
283.362658
411.205347
307.525364
2.000000
347.503663
265.789780
395.829078
314.115195
2.000000
351.896882
281.166048
389.239248
319.606719
1.000000
426.581614
257.003341
481.496859
305.328757
2.000000
480.398553
282.264353
499.069736
303.132146
2.000000
0.686424
150.624672
380.699911
581.317088
7.000000
599.262581
111.399489
630.015118
159.724903
7.000000
620.130374
172.904562
647.587995
181.691001
7.000000
602.557496
186.084220
632.211729
197.067270
6.000000
631.113423
220.288576
653.079520
240.058063
4.000000
814.667642
231.193176
868.484581
335.532139
4.000000
744.376130
245.471140
797.877909
340.310360
2.000000
956.348971
253.159274
1149.650630
316.860957
7.000000
1034.328617
180.671152
1045.311666
194.949115
7.000000
1031.033703
198.244031
1047.508276
219.111823
7.000000
1055.196410
188.359286
1080.457422
225.701652
7.000000
1007.265758
57.085739
1055.770533
115.836842
6.000000
1055.770533
71.904647
1073.343412
119.131757
7.000000
527.460917
233.389787
536.247355
245.471140
7.000000
531.854136
258.650798
540.640575
266.338933
6.000000
559.469645
54.734707
578.204347
97.714318
6.000000
537.796160
54.881656
554.326779
102.269433
2.000000
958.775941
260.963386
1017.184130
303.942997
