2.000000
517.724650
441.449708
529.537142
465.074692
2.000000
499.162163
434.699710
516.037152
454.949698
2.000000
252.562336
379.124750
357.187262
509.062160
2.000000
0.877324
297.102154
304.627117
653.853065
2.000000
608.376909
374.962237
850.161946
562.728130
2.000000
439.762195
419.849718
515.699643
487.349671
2.000000
367.199744
426.599714
434.699699
482.287175
2.000000
527.512134
439.087192
560.924604
472.837170
7.000000
579.149596
398.587233
621.337068
415.462221
7.000000
623.024568
369.899754
643.274554
385.087243
7.000000
834.636936
336.149776
848.136926
353.024766
7.000000
841.049411
361.462245
856.236900
369.899739
6.000000
399.937225
353.812261
415.124715
375.749745
6.000000
592.312093
367.312251
605.812083
389.249736
6.000000
530.887145
416.474720
539.324639
429.974710
7.000000
380.699751
415.546587
390.824745
431.662206
7.000000
414.449725
418.162218
433.012212
428.287212
6.000000
805.274467
297.337303
817.086961
329.399780
7.000000
832.274447
353.024766
840.711941
366.524756
