2.000000
289.653210
273.777696
394.491499
335.182978
2.000000
366.035391
260.298488
410.966085
305.229181
2.000000
431.933741
268.086477
476.864434
307.026411
2.000000
460.389850
265.091097
493.339026
293.547204
2.000000
517.302061
271.081856
527.785889
283.063377
2.000000
527.785890
269.584165
539.767410
281.565685
2.000000
530.781270
272.579548
545.758167
290.551825
2.000000
548.753549
272.579548
586.195793
284.561066
2.000000
590.688864
277.072616
611.656520
296.542582
2.000000
527.785890
281.565686
620.642659
353.454798
2.000000
647.601076
273.178623
746.448605
352.556185
7.000000
451.179056
215.861449
515.579719
246.369974
7.000000
22.839770
223.904627
34.821288
234.388457
7.000000
512.826912
223.347974
546.516270
247.055299
