2.000000
670.370758
346.870825
735.170803
394.517915
2.000000
737.076685
335.435522
779.006127
362.117893
2.000000
782.817893
331.623757
824.747333
358.306127
2.000000
1210.871404
332.894340
1277.577332
378.635547
2.000000
1191.812569
318.917862
1264.236149
355.129652
2.000000
858.282927
332.259047
896.400600
351.317883
2.000000
360.847295
296.047258
621.953355
543.812132
7.000000
755.365212
238.870750
820.165257
269.364887
7.000000
835.412325
235.694273
884.965300
262.376645
7.000000
1016.471272
285.247248
1111.765454
346.235525
7.000000
898.306485
306.211970
932.612390
327.176690
7.000000
166.447163
311.929620
189.317767
336.706107
7.000000
0.000000
247.129575
78.776513
311.929620
7.000000
1170.847849
289.059015
1193.718452
317.647268
2.000000
1121.294874
330.988455
1159.412547
357.670825
