7.000000
673.939536
1.468278
722.392705
36.706946
4.000000
1126.169117
143.891227
1278.870013
632.827754
4.000000
471.650894
285.056548
493.675062
359.938718
4.000000
466.511922
297.536910
493.675062
363.609414
4.000000
483.397118
287.258968
509.091980
370.216667
4.000000
528.913732
287.993105
549.469619
359.938720
4.000000
539.191679
278.449299
574.430347
359.938720
4.000000
561.215843
276.981017
598.656930
359.204578
4.000000
584.708291
282.119993
603.061766
355.533886
4.000000
612.605570
271.107907
631.693183
352.597329
4.000000
630.959043
273.310327
655.919766
361.406998
4.000000
651.514934
268.171352
677.943935
357.736304
4.000000
738.877469
268.905493
762.369915
321.763495
4.000000
664.729433
278.449299
700.702242
373.887358
4.000000
616.276265
280.584973
647.844240
379.693728
4.000000
592.783819
284.255667
620.681100
381.162006
4.000000
1078.650827
251.471260
1110.218801
331.492402
4.000000
1101.409134
247.800565
1130.573949
328.894239
6.000000
715.986196
211.827758
751.224864
236.788481
6.000000
662.394055
167.412353
691.025472
231.282441
6.000000
649.179553
78.581540
676.342695
138.780934
7.000000
686.620640
34.533207
713.049641
91.796044
7.000000
708.644804
144.654046
742.415197
158.602684
7.000000
690.090592
185.003007
734.138927
205.558897
7.000000
191.380841
255.725055
210.468455
288.761309
7.000000
261.858179
271.141971
272.136124
288.027166
2.000000
367.436533
287.782462
395.333812
314.211464
2.000000
378.448616
297.326266
425.433507
333.299077
2.000000
316.780947
282.643487
374.043784
341.374600
2.000000
175.092134
306.135931
209.596664
348.715989
2.000000
204.457692
314.211462
225.747722
342.108742
2.000000
55.427490
298.060405
81.856491
320.818712
2.000000
0.000000
306.135931
74.515101
384.688798
2.000000
71.578546
288.516599
194.913888
384.688802
2.000000
219.874608
287.782462
316.780945
370.006023
