2.000000
515.938199
330.320201
610.743090
395.186707
2.000000
621.231599
328.324309
669.621918
358.762253
2.000000
610.743092
327.326362
623.716392
341.297611
2.000000
671.617810
330.320201
686.587003
354.270909
2.000000
683.593164
327.326362
693.572627
343.293502
2.000000
691.576735
325.330470
706.545928
336.307877
7.000000
231.523525
146.698095
289.404406
166.657019
7.000000
362.254480
201.585139
399.178490
234.517364
7.000000
368.242158
244.496827
392.192866
290.402352
7.000000
510.948467
86.821323
597.769790
116.759710
7.000000
769.416541
279.424943
790.373410
297.387976
7.000000
775.404218
298.385923
788.377519
311.359223
7.000000
519.929984
253.478342
544.878640
275.433159
2.000000
707.543876
324.332523
716.525393
337.305824
2.000000
745.465831
325.330470
760.435025
338.303770
