2.000000
324.408229
399.083334
351.340234
422.342793
2.000000
84.468558
353.788598
176.282209
486.245088
2.000000
0.222585
326.856594
118.745655
509.259711
2.000000
166.488752
357.705977
224.025306
466.658174
2.000000
268.503922
392.554367
324.816293
431.728191
2.000000
381.128665
407.652607
402.511046
425.607282
7.000000
409.856139
373.375510
422.097958
390.514060
7.000000
359.664677
363.582055
373.130679
373.375510
7.000000
327.835945
381.944784
335.181037
394.186608
7.000000
395.165954
395.410787
401.286864
405.204244
