6.000000
288.231184
202.136155
315.681773
237.073268
6.000000
239.568776
202.136155
272.010381
234.577760
6.000000
950.788581
84.847275
972.000398
140.996207
6.000000
680.025953
286.983430
688.760233
301.956478
6.000000
722.449591
290.726692
731.183869
308.195249
4.000000
1065.581952
341.884608
1089.289279
404.272310
4.000000
1220.303454
349.371132
1237.772010
388.051507
2.000000
752.395688
336.893592
950.788581
476.642043
2.000000
567.728089
333.150329
650.079856
401.776803
2.000000
687.512478
338.141346
743.661408
389.299260
2.000000
2.495508
308.195249
157.217009
401.776802
2.000000
237.073268
338.141346
341.884608
379.317229
2.000000
344.380116
339.389100
421.740865
374.326213
2.000000
918.346975
341.884608
1034.388101
439.209423
2.000000
746.156918
348.123378
783.589539
378.069475
2.000000
641.345578
341.884608
666.300659
376.821721
9.000000
671.291675
323.168297
714.963066
360.600918
