6.000000
321.920543
267.019365
345.627871
323.168298
6.000000
346.875624
278.249153
358.105410
320.672790
6.000000
716.210821
187.163105
742.413654
242.064284
6.000000
690.007986
182.172090
713.715312
239.568776
7.000000
1194.100619
74.865243
1278.947894
175.933320
7.000000
1210.321420
179.676580
1273.956877
209.622678
2.000000
746.156917
310.267539
1278.947894
677.530445
6.000000
184.667598
409.263326
213.365941
432.970653
2.000000
258.285087
330.654823
751.147935
683.769216
2.000000
1.247754
431.722899
229.586744
526.552204
