2.000000
251.004017
284.300467
298.387427
306.071224
9.000000
153.675929
275.336037
249.723384
312.474386
2.000000
108.853782
280.031698
166.482255
305.644353
2.000000
0.000000
271.067270
80.679862
314.608783
2.000000
363.699697
283.873596
382.909189
303.083088
2.000000
350.893369
286.434862
371.383493
305.644353
2.000000
309.913122
285.154228
357.296533
313.328148
2.000000
469.992214
292.838025
487.921074
306.924985
2.000000
448.221458
290.276760
475.114747
309.486252
2.000000
402.118679
294.118659
432.853864
310.766885
2.000000
380.347922
286.434862
416.205638
306.924985
2.000000
659.952748
302.656206
679.162240
312.901267
2.000000
626.656298
297.533674
647.146422
309.059370
2.000000
606.166175
297.533674
621.533768
309.059370
2.000000
589.517950
298.814308
604.885543
309.059369
2.000000
566.466560
296.253043
586.956683
307.778736
2.000000
543.415170
297.533674
562.624661
311.620635
2.000000
526.766945
296.253043
539.573270
305.217471
2.000000
510.118720
294.972409
529.328211
306.498105
2.000000
752.585197
301.375574
766.672157
309.059371
2.000000
764.110890
303.936839
776.917219
316.743166
2.000000
774.355954
305.217473
785.881649
315.462534
2.000000
720.569378
301.375574
739.778870
316.743166
2.000000
801.249240
307.778738
816.616832
320.585066
2.000000
780.759117
305.217473
802.529874
321.865698
2.000000
725.691910
305.217473
770.514055
341.075190
2.000000
819.178098
309.059369
829.423159
324.426963
2.000000
826.861895
305.217473
839.668224
323.146331
2.000000
833.265059
303.936839
865.280877
330.830127
2.000000
849.913285
309.059369
876.806572
333.391391
2.000000
872.964674
303.936839
925.470616
343.636455
2.000000
935.715677
306.498104
1016.395539
362.845944
2.000000
1088.110973
303.936839
1278.925251
420.474418
7.000000
1107.491192
266.371609
1134.384481
297.106796
