7.000000
1115.816827
84.857182
1208.388298
180.734776
7.000000
1122.429074
146.571494
1212.796463
230.326633
2.000000
869.510594
386.265479
880.531011
398.387935
2.000000
858.490182
393.979770
876.122843
412.714472
2.000000
843.061605
398.057335
870.612637
425.608364
2.000000
826.530984
400.261419
861.796305
432.220619
2.000000
807.796281
418.996119
855.184057
458.669606
2.000000
786.857496
435.526740
833.143231
477.404308
2.000000
758.204421
433.322658
806.694242
490.628806
2.000000
708.612564
435.526740
790.163621
508.261466
2.000000
661.224787
433.322658
747.184009
521.485964
2.000000
533.986656
422.302245
715.074261
557.004970
7.000000
0.000000
279.970763
24.368058
360.236620
2.000000
227.969255
417.988883
601.527439
631.378596
2.000000
0.000000
411.156035
293.189087
719.494385
2.000000
896.138919
392.030189
911.800549
400.839856
2.000000
894.530810
408.740602
913.128996
426.359937
2.000000
900.403921
427.338786
925.854070
454.746642
2.000000
921.938661
428.317639
963.050445
469.429419
