7.000000
37.432621
344.380116
62.387702
360.600918
7.000000
28.698343
361.848672
62.387702
388.051507
7.000000
294.469954
343.132362
331.902575
378.069475
7.000000
306.947495
331.902575
325.663804
345.627870
6.000000
1132.960671
254.541825
1146.685965
273.258134
6.000000
1122.978638
258.285087
1137.951687
277.001396
6.000000
1146.685965
252.046317
1157.915752
272.010380
2.000000
586.444400
208.374925
1046.865642
628.868038
2.000000
1025.653823
338.141346
1167.897784
431.722899
2.000000
1172.888800
333.150329
1277.700140
404.272310
2.000000
1021.910561
331.902575
1110.501098
400.529049
2.000000
229.586744
406.767818
291.974446
432.970653
2.000000
296.965462
401.776802
346.875624
422.988619
2.000000
278.249152
401.776802
301.956477
420.493111
7.000000
1244.010781
291.974446
1266.470352
315.681773
7.000000
1240.267518
254.541825
1260.231583
283.240168
7.000000
460.421242
386.803753
481.633059
401.776802
7.000000
571.471352
384.308245
585.196646
401.776802
7.000000
462.916750
355.609902
482.880815
374.326213
