6.000000
371.416821
231.370398
386.841512
266.871675
6.000000
635.350459
301.148773
659.834099
332.977505
6.000000
53.864009
287.682769
67.330009
307.269681
6.000000
612.091001
410.100972
620.660273
428.463702
6.000000
789.597391
399.083333
801.839211
414.997699
6.000000
934.050868
374.599692
949.965234
394.186606
7.000000
42.846370
244.836400
85.692741
260.750766
7.000000
46.518917
215.456032
57.536554
226.473670
7.000000
18.362732
230.146216
51.415645
239.939673
7.000000
279.113496
336.650049
307.269682
348.891869
7.000000
793.269938
372.151328
818.977760
381.944784
7.000000
792.045753
380.720603
815.305212
389.289878
7.000000
777.355572
386.841512
806.735940
397.859152
7.000000
1009.950151
326.856594
1039.330517
366.030418
6.000000
619.925758
410.100972
629.719213
427.239520
6.000000
282.786043
350.116052
290.131135
362.357873
2.000000
619.436093
435.563961
639.023004
456.375053
2.000000
640.247187
438.012325
665.955008
461.271783
2.000000
663.506646
439.236504
685.541923
461.271781
2.000000
672.075919
438.012325
711.249744
466.168511
2.000000
691.662831
435.563961
740.630110
469.841057
2.000000
855.703217
435.563961
1011.174332
526.153428
2.000000
1070.914436
430.667231
1279.025378
646.123263
2.000000
487.224437
402.511046
537.415900
436.788142
2.000000
457.844070
412.304502
484.776074
431.891417
2.000000
428.463701
418.425412
455.395705
434.339778
2.000000
408.876789
409.856138
426.015337
429.443049
2.000000
384.393147
409.856138
414.997697
426.994685
2.000000
346.443507
408.631957
385.617331
426.994688
2.000000
0.000000
338.853582
122.418200
434.339778
2.000000
781.028119
443.153886
825.098671
483.551891
7.000000
708.801378
407.652607
727.164110
428.463701
7.000000
734.509200
400.307514
749.199385
413.773515
2.000000
536.191717
411.325154
558.226993
427.239520
