7.000000
405.231748
259.874820
420.419236
271.687313
7.000000
413.669242
267.848115
433.919228
280.124807
7.000000
330.981799
242.999832
352.919282
251.437326
7.000000
752.856508
215.999852
779.856489
226.124844
7.000000
769.731497
226.124844
786.606485
232.874840
7.000000
705.606541
222.749847
724.169028
234.562339
4.000000
290.481826
300.374793
310.731814
354.374756
4.000000
992.481345
253.124827
1038.043814
377.837589
4.000000
724.169028
290.249800
747.794013
335.812270
4.000000
698.856546
288.562302
715.731534
334.124770
4.000000
687.044055
293.624798
698.856547
327.374775
4.000000
631.356592
300.374793
643.169085
330.749774
2.000000
611.106605
291.937300
634.731590
322.312278
2.000000
557.106642
280.124807
619.544100
349.312260
2.000000
773.106495
285.187304
811.918968
323.999777
2.000000
384.981762
302.062292
455.856713
356.062255
2.000000
450.794216
280.124807
584.106625
398.249726
6.000000
481.169195
231.187341
489.606689
253.124827
6.000000
606.044110
231.187341
611.106605
248.062330
6.000000
487.919191
234.562339
496.356684
254.812325
6.000000
351.231785
273.374812
364.731775
288.562302
6.000000
744.419014
254.812325
766.356499
269.999813
6.000000
700.544045
273.374812
712.356535
286.874803
