6.000000
636.210044
218.654138
649.072052
232.434862
6.000000
602.217594
218.654138
614.160889
236.109719
2.000000
589.981987
265.020529
608.356284
287.069687
2.000000
577.119979
269.614103
589.981987
285.232256
2.000000
544.964959
270.532818
567.932830
287.988399
2.000000
616.624719
260.426954
645.104879
287.988399
2.000000
192.178451
266.857958
357.547126
366.079167
2.000000
662.393418
242.052657
706.491729
293.500688
2.000000
695.467152
247.564946
726.703459
299.931694
2.000000
715.678880
239.296514
782.745065
313.712418
2.000000
747.833899
246.646230
801.119362
324.736997
2.000000
772.639201
244.808802
849.811251
335.761571
2.000000
796.108183
236.540368
1013.843606
377.103742
2.000000
949.644923
196.212611
1278.544844
493.876228
