6.000000
445.731720
159.637390
462.606708
196.762365
6.000000
432.231729
161.324891
444.044222
188.324873
7.000000
332.669297
270.337309
369.794272
305.774785
7.000000
523.356666
287.212297
550.356648
304.087285
2.000000
241.544360
309.149782
280.356833
322.649773
2.000000
211.169381
307.462284
236.481864
320.962274
2.000000
101.481956
300.712288
138.606931
319.274775
9.000000
0.000000
266.962312
101.481956
326.024772
9.000000
530.106662
307.462284
568.919134
346.274757
9.000000
567.231636
307.462284
597.606614
356.399750
9.000000
592.544119
299.024789
633.044092
361.462247
9.000000
405.231748
277.087304
462.606708
332.774767
2.000000
373.169270
312.524780
435.606728
368.212243
2.000000
427.169233
309.149782
567.231636
422.212204
9.000000
604.356611
0.337495
1279.356146
523.462134
