7.000000
670.481400
218.662714
692.946748
230.644233
7.000000
700.435195
218.662714
719.905161
233.639613
7.000000
742.370509
217.165023
766.333549
245.621129
2.000000
646.518362
236.634991
658.499881
247.118819
2.000000
674.974469
235.137302
697.439815
250.114201
2.000000
655.504501
235.137302
670.481400
245.621129
2.000000
628.546085
238.132680
655.504501
254.607268
2.000000
152.280723
271.081856
182.234519
284.561062
2.000000
68.410095
272.579547
98.363892
290.551826
2.000000
760.342790
275.574925
790.296586
298.040271
7.000000
875.664904
260.598028
890.641803
278.570303
9.000000
778.315065
229.146541
817.255002
244.123442
1.000000
910.111771
230.644231
970.019368
241.128060
9.000000
889.144113
259.100337
1100.318376
332.487138
9.000000
1164.719038
275.574925
1260.571188
332.487132
2.000000
1137.760623
266.588787
1193.175145
311.519483
2.000000
1137.760623
277.072614
1155.732898
307.026412
2.000000
1119.788342
281.565685
1137.760621
301.035657
2.000000
1053.889992
284.561065
1089.834548
302.533341
2.000000
1032.922333
283.063374
1050.894610
296.542582
2.000000
1253.082736
290.551824
1278.543463
326.496380
2.000000
1248.589667
229.146541
1265.064255
247.118820
2.000000
1221.631252
227.648852
1245.594283
247.118819
7.000000
812.761932
260.598028
826.241140
278.570303
1.000000
835.227279
263.593406
871.171834
284.561064
6.000000
385.920334
254.607268
399.399542
271.081856
