4.000000
656.192292
317.275757
669.030039
349.001672
2.000000
751.925202
331.947468
770.264842
352.121069
2.000000
808.411324
339.283325
824.916999
361.290890
2.000000
821.249070
335.615396
846.924565
370.460711
2.000000
837.754749
331.947468
872.600062
375.962600
2.000000
863.430242
331.947468
929.452945
381.464494
2.000000
892.773667
346.619179
956.962403
390.634312
2.000000
925.785017
352.121072
991.807717
397.970169
2.000000
965.398592
337.449360
1095.610032
414.475844
2.000000
1049.394169
349.001672
1227.288668
438.317374
2.000000
716.346315
327.545953
754.859559
361.247345
2.000000
1161.947135
351.859075
1279.320826
491.240333
9.000000
765.496525
303.704422
815.013548
364.225230
