7.000000
359.353163
321.920542
393.042522
328.159312
7.000000
1235.276503
199.640646
1278.947895
242.064283
7.000000
1239.019763
315.681773
1278.947893
328.159314
7.000000
1265.222599
269.514874
1276.452386
290.726693
7.000000
1263.974845
298.213216
1276.452386
310.690757
7.000000
691.255739
349.371131
701.237771
364.344179
7.000000
874.675584
361.848672
888.400879
381.812738
7.000000
880.914354
348.123378
900.878419
355.609903
7.000000
1025.653823
344.380115
1044.370133
353.114394
7.000000
1026.901576
350.618887
1038.131363
369.335197
7.000000
1239.019763
351.866640
1255.240567
376.821722
7.000000
672.539429
369.335197
682.521461
379.317229
6.000000
556.498302
247.055299
571.471352
281.992413
6.000000
952.036335
239.568776
969.504891
275.753643
6.000000
880.914354
321.920542
888.400879
339.389099
6.000000
361.848672
358.105410
379.317229
378.069475
6.000000
631.363546
351.866640
638.850071
365.591934
6.000000
562.737074
355.609903
567.728090
366.839690
6.000000
451.686963
319.425035
459.173488
339.389101
6.000000
536.534239
245.807546
549.011779
281.992413
6.000000
401.776802
281.992415
413.006587
309.443003
6.000000
392.690038
364.344179
409.263327
376.821720
6.000000
885.905370
376.821722
895.887403
386.803754
6.000000
1270.213615
345.627871
1278.947893
373.078459
4.000000
385.555998
401.776802
417.997603
466.660011
4.000000
317.517315
406.332281
345.488561
471.651027
4.000000
281.992415
391.794770
313.186266
475.394291
4.000000
262.028349
411.758834
286.983431
491.615093
4.000000
298.213216
398.033539
313.186266
466.660011
4.000000
237.073267
400.529048
258.285086
462.916751
4.000000
1164.154522
390.598455
1189.109604
460.526569
4.000000
833.499701
391.794770
843.481733
413.006589
4.000000
817.278898
389.299261
823.517667
411.758834
4.000000
807.296866
391.794770
816.031144
414.254343
4.000000
778.598523
390.547014
786.085048
411.758834
4.000000
731.183869
390.547014
741.165901
406.767818
5.000000
207.127171
398.033539
267.019365
490.367338
0.000000
192.154123
436.713915
275.753643
505.340387
2.000000
547.764026
422.988619
991.964464
717.458575
4.000000
499.101618
401.776802
516.570175
456.677979
2.000000
696.246755
391.794770
731.183869
414.254343
2.000000
633.859055
390.547014
665.052906
414.254341
2.000000
557.746058
385.555998
613.894989
439.209422
2.000000
457.925735
398.033539
506.588141
449.191454
2.000000
504.092634
400.529048
531.543223
437.961669
2.000000
525.304451
391.794770
554.002794
425.484130
2.000000
601.417450
391.794770
621.381514
410.511080
2.000000
623.877021
390.547014
636.354562
409.263325
2.000000
427.979637
395.538032
446.695947
411.758834
2.000000
1222.798962
394.290279
1279.028882
443.044541
9.000000
539.539077
369.620021
574.503134
394.094861
2.000000
665.409682
388.850252
677.647102
411.576889
