2.000000
668.403373
360.215555
684.317739
377.354103
2.000000
654.937371
360.215555
668.403374
378.578284
2.000000
637.798823
358.991372
654.937371
376.129920
2.000000
624.332822
357.767190
637.798823
378.578284
2.000000
599.849181
354.094643
623.108639
379.802467
2.000000
569.244631
343.077006
601.073363
379.802467
2.000000
501.914621
333.283550
569.244631
385.923377
2.000000
379.496420
327.162640
451.723160
355.318826
2.000000
368.478782
345.525371
422.342792
382.250831
2.000000
714.922289
366.336464
728.388291
378.578284
2.000000
725.939927
365.112282
736.957565
382.250830
2.000000
734.509200
360.215555
746.751021
383.475012
2.000000
743.078475
352.870462
761.441205
383.475011
2.000000
761.441206
355.318826
783.476482
385.923377
2.000000
779.803935
333.283550
848.358127
398.165195
2.000000
798.166664
350.422098
859.375764
415.303743
2.000000
859.375765
332.059368
967.103781
436.114838
2.000000
913.545819
338.180278
1121.656759
478.961209
2.000000
140.780931
302.679000
370.927146
433.666473
2.000000
423.566974
335.731914
504.362985
393.268467
2.000000
685.541921
366.336464
699.007923
377.354101
2.000000
702.680469
366.336464
714.922289
376.129920
2.000000
1039.942610
280.949769
1279.882284
595.564544
6.000000
710.025561
351.952325
717.370654
364.194144
6.000000
687.990285
351.952325
696.559560
364.194144
