7.000000
599.570514
319.736844
617.475777
324.852633
7.000000
635.381040
324.852633
650.728409
331.247370
7.000000
566.317882
323.573686
616.196828
351.710529
7.000000
617.475777
329.968423
650.728409
347.873686
2.000000
570.154724
370.894739
580.386303
382.405267
2.000000
579.107356
368.336844
589.338935
384.963160
2.000000
591.896829
370.894739
604.686302
388.800002
2.000000
558.644198
370.894739
575.270514
395.194739
2.000000
517.717882
370.894739
527.949461
383.684213
2.000000
478.070513
376.010529
487.023145
388.800001
2.000000
451.212619
378.568423
472.954724
409.263160
2.000000
663.517883
368.336844
717.233672
411.821055
2.000000
260.649458
345.315792
292.623143
414.378949
2.000000
171.123143
364.500002
218.356957
373.452634
2.000000
72.644195
356.826318
168.565250
377.289475
2.000000
0.000000
358.105266
67.378718
379.317229
2.000000
481.907356
373.452634
517.717883
399.031581
2.000000
520.275777
369.615792
567.596829
407.984212
2.000000
591.896829
363.221055
668.633672
428.447371
2.000000
264.486302
337.642107
461.444197
473.210529
2.000000
747.928409
349.152633
769.670514
359.384212
2.000000
773.507357
341.478949
799.086302
351.710529
2.000000
222.100220
364.344180
253.294071
375.573967
