2.000000
920.720176
379.360018
955.684233
407.331263
2.000000
870.022294
377.611815
925.964786
407.331264
2.000000
713.266765
370.619004
767.461050
409.079466
2.000000
618.863808
351.971508
722.649813
407.914000
2.000000
198.078154
353.755261
344.395961
407.755285
2.000000
939.950407
286.705267
1278.519457
571.518631
2.000000
0.000000
341.632806
101.098518
406.653244
7.000000
856.437634
309.232794
871.866213
325.763414
7.000000
854.894775
322.898104
868.119271
346.040972
4.000000
565.057910
348.245054
585.996695
400.040996
4.000000
582.690571
348.245054
601.425273
398.938955
