6.000000
484.736045
147.924064
498.555941
193.990385
6.000000
613.721741
172.492768
626.006093
207.810280
6.000000
592.224125
184.777120
601.437389
227.772354
6.000000
767.276140
207.810280
782.631582
233.914530
7.000000
733.494173
189.383752
770.347229
256.947689
7.000000
661.323608
238.521161
678.214591
255.412144
7.000000
652.110343
258.483233
673.607958
270.767585
7.000000
653.645887
275.374216
673.607959
289.194112
7.000000
655.181431
292.265201
669.001326
304.549553
7.000000
635.219356
292.265201
650.574797
307.620642
2.000000
478.593869
289.194113
635.219356
433.535249
