2.000000
345.001542
398.217736
377.247966
422.786442
2.000000
239.049003
405.895458
291.257499
431.999708
2.000000
212.944756
408.966545
246.726725
436.606339
2.000000
163.919413
408.966545
211.409212
446.512195
3.000000
460.167341
408.966545
478.593870
430.464163
5.000000
463.238428
393.611106
475.522780
415.108724
9.000000
398.745579
381.326754
441.740812
415.108724
2.000000
493.949309
396.682193
515.446926
416.644267
2.000000
515.446926
392.075561
533.873454
410.502090
2.000000
527.731278
393.611106
575.333141
430.464163
2.000000
573.797596
390.540017
589.153036
410.502088
2.000000
587.617493
392.075561
610.650652
412.037633
7.000000
633.683813
365.971313
649.039253
375.184577
7.000000
621.399461
378.255665
636.754901
385.933384
2.000000
635.219356
390.540017
645.968164
405.895456
2.000000
639.825988
392.075561
665.930239
413.573178
2.000000
690.498941
387.468929
742.707437
421.250899
2.000000
748.849613
384.397841
811.806920
435.070796
2.000000
799.522566
322.976081
1135.806704
528.738978
2.000000
374.176875
399.753281
449.418532
451.961778
2.000000
0.000000
384.397841
139.238644
614.729442
