6.000000
566.370650
350.359256
581.746918
363.538914
6.000000
535.618113
359.145695
544.404551
370.128743
6.000000
436.770674
369.030438
448.852028
380.013487
7.000000
585.041833
349.260951
604.811320
360.243999
7.000000
667.414698
344.867731
691.577406
365.735524
7.000000
757.475698
297.640621
777.245186
331.688072
6.000000
598.221491
361.342304
609.204540
371.227048
7.000000
408.214747
370.128743
432.377455
381.111792
7.000000
362.085943
371.227048
381.855432
380.013486
2.000000
268.045226
407.000405
293.306238
441.047858
2.000000
237.292689
412.491929
269.143531
448.735988
2.000000
185.672360
415.786844
212.031676
456.424125
2.000000
153.821519
421.278368
190.065581
458.620736
2.000000
115.380848
422.376673
163.706265
473.997002
2.000000
0.686424
428.025100
114.910131
502.709832
2.000000
448.167225
398.213966
471.231628
414.688539
2.000000
469.035018
398.213966
499.787555
411.393624
2.000000
528.657286
397.115661
547.328469
408.098709
2.000000
686.813188
363.068210
798.840287
454.227514
2.000000
547.956069
393.663842
566.627252
406.843501
2.000000
565.528947
392.565537
584.200130
404.646891
2.000000
760.399615
348.005750
991.043637
495.178604
7.000000
346.966277
377.659982
359.047630
387.544724
