2.000000
0.000000
277.429052
22.952762
320.340739
2.000000
20.956871
274.435213
69.856236
313.355118
2.000000
120.751492
278.426997
173.642644
313.355115
2.000000
926.094097
250.484503
1279.367063
630.702017
2.000000
903.141335
299.383868
1161.609409
429.116877
2.000000
777.400111
264.455750
983.974979
402.172332
2.000000
710.537714
293.396190
810.332337
373.231889
2.000000
673.613703
313.355115
732.492530
361.256535
2.000000
617.728714
293.396190
694.570573
317.346902
2.000000
576.812918
288.406460
614.734875
304.373599
2.000000
530.907394
295.392083
572.821135
331.318149
2.000000
506.956682
299.383868
537.893016
318.344846
2.000000
494.981328
293.396190
512.944362
309.363329
2.000000
479.014190
293.396190
497.975167
309.363329
2.000000
466.040888
296.390029
479.014190
307.367438
2.000000
429.116877
293.396190
466.040888
322.336632
2.000000
538.890961
297.387977
686.587002
396.184652
2.000000
383.211351
289.404406
418.139467
314.353060
2.000000
220.546116
287.408513
252.480393
309.363329
2.000000
252.480395
288.406460
279.424943
309.363331
2.000000
281.420836
290.402351
299.383868
306.369492
2.000000
299.383868
289.404406
322.960332
303.803339
2.000000
326.952116
290.830038
344.915148
301.807446
2.000000
346.911041
288.834145
361.880236
300.809500
6.000000
518.557793
248.203476
530.533149
263.172670
6.000000
376.849429
246.207584
390.820676
259.180885
6.000000
402.796031
265.168562
412.775494
276.145970
6.000000
416.767279
279.139809
424.750848
286.125432
6.000000
478.639944
272.154185
487.621460
281.135702
7.000000
540.512610
253.906027
560.471533
261.889596
7.000000
488.619406
273.864952
499.596814
279.852628
7.000000
175.264291
224.965587
209.194464
233.947103
6.000000
227.157495
223.967641
236.139011
237.938890
2.000000
396.664121
652.082070
517.590139
668.919870
