7.000000
881.106420
266.962312
897.981408
293.962294
7.000000
837.231451
288.899797
850.731441
300.712289
2.000000
756.231506
299.024789
769.731497
324.337272
2.000000
629.669093
310.837280
649.919079
324.337272
2.000000
616.169103
305.774785
634.731591
322.649773
2.000000
440.669223
302.399787
474.419200
322.649773
2.000000
226.356871
293.962293
295.544324
319.274775
2.000000
111.606949
302.399787
157.169418
326.024770
2.000000
808.543970
314.212279
827.106457
326.024772
2.000000
703.919042
300.712288
739.356518
327.712270
2.000000
764.669000
292.274794
806.856471
329.399768
2.000000
859.168936
258.524817
1049.856302
390.149727
7.000000
0.000000
226.462339
17.107015
280.462302
2.000000
0.000000
305.774785
32.294505
329.399768
