4.000000
410.914948
121.800048
476.349207
357.622963
2.000000
912.733318
173.362569
1162.333416
334.162636
2.000000
713.533238
180.562572
895.933310
283.762615
2.000000
1147.933412
197.362578
1219.933442
250.162601
2.000000
1227.133445
170.962569
1277.533465
247.762599
2.000000
1218.733441
227.362589
1277.533465
404.962660
9.000000
0.514783
0.000000
360.514928
409.762663
4.000000
544.800217
198.600078
572.400230
258.600102
4.000000
388.800157
198.600078
410.400164
258.600102
7.000000
769.800309
54.600022
803.400321
69.000028
6.000000
805.200322
53.400021
824.400330
95.400037
