6.000000
737.579235
424.770522
750.803723
441.962356
6.000000
682.036389
420.803176
693.938428
435.350113
6.000000
719.064954
464.443984
730.966994
477.668472
6.000000
688.648633
457.831742
701.873120
468.411331
2.000000
636.538634
477.844801
649.763121
491.069287
2.000000
710.595760
487.101941
734.399836
502.971325
2.000000
752.914118
492.391736
782.007991
522.808056
2.000000
488.424380
451.395826
532.065186
497.681530
2.000000
461.975405
458.008070
512.228455
501.648876
2.000000
368.396423
445.476297
475.514769
510.276283
2.000000
617.016777
473.247719
638.175957
491.762001
2.000000
647.433097
469.280372
714.877983
530.113012
2.000000
767.775930
494.406899
810.094287
528.790565
7.000000
254.350961
432.881544
282.122383
461.975416
7.000000
332.375434
344.277482
350.889716
381.306046
