2.000000
569.755359
254.571542
596.204351
274.408286
2.000000
589.592101
252.367460
607.224763
277.714411
2.000000
601.714556
241.347046
634.775796
283.224616
2.000000
622.653341
253.469501
657.918663
290.938905
2.000000
642.490085
244.653171
720.735017
309.673608
2.000000
848.571811
228.122550
957.673899
264.489915
2.000000
935.265749
220.040921
1152.367887
307.102184
2.000000
407.975690
269.338906
422.302227
279.257277
2.000000
388.138947
271.542988
395.853237
280.359320
2.000000
357.281791
260.522576
377.118535
281.461361
2.000000
279.036866
259.420535
313.200146
281.461361
2.000000
155.387824
262.726658
214.898056
301.298105
2.000000
93.673511
271.542988
133.346999
295.787898
2.000000
195.061312
255.012369
294.245030
312.318519
2.000000
322.898104
260.522576
358.163426
282.563402
2.000000
501.428797
261.624617
520.163500
277.053197
2.000000
698.694191
223.053170
871.714678
351.992005
2.000000
0.000000
260.522576
96.979636
323.338931
7.000000
491.510424
250.163378
500.326754
261.183792
7.000000
544.408408
246.857253
555.428822
253.469501
7.000000
1177.420964
6.612248
1235.829153
45.183695
7.000000
1131.135228
0.000000
1246.849565
15.428578
7.000000
539.339011
240.245005
550.359425
249.061335
