4.000000
550.026582
289.428556
562.008102
304.405456
4.000000
559.012723
290.926247
569.496553
307.400836
4.000000
533.551997
293.921626
545.533516
316.386972
4.000000
500.602819
293.921626
520.072787
329.866181
4.000000
482.630543
298.414695
494.612063
322.377732
4.000000
430.211399
292.423936
451.179056
316.386972
4.000000
307.400833
254.981690
337.354629
287.930867
4.000000
280.067996
263.967831
298.040273
290.926249
4.000000
272.579546
266.963209
283.063376
290.926246
4.000000
256.104959
260.972450
275.574925
289.428556
7.000000
329.491759
174.106441
381.910902
229.520965
7.000000
570.619819
253.484001
590.089787
274.451659
6.000000
559.574334
244.765299
570.058164
261.239884
6.000000
664.412621
225.295330
670.403380
241.769919
6.000000
670.403380
223.797640
677.891829
243.267608
7.000000
829.158500
226.793021
839.642328
238.774540
7.000000
1073.281940
9.627998
1122.705703
90.503248
7.000000
1074.779630
92.000938
1125.701085
154.903910
2.000000
577.546610
238.774540
821.670050
466.423393
2.000000
206.119539
304.672891
502.662122
472.414150
2.000000
0.936035
297.398402
245.059474
617.904025
9.000000
910.033751
193.843845
1278.465447
476.907219
2.000000
1235.032440
339.547677
1278.465446
534.247350
