2.000000
503.122615
373.350980
528.419163
394.199729
2.000000
418.153081
405.536409
431.027251
419.697998
2.000000
397.554407
406.823827
407.853744
419.697998
2.000000
361.506726
411.973494
387.255069
428.709917
2.000000
266.237855
426.135084
302.285535
449.308593
2.000000
194.294393
429.997335
264.950438
471.824676
2.000000
105.310709
412.762216
212.856880
480.262170
2.000000
0.000000
424.847666
110.460378
511.104616
2.000000
530.158375
383.650316
552.044467
413.260911
2.000000
552.044467
384.937735
572.643143
417.123164
2.000000
572.643141
381.075484
615.127909
428.709919
2.000000
608.690823
390.087402
670.486847
446.733757
2.000000
657.612675
381.075484
776.055055
481.494022
2.000000
750.306710
248.471514
1279.356147
627.074571
7.000000
706.534529
320.566876
721.983535
342.452967
