2.000000
611.081041
335.084212
627.707355
352.989477
2.000000
626.428409
335.084212
643.054725
351.710528
2.000000
640.496830
328.689475
666.075777
355.547371
2.000000
655.844199
333.805265
689.096830
367.057897
2.000000
691.654725
338.921054
764.554725
395.194739
2.000000
741.533673
336.363160
799.086302
406.705265
2.000000
765.833673
314.621054
952.559989
437.400002
2.000000
874.544200
326.131581
1129.054726
482.163159
2.000000
1028.017885
282.647370
1278.691570
580.642108
2.000000
540.738935
332.526318
549.691567
342.757897
2.000000
529.228408
335.084212
538.181041
349.152632
2.000000
518.996829
335.084212
527.949461
350.431581
2.000000
503.649461
336.363160
517.717883
355.547370
2.000000
492.138935
344.036844
501.091567
356.826318
2.000000
462.723145
337.642107
489.581040
360.663159
2.000000
457.607355
344.036844
479.349461
365.778949
2.000000
442.259987
345.315791
457.607354
372.173687
2.000000
327.154723
337.642107
383.428407
396.473685
2.000000
263.207354
344.036844
338.665250
404.147371
2.000000
169.844196
350.431581
287.507355
416.936843
2.000000
1.023144
355.547370
181.354723
460.421054
2.000000
389.823145
332.526318
451.212618
382.405265
9.000000
562.481040
304.389475
609.802093
361.942107
2.000000
552.862210
330.320201
564.837564
341.297610
