7.000000
746.368200
226.467651
773.112035
252.289285
7.000000
744.523795
300.243751
778.645242
350.042617
7.000000
339.677444
325.143185
362.732477
350.964821
6.000000
438.045596
217.122942
462.022829
252.683146
6.000000
336.603460
284.037987
350.436478
298.793206
6.000000
750.671824
270.204968
770.038050
286.804592
6.000000
116.197357
382.713522
130.030377
398.390943
6.000000
94.986729
382.713522
110.664150
401.157547
6.000000
528.421320
383.635721
542.254339
396.546539
6.000000
624.330251
384.557926
635.396666
400.235347
6.000000
904.679435
379.024717
917.590249
392.857736
6.000000
892.690818
407.612956
908.368240
422.368174
2.000000
538.565562
419.279332
571.764808
439.567758
2.000000
575.453614
404.524110
618.797072
447.867568
2.000000
483.233486
405.446311
536.721160
461.700588
2.000000
603.119651
412.823923
634.474493
467.233796
2.000000
618.797073
380.546878
789.404306
518.877067
2.000000
342.136695
382.391279
497.066507
498.588638
2.000000
311.704053
426.656942
336.603487
453.400778
2.000000
246.227764
426.656942
316.315060
463.544991
2.000000
142.019023
417.434928
271.127199
467.233795
6.000000
461.826479
213.448082
480.200776
250.196677
6.000000
346.068406
359.523746
358.011699
375.141898
