7.000000
1153.625838
37.921957
1247.432783
126.739171
2.000000
0.997947
290.402353
69.856237
412.151793
2.000000
972.997571
132.726848
1276.373225
492.985436
2.000000
1.995892
245.494772
112.767928
296.390026
4.000000
63.868559
234.517363
110.772027
295.392083
2.000000
605.753360
207.572816
775.404214
373.231889
2.000000
260.463965
226.533793
439.096340
299.383867
2.000000
186.615944
250.484503
284.414679
295.392083
2.000000
433.108661
244.496825
503.962844
291.400294
2.000000
547.872478
240.505042
616.730768
287.408510
2.000000
766.422702
235.515310
866.217326
285.412626
2.000000
920.106420
235.515310
1046.845591
278.426998
7.000000
2.993839
66.862397
21.954817
90.813110
