2.000000
131.014173
354.362147
257.037333
413.006585
2.000000
485.376323
329.407068
645.103815
459.173487
2.000000
675.034937
376.821721
706.228786
403.024553
2.000000
262.028348
333.150329
378.069475
425.484130
2.000000
401.776802
371.830706
411.758833
383.060493
2.000000
653.823117
378.069475
666.300659
386.803753
2.000000
389.299260
369.335196
398.033541
380.564983
2.000000
481.633060
370.582950
496.606111
394.290279
7.000000
1008.185267
301.956479
1035.635853
310.690757
7.000000
1014.424036
319.425035
1021.910561
346.875624
