7.000000
716.210821
320.922336
737.422639
335.895384
7.000000
890.896388
276.003189
915.851468
293.471747
7.000000
721.201837
335.895384
734.927130
353.363941
6.000000
632.611300
325.913352
642.593331
347.125170
2.000000
618.886004
377.071268
638.850069
400.778595
2.000000
635.106809
384.557793
652.575365
405.769611
2.000000
796.067080
380.814530
854.711520
412.008382
4.000000
973.248153
392.044315
1003.194250
464.414050
1.000000
543.606652
341.887267
622.629267
433.220200
2.000000
389.299261
367.089237
481.633060
431.972447
2.000000
162.208026
407.017364
212.118187
435.715707
2.000000
82.351768
400.778595
168.446797
445.697740
2.000000
49.910163
407.017364
99.820324
441.954478
2.000000
0.000000
402.026349
62.387701
443.202232
2.000000
184.667598
392.044315
390.547015
511.828704
2.000000
356.857656
380.814530
640.097824
595.428225
2.000000
631.363546
370.832497
778.598524
473.148328
2.000000
821.022160
382.062284
954.531844
471.900574
7.000000
489.606690
327.712270
509.856677
341.212260
