6.000000
275.294338
185.962367
293.856824
228.149838
6.000000
697.169047
238.274832
705.606540
268.649810
6.000000
184.169400
329.399768
201.044388
346.274756
6.000000
859.168936
324.337271
874.356424
341.212260
6.000000
298.919321
191.024864
317.481808
229.837337
6.000000
536.856657
319.274775
546.981650
336.149763
6.000000
518.294170
320.962275
530.106662
334.462266
6.000000
712.356536
243.337328
725.856528
272.024808
6.000000
1151.106235
278.774803
1193.293707
307.462285
7.000000
1189.918708
248.399823
1232.106180
315.899778
7.000000
1090.356277
223.087342
1152.793735
243.337328
7.000000
842.293948
307.462285
869.293929
320.962275
7.000000
857.481438
280.462302
879.418921
293.962293
7.000000
518.294170
339.524761
538.544157
364.837243
4.000000
889.543914
354.712251
908.106401
400.274720
4.000000
216.231878
364.837245
233.106866
407.024716
4.000000
1147.731237
351.337253
1184.856212
455.962181
4.000000
1164.606227
349.649755
1213.543693
457.649679
4.000000
1237.168676
337.837263
1279.356148
461.024678
2.000000
406.919246
368.212241
428.856731
385.087230
2.000000
482.856694
356.399750
511.544175
383.399731
2.000000
509.856675
373.274738
555.419144
390.149726
2.000000
681.981557
356.399750
712.356535
369.899741
2.000000
692.106550
361.462246
719.106531
388.462228
2.000000
611.106607
358.087250
634.731590
363.149746
2.000000
720.794031
359.774748
793.356481
386.774730
2.000000
638.106587
351.337253
661.731570
363.149745
2.000000
1056.606300
361.462246
1245.606170
422.212206
2.000000
560.481640
361.462246
577.356629
381.712234
2.000000
440.669222
368.212241
499.731682
403.649716
2.000000
579.044128
361.462246
702.231543
461.024678
9.000000
283.731831
347.962256
413.669242
437.399694
2.000000
0.000000
376.649736
74.481975
434.024698
