2.000000
622.687071
329.544402
632.812064
343.044393
2.000000
629.437066
329.544402
642.937058
344.731893
2.000000
636.187063
331.231899
651.374552
344.731890
2.000000
647.999555
331.231899
671.624538
353.169384
2.000000
663.187044
334.606899
696.937021
363.294380
2.000000
609.187082
324.481907
624.374572
343.044393
2.000000
595.687090
329.544402
614.249578
343.044393
2.000000
588.937095
326.169405
609.187082
348.106890
2.000000
572.062107
331.231899
595.687090
356.544382
2.000000
548.437123
336.294398
587.249596
364.981879
2.000000
760.097694
333.401557
812.410158
422.838996
2.000000
768.535190
287.839090
979.472544
471.776463
2.000000
972.722548
252.401611
1276.472339
629.876517
2.000000
47.249969
254.089112
399.937225
525.776425
4.000000
736.086993
335.474762
769.836970
435.037194
4.000000
529.874636
333.112271
539.999629
356.737255
4.000000
509.624650
334.799769
523.124640
358.424753
4.000000
494.437160
336.487269
506.249651
363.487250
4.000000
482.624668
339.862266
496.124659
370.237245
4.000000
472.499675
339.862266
487.687166
366.862249
4.000000
709.087012
334.124770
719.212004
366.187248
4.000000
720.562005
334.124770
735.749494
364.499748
4.000000
963.561837
331.874767
990.561819
379.124736
4.000000
985.499322
328.499770
1015.874303
380.812234
6.000000
523.124640
256.499824
529.874636
280.124807
6.000000
769.499471
275.062311
779.624464
296.999796
6.000000
533.249632
260.212316
541.687127
278.774803
7.000000
806.624445
246.796705
843.749420
256.921697
7.000000
811.686942
270.421689
833.624427
300.796667
7.000000
774.561967
304.171666
796.499453
314.296658
7.000000
970.311832
189.421745
997.311813
288.984177
6.000000
477.984046
315.984158
489.796538
329.484148
