7.000000
519.433945
369.019042
531.711843
386.412730
7.000000
826.381395
346.509562
839.682452
355.717984
7.000000
824.335078
359.810619
837.636135
379.250624
7.000000
814.103498
362.880091
826.381395
378.227465
2.000000
706.671889
419.494846
735.320318
439.958010
2.000000
696.440307
424.610637
706.671889
437.911690
2.000000
663.699247
419.494846
688.255044
438.934851
2.000000
655.513982
429.726428
664.722403
439.958010
2.000000
629.935028
420.518005
647.328715
444.050642
2.000000
612.541340
421.541162
635.050819
445.073799
2.000000
611.518182
425.633794
625.842396
445.073799
2.000000
599.240283
426.656953
620.726603
450.189592
2.000000
591.055019
427.680113
607.425548
452.235909
2.000000
541.943427
409.263263
595.147651
460.421171
9.000000
349.589690
420.859058
461.113930
504.758026
2.000000
183.838069
438.252747
389.492861
544.661196
7.000000
801.825599
384.366415
814.103496
399.713787
2.000000
741.459266
419.494846
754.760323
437.911690
2.000000
752.714006
415.402214
771.130854
439.958010
2.000000
763.968748
415.402214
778.292963
442.004325
2.000000
772.154011
411.309582
801.825599
448.143275
2.000000
790.570857
402.101159
828.427708
463.490647
2.000000
805.918231
399.031683
883.678251
475.768544
2.000000
1039.880404
372.429571
1114.570950
437.911693
2.000000
850.596143
382.661154
1043.973035
515.671716
2.000000
1021.168824
308.993766
1279.356147
670.168598
7.000000
120.044444
364.837244
141.981928
398.587221
