6.000000
560.481641
29.024975
579.044128
83.024938
6.000000
587.481622
32.399973
607.731608
84.712436
6.000000
798.418977
233.212335
815.293966
256.837318
6.000000
553.731646
37.462469
563.856641
84.712436
6.000000
781.543990
233.212335
800.106477
260.212317
6.000000
22.169511
212.962349
64.356982
246.712325
7.000000
752.856510
199.462358
798.418977
219.712344
7.000000
779.856490
165.712381
808.543970
177.524874
2.000000
378.231767
285.524799
440.669224
334.462265
2.000000
273.606838
293.962293
300.606820
331.087267
1.000000
381.606764
243.337328
465.981707
327.712270
2.000000
278.669335
288.899797
383.294263
351.337254
2.000000
157.169418
280.462302
280.356833
356.399749
2.000000
1046.481307
293.962293
1275.981149
376.649735
2.000000
442.356722
219.712344
749.481511
477.899666
2.000000
1146.043738
396.899722
1279.356146
585.899592
