2.000000
1.020469
343.899304
229.096124
527.584393
9.000000
215.319741
365.329231
331.653631
442.374926
2.000000
365.329231
391.351287
392.881995
420.434759
2.000000
385.228448
301.039449
522.992266
470.948158
2.000000
515.338722
374.513485
544.422195
429.619011
2.000000
541.360776
372.982777
564.321412
418.904050
2.000000
561.259994
379.105613
579.628503
405.127667
2.000000
575.036376
382.167031
617.896229
417.373340
2.000000
659.225376
385.228448
683.716720
423.496176
2.000000
668.409630
380.636322
709.738774
426.557596
2.000000
679.124594
382.167031
708.208067
428.088304
2.000000
694.431685
386.759158
729.637994
440.333975
2.000000
706.677356
366.859940
850.564012
463.294613
2.000000
735.760830
87.760646
898.015994
124.497663
6.000000
527.584394
80.107100
549.014322
136.743338
7.000000
669.940339
336.245759
683.716721
351.552850
4.000000
965.367193
350.022141
1008.227046
475.540287
6.000000
1057.209738
227.565413
1093.946756
261.241013
6.000000
1032.718393
222.463046
1055.679028
259.200064
4.000000
1164.359374
345.430013
1216.403483
487.785958
6.000000
1022.003429
269.915028
1060.271158
315.836300
7.000000
1023.534138
325.530794
1064.863282
395.943414
7.000000
1002.104211
193.889814
1040.371938
218.381159
