2.000000
364.325473
498.937091
432.505387
570.613409
2.000000
614.318479
497.188891
713.966041
579.354427
2.000000
696.484015
500.685295
740.189085
553.131383
2.000000
2.447484
497.188891
194.749792
605.577468
2.000000
992.323616
444.742804
1278.635567
717.462446
9.000000
432.505384
354.535535
602.081062
530.404744
2.000000
409.778748
493.692481
647.534335
680.750184
2.000000
724.455260
504.181700
869.556095
591.591843
6.000000
675.505580
458.728429
685.994798
476.210457
2.000000
191.253394
476.510168
378.311095
612.570274
6.000000
661.558224
479.832763
673.501518
493.613486
7.000000
340.050822
467.625866
355.668974
480.487874
7.000000
919.392419
415.259118
953.384870
453.845144
7.000000
1023.207200
406.071969
1091.192096
443.739283
7.000000
933.173143
358.298797
952.466153
375.754380
