4.000000
819.251532
402.086657
834.985356
448.122667
4.000000
803.517704
396.842046
817.503331
442.295320
2.000000
562.921316
407.913996
582.151546
437.633446
2.000000
706.273950
376.446350
798.928701
465.604693
2.000000
482.503984
417.237748
501.734215
429.475167
2.000000
431.806102
408.496735
489.496797
448.705401
2.000000
398.590248
420.734154
428.309698
443.460791
2.000000
307.683700
411.993143
400.338451
473.180242
2.000000
118.877794
396.259315
297.194485
499.403283
2.000000
570.496869
374.115410
719.094108
512.223434
2.000000
875.266900
361.877988
1261.619729
592.640767
7.000000
840.885570
351.388773
877.597830
360.129790
7.000000
954.518755
298.942687
994.727420
309.431904
7.000000
966.756173
311.180108
978.993592
346.144168
