7.000000
968.431171
257.438051
1038.908509
289.740164
7.000000
1034.993100
257.438051
1062.400953
282.888200
7.000000
1057.506693
250.586089
1076.104880
288.761313
7.000000
1018.352618
318.126870
1036.950804
339.661611
7.000000
946.896430
263.311161
963.536912
282.888200
2.000000
1036.960109
348.852253
1069.262222
371.365846
2.000000
974.313586
348.852253
1048.706331
392.900589
2.000000
849.999394
321.444399
957.673104
363.535032
2.000000
744.283390
321.444399
805.951061
353.746512
2.000000
780.500910
326.338659
894.047731
419.329590
2.000000
890.577270
355.704215
996.827182
428.139256
2.000000
506.689337
343.114358
665.441332
435.970074
2.000000
713.227088
342.979143
874.737653
470.365107
2.000000
50.797061
316.685357
449.189786
505.603774
2.000000
0.000000
391.104866
119.932299
590.790654
2.000000
933.358232
328.458345
1278.892955
543.805764
