6.000000
584.506093
432.607420
603.949122
466.632722
6.000000
582.075713
498.227645
595.442796
515.240297
6.000000
724.252872
449.620071
747.341470
483.645374
6.000000
805.670560
543.189653
816.607263
555.341546
6.000000
697.518706
529.822570
706.025032
545.620031
6.000000
845.424623
397.714134
864.867652
435.385005
6.000000
1180.469705
559.334320
1210.849440
593.359623
6.000000
549.265601
465.764737
561.417494
486.422956
7.000000
1156.165918
479.131821
1185.330463
497.359660
2.000000
0.000000
404.035574
423.899852
684.835476
2.000000
526.499815
556.585523
743.849740
709.135467
2.000000
831.599708
601.023262
1138.230298
718.585465
6.000000
851.591260
556.924948
869.965557
567.949527
6.000000
815.761380
578.055390
828.623388
590.917398
6.000000
497.886037
530.282217
511.666760
540.388081
