4.000000
362.674055
273.348781
370.901382
301.556764
4.000000
349.745396
275.699446
361.498723
306.258094
4.000000
298.030763
280.400776
309.784087
308.608759
4.000000
261.595453
283.926775
275.699444
303.907429
4.000000
242.790132
270.998117
258.069456
296.855432
4.000000
82.944900
269.822784
97.048892
302.732096
4.000000
58.262915
270.998117
74.717571
303.907429
4.000000
19.476941
274.524114
37.106929
321.537417
4.000000
38.282262
268.647452
54.736918
316.836089
4.000000
134.659534
268.647452
148.763525
296.855434
6.000000
314.134356
44.038244
340.632767
106.330871
6.000000
345.334097
42.862909
361.788753
105.155538
6.000000
663.208137
139.240183
686.714787
186.877884
6.000000
685.539455
142.766181
699.643446
187.428819
6.000000
1159.717467
161.692186
1199.678776
205.179492
6.000000
1122.106825
169.919515
1139.736813
204.004159
2.000000
0.000000
286.098370
34.672311
405.306024
2.000000
1006.672362
219.787194
1278.174190
478.360363
2.000000
611.172946
293.833148
628.802935
318.515133
2.000000
591.192293
287.956484
609.997614
320.865796
2.000000
564.159643
296.183813
595.893623
323.216461
2.000000
530.074998
299.709810
578.263636
332.619124
2.000000
478.360365
295.008480
534.776330
336.145122
2.000000
642.906926
280.904489
704.024221
338.495786
2.000000
397.262415
289.523595
486.587692
337.712233
2.000000
687.961342
210.776311
941.833183
450.544159
