6.000000
415.356742
197.774859
423.794235
221.399843
6.000000
430.544230
158.962386
442.356723
189.337365
6.000000
769.731497
174.149875
781.543990
197.774859
6.000000
278.669335
239.962330
295.544323
256.837318
6.000000
319.169306
246.712325
337.731794
256.837318
6.000000
442.356722
157.274886
455.856713
179.212371
7.000000
293.856824
204.524854
312.419311
243.337328
7.000000
283.731831
194.399861
314.106810
207.899853
7.000000
276.981836
148.837393
307.356815
184.274868
7.000000
406.919247
234.899833
420.419238
246.712325
7.000000
879.418922
131.962404
919.918895
153.899889
7.000000
916.543896
182.587369
946.918875
212.962350
7.000000
901.356407
187.649866
926.668890
197.774859
2.000000
465.981705
272.024808
498.044183
304.087285
2.000000
368.106773
270.337309
452.481715
314.212279
2.000000
474.419200
258.524817
563.856639
361.462245
2.000000
511.544175
234.899833
813.606467
479.587164
2.000000
62.387702
256.837318
418.731738
451.686963
9.000000
860.950289
45.899963
1085.293780
334.462264
9.000000
786.606485
206.212353
936.793881
320.962274
7.000000
6.982021
190.012369
50.856991
230.512342
