6.000000
581.486451
259.526585
594.952453
284.010225
6.000000
640.247187
341.546779
645.143915
353.788598
6.000000
754.096114
343.995141
758.992842
355.012779
6.000000
1055.244885
227.697852
1069.935068
263.199130
6.000000
1163.952270
352.564416
1183.539182
370.927146
6.000000
757.768659
343.995141
763.889569
357.461143
6.000000
1072.138619
226.473670
1089.277167
264.423312
6.000000
1046.430797
228.922034
1057.448434
264.423312
6.000000
1139.468629
351.340234
1148.037904
368.478782
7.000000
1137.020265
235.042944
1170.073180
281.561862
7.000000
1159.055541
301.148773
1187.211728
310.942229
7.000000
1135.796083
309.718046
1173.745726
330.529140
7.000000
1091.725531
244.836400
1119.881718
269.320040
7.000000
904.425685
346.443506
921.564233
368.478782
7.000000
142.005112
124.866564
209.335122
227.697852
2.000000
681.869375
370.111038
699.007923
386.025404
2.000000
656.161553
370.111038
679.421011
379.904495
2.000000
680.645193
378.680311
749.199385
431.320137
2.000000
679.421011
383.577040
692.887012
408.060680
2.000000
848.766200
382.352858
901.406026
408.060680
2.000000
883.043296
395.818861
922.217120
426.423411
2.000000
918.544573
383.577040
978.529491
434.992684
2.000000
117.521472
364.398182
167.712934
406.020370
2.000000
116.705355
286.050535
530.478869
472.126199
2.000000
6.120910
355.828908
118.745655
412.141279
2.000000
680.645193
385.209276
898.549590
469.677834
2.000000
952.005561
381.536730
1078.096309
453.763469
2.000000
789.189356
368.070729
833.259908
383.985093
9.000000
656.161553
357.053090
687.990284
369.294909
2.000000
654.121262
376.640002
682.277448
402.347824
4.000000
588.831542
373.783585
607.194272
432.544319
4.000000
1200.514509
399.491405
1231.119059
465.597235
4.000000
839.380817
376.231949
850.398454
390.922132
