7.000000
950.005878
353.175120
988.394478
393.099264
7.000000
1194.157374
282.540098
1240.223695
313.250978
6.000000
629.077181
399.241441
638.290446
414.596880
6.000000
756.527333
391.563721
770.347230
405.383617
7.000000
624.470549
422.274602
642.897078
428.416778
2.000000
776.489407
448.378849
793.380391
468.340920
2.000000
790.309302
439.165586
831.768990
472.947554
2.000000
801.058111
448.378849
821.020182
479.089729
2.000000
808.735830
448.378849
859.408783
491.374081
2.000000
847.124429
433.023409
923.901629
500.587346
2.000000
868.622046
452.985481
934.650438
512.871698
2.000000
908.546189
440.701129
1037.531886
543.582579
2.000000
982.252303
452.985481
1191.086287
586.577810
4.000000
1012.963184
394.634808
1125.057896
684.852626
9.000000
0.000000
442.462191
79.544472
464.399676
4.000000
1164.606226
403.649717
1279.356148
705.712010
