7.000000
732.804134
151.202031
746.508060
169.800217
7.000000
725.952170
172.736772
738.677245
178.609883
7.000000
724.973318
175.673327
738.677243
181.546438
2.000000
825.661583
198.217511
840.344359
207.027177
2.000000
809.999952
200.175213
824.682731
213.879138
2.000000
798.253727
207.027177
813.915362
224.646512
2.000000
786.507505
209.963734
803.147989
229.540772
2.000000
770.845875
212.900289
796.296022
239.329295
2.000000
855.027138
197.238660
863.836806
209.963734
2.000000
860.900251
197.238660
872.646473
212.900286
2.000000
866.773363
196.259806
890.265806
222.688807
2.000000
873.625325
197.238660
907.885143
224.646512
2.000000
886.350399
205.069474
909.842843
232.477326
2.000000
896.138918
207.027177
928.441034
241.286993
2.000000
911.800550
204.090622
950.954624
251.075516
2.000000
933.335291
203.111769
971.510516
253.033216
2.000000
952.912328
196.259806
995.002961
257.927476
2.000000
965.637404
199.196363
1026.326222
262.821735
2.000000
1010.664592
193.323251
1103.655523
276.525663
2.000000
842.302064
198.217511
857.963694
212.900286
2.000000
747.353430
220.731103
771.824725
239.329293
