6.000000
888.400878
227.091236
939.770516
273.694738
6.000000
793.571571
275.753643
827.260930
304.451986
6.000000
591.435416
274.505889
616.390497
310.690757
6.000000
415.502096
253.294071
452.934717
295.717708
6.000000
726.192852
420.493112
749.900179
446.695947
4.000000
752.395688
457.925734
781.094032
532.790977
6.000000
1116.739868
380.564983
1160.411261
421.740866
2.000000
1174.136554
497.510529
1279.970517
577.710123
2.000000
1125.474147
484.128569
1169.145538
501.597125
2.000000
1116.739868
496.606109
1160.411261
547.764024
2.000000
852.216010
476.642044
940.806548
529.047715
2.000000
776.103015
471.651028
860.950290
524.056698
2.000000
676.282691
452.934717
736.174885
496.606109
2.000000
606.408465
472.898782
677.530445
511.579157
2.000000
526.670513
462.978950
607.656219
505.340387
1.000000
378.069475
431.722899
526.552206
507.835896
2.000000
27.450589
439.209423
122.279895
479.137552
2.000000
66.130964
426.731883
399.281294
526.552206
7.000000
902.126173
391.794769
932.072271
404.272310
7.000000
868.436814
398.033540
900.878419
411.758834
7.000000
890.896387
421.740866
918.346976
432.970653
2.000000
906.517884
464.257897
973.023147
489.836845
