2.000000
562.342365
390.729956
574.218656
415.967074
2.000000
551.950610
395.183566
560.857828
407.059856
2.000000
540.074321
393.699030
550.466075
405.575322
2.000000
526.713493
389.245419
538.589785
402.606246
2.000000
568.206277
389.319653
597.897004
430.886669
2.000000
398.152638
387.167079
444.173264
400.527907
2.000000
500.585645
394.589761
525.822762
403.496979
2.000000
451.595945
391.620687
482.771209
400.527905
7.000000
946.391910
162.556728
987.958925
181.855700
7.000000
901.855818
162.556728
936.000155
186.309308
7.000000
852.418940
158.103119
895.917674
181.855700
7.000000
839.505293
186.309308
857.319729
201.154672
7.000000
781.608375
226.467359
803.876421
238.268081
7.000000
7.486524
376.821721
44.919146
404.272310
7.000000
0.000000
445.448193
41.175883
476.642044
2.000000
585.196646
370.582951
666.300659
449.191455
2.000000
48.662408
445.448193
64.883210
460.421242
