7.000000
616.949783
251.099911
635.849776
274.049903
7.000000
539.999811
226.799921
564.299802
237.599917
7.000000
529.199815
238.949916
568.349801
256.499910
7.000000
440.099846
244.349914
453.599842
264.599907
2.000000
572.399800
211.949925
626.399781
238.949915
2.000000
473.849834
220.049922
517.049819
234.899917
2.000000
382.049866
220.049922
422.549853
236.249917
2.000000
91.799968
214.649925
145.799948
234.899919
2.000000
564.299802
287.549899
591.299793
307.799892
2.000000
511.649820
292.949897
526.499815
305.099893
2.000000
533.249813
295.649897
552.149807
309.149893
2.000000
583.199796
295.649897
622.349782
318.599888
2.000000
468.449836
286.199899
503.549825
314.549890
2.000000
1158.299595
388.799864
1278.449553
614.249785
2.000000
400.054723
289.042107
421.796829
309.505265
