2.000000
443.915261
448.108791
470.873677
467.578759
2.000000
381.012290
446.611101
410.966085
470.574138
2.000000
343.570043
442.118032
379.514600
466.081068
2.000000
319.607006
445.113411
343.570042
466.081068
2.000000
250.713275
454.099550
286.657830
478.062588
2.000000
406.473017
448.108791
424.445293
470.574140
6.000000
505.320542
434.929124
518.799752
445.412952
6.000000
485.850576
428.938365
497.832094
437.924505
2.000000
454.399089
439.422191
479.859815
455.896779
2.000000
587.693483
428.938362
638.614937
461.887538
2.000000
550.251238
434.929121
578.707345
455.896779
6.000000
438.261460
412.506558
448.745288
425.985766
6.000000
424.782250
415.501937
436.763768
427.483455
6.000000
405.312283
436.469595
418.791491
448.451112
