2.000000
621.330911
219.085816
630.147242
227.902145
2.000000
612.514581
219.085816
620.228870
229.004188
2.000000
635.216605
219.085816
650.645183
232.310312
2.000000
653.951307
216.881733
668.277844
229.004188
2.000000
675.992134
231.208270
701.339084
251.045014
2.000000
631.910481
235.616436
666.073763
264.269510
2.000000
743.216687
238.922560
847.102444
315.918515
2.000000
1174.114840
240.024601
1278.808763
287.412377
2.000000
489.306309
228.409539
569.755324
286.817729
2.000000
776.277926
220.849089
797.216711
237.379706
2.000000
828.073868
229.665419
856.726942
250.604204
2.000000
943.567784
241.126642
980.449442
264.269510
2.000000
405.183878
237.673582
450.367555
250.898073
2.000000
470.351235
216.661320
502.310433
229.885812
7.000000
670.702349
140.400065
723.600329
173.461306
7.000000
504.294111
107.338825
516.416565
117.257196
7.000000
647.559481
194.400089
671.804390
204.318461
7.000000
674.008472
194.400089
690.539091
204.318461
7.000000
704.865629
198.808254
711.477877
207.624584
2.000000
700.347253
214.347035
713.571749
226.469489
9.000000
681.061530
208.285808
694.286026
221.510304
7.000000
902.792256
155.608230
987.649435
177.649056
7.000000
931.224908
141.281693
965.388189
154.506186
7.000000
795.673827
124.751073
904.775913
177.649057
6.000000
931.224874
229.511580
955.469783
249.348323
