2.000000
586.691346
344.518073
600.472069
356.461368
2.000000
557.292471
339.924499
574.748052
356.461366
2.000000
550.861468
341.761929
562.804762
353.705224
2.000000
587.610061
333.493496
602.309498
345.436790
2.000000
598.634639
334.412212
610.577933
346.355506
2.000000
747.098937
344.518073
771.904239
356.461368
2.000000
736.074361
353.705224
770.066810
374.835666
2.000000
503.455746
348.192932
516.501509
366.934710
2.000000
418.199018
344.518073
462.297332
373.916949
2.000000
459.357433
327.981207
497.024741
340.843215
2.000000
230.597431
345.436790
396.884822
453.845144
2.000000
22.967871
327.062491
200.279840
436.389560
2.000000
584.608929
351.867793
651.675115
409.746831
2.000000
568.990777
347.274219
591.039934
364.729800
9.000000
508.968035
323.387632
553.985064
374.835665
6.000000
923.920935
117.595502
945.051376
174.555825
6.000000
888.703523
117.595502
918.102397
174.555825
6.000000
1077.958783
304.094620
1105.520229
333.493496
7.000000
606.581489
295.137151
633.224220
307.999159
7.000000
410.435866
266.656989
448.103175
278.600284
7.000000
470.152333
312.592732
496.795063
321.779880
7.000000
495.876349
312.592732
525.275224
320.861166
6.000000
224.574729
157.339488
243.867741
203.275233
6.000000
437.308276
303.543400
442.820566
311.811834
7.000000
441.901850
302.624685
446.495424
313.649263
2.000000
494.268597
345.804270
508.968035
361.422423
2.000000
460.276148
342.129410
497.024743
361.422422
1.000000
606.811167
330.048316
639.884903
356.691047
9.000000
564.550283
328.210883
582.924581
345.666468
4.000000
1148.288849
355.546450
1183.917720
435.711412
