7.000000
620.930220
262.364883
644.856583
281.105232
7.000000
208.642549
217.388045
282.354587
241.125820
7.000000
528.477834
233.629682
567.207888
247.372603
7.000000
93.701745
267.362308
116.190163
281.105231
7.000000
98.699170
276.107804
118.688874
286.102657
7.000000
109.943379
284.853301
137.429224
303.593647
6.000000
162.416357
337.326276
179.907348
358.565337
6.000000
92.452386
322.333998
112.442091
343.573059
6.000000
84.956248
323.583355
92.452386
342.323701
7.000000
342.323703
329.830136
358.565339
336.076920
6.000000
352.318556
333.578206
363.562766
346.071773
6.000000
378.555044
334.827565
392.297967
346.071774
6.000000
353.567913
198.647696
364.812122
227.382899
6.000000
338.575635
197.398339
353.567914
231.130967
6.000000
329.830136
199.897052
338.575635
232.380323
6.000000
512.236198
222.385470
523.480409
247.372603
6.000000
500.991989
222.385470
512.236199
252.370028
6.000000
492.246493
226.133540
502.241346
251.120673
6.000000
446.020301
297.346865
453.516439
312.339145
6.000000
439.773517
294.848154
448.519014
314.837860
6.000000
535.973974
292.349441
542.220757
306.092362
6.000000
542.220755
292.349441
547.218183
307.341720
6.000000
625.927647
304.843005
645.917353
322.333997
4.000000
286.102657
352.318556
298.596224
386.051184
4.000000
132.431797
364.812122
154.920215
429.778664
4.000000
74.961395
366.061477
104.945953
438.524159
2.000000
307.341719
346.071773
374.806974
402.292818
2.000000
367.310836
348.570486
419.783811
422.282524
2.000000
589.696306
337.326276
750.863304
416.035741
2.000000
387.300540
334.827565
564.709175
469.758075
2.000000
0.000000
332.328851
52.472976
489.747780
