7.000000
685.458298
259.100338
709.421335
266.588787
7.000000
893.637182
257.602648
916.102529
266.588787
6.000000
721.402853
250.114199
728.891304
265.091097
6.000000
877.162594
257.602648
886.148733
271.081856
4.000000
415.874133
313.017171
433.846409
369.929384
2.000000
0.000000
305.528722
269.100529
521.196055
2.000000
200.206798
304.031032
421.864890
444.813875
2.000000
890.641802
236.634991
1070.364580
419.353148
1.000000
1002.968538
233.639611
1146.746760
347.464037
2.000000
856.194936
275.574926
908.614080
332.487139
9.000000
562.647733
281.565685
651.011432
359.445555
2.000000
728.891304
305.528722
790.296586
354.952486
2.000000
701.932886
316.012551
721.402853
332.487139
2.000000
799.282723
302.533342
829.236520
333.984828
9.000000
778.315066
293.547203
829.236520
317.510240
9.000000
826.241140
295.044893
839.720348
313.017171
9.000000
727.393612
293.547203
764.835858
316.012552
2.000000
878.660284
308.524102
904.121010
341.473276
4.000000
1160.225968
290.551824
1176.700556
322.003310
