2.000000
0.000000
88.947250
170.558644
132.962384
2.000000
872.966822
85.279322
990.340512
162.305806
2.000000
927.985739
125.626528
988.506548
169.641662
2.000000
662.060972
92.615178
718.913853
134.796347
2.000000
199.902066
63.271755
572.196740
391.551295
4.000000
592.370343
92.615178
614.377910
164.139770
4.000000
614.377910
88.947250
636.385477
164.139770
4.000000
764.762951
94.449141
792.272410
165.973734
4.000000
847.291327
94.449141
865.630966
142.132203
7.000000
597.872235
11.920765
623.547730
22.924549
7.000000
601.540163
26.592477
636.385477
37.596260
7.000000
585.034488
35.762296
618.045838
50.434008
7.000000
832.619616
8.252838
883.970605
28.426441
6.000000
869.298894
26.592477
889.472497
44.932116
6.000000
170.558644
41.264188
188.898283
63.271755
