2.000000
0.000000
387.901662
78.893923
542.163712
2.000000
2.511743
307.026412
337.994258
473.269986
2.000000
236.151354
290.551824
418.869512
405.873939
2.000000
379.929575
287.556444
466.795583
368.431694
2.000000
439.837169
302.533342
498.247077
357.947866
2.000000
484.767863
308.524101
511.726277
350.459416
2.000000
505.735519
322.003310
537.187005
353.454798
2.000000
520.712417
323.500999
547.670832
351.957106
2.000000
547.670835
336.980208
562.647733
354.952485
2.000000
562.647733
338.477899
582.117703
354.952485
2.000000
577.624631
341.473276
592.601530
356.450176
2.000000
616.564569
341.473276
625.550705
353.454799
2.000000
622.555325
339.975589
634.536846
351.957106
2.000000
624.053016
320.505620
648.016053
351.957108
2.000000
640.527603
326.496378
670.481399
353.454796
2.000000
664.490642
308.524101
689.951363
362.440935
2.000000
679.467538
286.058754
764.835858
377.417835
2.000000
706.425955
283.063375
848.706487
428.339288
2.000000
745.365890
293.547202
952.047085
467.279220
2.000000
872.669525
182.718157
1278.543467
594.582853
