2.000000
575.565486
386.704163
588.538786
398.679518
2.000000
556.604508
385.706218
570.575756
400.675411
2.000000
517.684605
385.706218
559.598347
409.656926
2.000000
478.764702
376.724701
519.680499
413.648711
2.000000
598.518248
387.702109
616.481281
402.671302
2.000000
607.499765
378.720593
668.374486
434.605581
2.000000
648.415561
315.849981
983.725492
465.541916
2.000000
263.208318
383.710324
359.011156
438.597367
2.000000
109.025625
368.741131
263.707289
467.537807
2.000000
257.719613
389.698002
273.686754
420.634337
2.000000
0.000000
377.081114
135.346441
521.783318
2.000000
894.783551
239.364535
1278.992848
607.749268
2.000000
357.888450
352.275032
494.607082
464.045011
