7.000000
464.585458
70.199974
583.385417
168.749940
7.000000
594.185413
143.099949
618.485403
161.999942
7.000000
66.149977
249.299909
106.649963
261.449905
7.000000
134.999951
200.699926
199.799930
218.249920
7.000000
653.399771
223.649918
688.499760
240.299916
2.000000
1.350000
354.599871
156.599946
482.849827
2.000000
681.749761
324.674887
726.299746
359.774875
2.000000
540.899818
310.499891
561.599803
335.474882
2.000000
525.599830
304.199894
541.799825
333.899884
2.000000
431.099863
314.999892
455.399854
335.249885
2.000000
455.399854
310.949892
479.699845
329.849886
2.000000
481.049845
316.349890
498.599839
332.549886
6.000000
211.949927
182.635652
242.999915
204.235646
6.000000
398.249861
218.892775
421.199853
244.542766
6.000000
635.849777
299.892747
649.349773
312.042741
6.000000
653.399771
290.442750
668.249766
314.742740
6.000000
479.249834
197.292782
498.149828
224.292772
6.000000
496.799827
193.049912
507.599821
221.399900
6.000000
410.399855
268.842756
429.299851
290.442752
6.000000
661.499768
252.642763
685.799760
276.942753
6.000000
359.099874
229.692771
387.449863
258.042761
7.000000
639.899776
256.499889
654.749771
272.699883
2.000000
252.449912
322.649887
314.549890
354.779874
6.000000
386.099865
278.099903
398.249861
294.299897
6.000000
438.749847
287.549899
452.249843
296.999895
