2.000000
670.874913
308.295189
1246.495831
534.651456
2.000000
69.648083
381.015981
151.587003
433.252044
2.000000
164.902078
386.137164
212.016957
416.864259
2.000000
225.332032
386.137164
260.156073
407.646131
2.000000
266.301492
385.112927
286.786222
401.500711
2.000000
317.513319
381.015981
346.191941
403.549184
2.000000
365.652434
381.015981
392.282584
402.524949
2.000000
417.888494
374.870562
450.664063
401.500711
2.000000
301.125533
383.064454
317.513317
399.452238
2.000000
282.689276
383.064454
298.052824
398.428002
2.000000
341.070756
376.919034
357.458541
392.282583
2.000000
392.282583
382.040218
408.670367
392.282583
4.000000
11.266603
374.870562
30.727096
439.397462
4.000000
472.173030
372.822089
496.754707
429.155097
4.000000
625.808507
365.652434
647.317474
417.888496
4.000000
495.730470
377.943272
509.045546
405.597657
4.000000
457.833719
374.870562
468.076084
401.500711
7.000000
751.789597
12.290838
819.389207
59.405717
7.000000
786.613639
133.150746
810.171078
164.902079
7.000000
756.910781
163.877841
819.389208
188.459518
7.000000
788.662112
189.483754
812.219551
209.968484
7.000000
751.789597
220.210849
778.419747
266.301492
6.000000
798.904477
270.398438
840.898173
306.246716
6.000000
761.007726
276.543857
781.492456
306.246716
7.000000
478.318449
275.519621
505.972835
296.004351
7.000000
550.015005
300.101296
573.572446
309.319425
7.000000
408.670367
309.319426
458.857956
333.901102
7.000000
75.793502
359.507014
94.229759
375.894798
6.000000
389.209873
259.131836
396.379529
282.689276
6.000000
563.330080
340.046521
575.620917
354.385832
