7.000000
52.181038
309.505266
70.086302
328.689475
7.000000
52.181038
280.089475
71.365248
305.668423
7.000000
36.833669
154.752632
82.875775
226.373685
7.000000
26.602090
120.221053
85.433669
154.752633
7.000000
1.023143
12.789474
40.670512
47.321053
6.000000
1045.923148
232.768422
1075.338939
254.510527
7.000000
1089.407359
234.047370
1109.870517
254.510527
7.000000
1070.223148
175.215790
1090.686306
189.284213
7.000000
1088.128411
139.405264
1148.238939
157.310527
7.000000
1058.712622
131.731579
1085.570516
143.242105
2.000000
530.283536
329.237589
546.909852
344.584957
2.000000
566.094061
336.911273
599.346692
352.258642
2.000000
600.625643
339.469168
621.088800
353.537589
2.000000
618.530906
335.632326
654.341433
354.816535
2.000000
654.341432
338.190220
686.315115
354.816536
2.000000
677.362484
336.911273
728.520378
361.211273
2.000000
736.194064
334.353378
796.304590
365.048115
2.000000
800.141432
339.469168
856.415117
366.327063
2.000000
869.204589
334.353378
943.383537
365.048115
2.000000
974.991820
320.284957
1078.586557
365.048115
6.000000
510.044198
1.278947
538.181040
39.647370
7.000000
466.660012
310.690757
474.146536
323.168297
6.000000
264.523857
253.294071
275.753643
272.010381
7.000000
252.046317
237.073268
281.992414
249.550809
7.000000
960.770613
303.204232
976.991415
310.690757
7.000000
833.499701
306.947495
848.472749
316.929527
