2.000000
534.857376
308.938914
552.490041
323.265452
2.000000
505.102262
310.408303
528.245129
324.734840
2.000000
484.163478
306.000138
505.102262
333.551170
2.000000
456.612445
304.898096
488.571643
339.061377
2.000000
444.489989
310.408303
464.326732
340.163415
2.000000
414.734875
307.102177
447.796115
346.775668
2.000000
350.816479
306.000138
432.367536
353.387913
2.000000
567.918625
306.000136
585.551286
321.428713
2.000000
594.367616
307.102176
645.061517
346.775666
6.000000
585.551286
117.551069
610.898239
158.326598
6.000000
313.347074
128.571483
336.489943
168.244972
7.000000
843.796303
221.142954
884.571832
232.163368
7.000000
39.473128
159.210532
78.044574
171.332989
4.000000
176.126248
313.496315
195.962994
368.598380
4.000000
788.861218
300.271817
808.697963
360.884090
4.000000
755.799979
301.373861
780.044888
367.496338
4.000000
689.677499
300.271817
710.616282
342.149387
6.000000
568.452956
114.026836
587.187659
159.210530
4.000000
1082.501602
277.456120
1175.073072
451.578645
4.000000
946.692193
335.615396
950.360121
364.958818
4.000000
944.858229
330.113504
965.031832
377.796566
4.000000
873.333637
341.117287
884.337420
370.460710
4.000000
895.341203
333.781432
904.511023
374.128638
4.000000
911.846879
333.781432
919.182734
370.460710
