2.000000
552.755041
258.285087
576.462368
277.001396
2.000000
466.660012
239.568776
526.552206
294.469955
2.000000
621.381513
242.064284
685.016969
293.222200
2.000000
721.201837
237.073268
957.027351
386.803753
2.000000
597.674186
244.559792
622.629267
284.487923
2.000000
575.214614
257.037333
596.426431
275.753642
2.000000
281.992414
233.330006
393.042521
320.672788
2.000000
218.356957
257.037333
333.150330
341.884608
2.000000
2.495508
232.082252
242.064285
378.069475
4.000000
731.183869
222.100220
767.368735
290.726691
4.000000
914.603713
219.604712
937.063286
247.055297
4.000000
1136.703933
188.410860
1214.064684
335.645838
7.000000
831.004192
112.297864
858.454781
132.261929
2.000000
456.061426
257.470126
470.032673
279.424943
2.000000
526.915608
257.470126
537.893016
274.435212
2.000000
534.899177
257.470126
547.872478
272.439320
7.000000
659.642456
209.568708
672.615757
222.542009
