2.000000
237.525812
318.114925
368.165007
386.403596
2.000000
798.044334
304.754098
1277.549568
548.218056
2.000000
424.577390
278.032445
608.659894
445.785048
2.000000
668.041346
321.402115
737.814555
373.360886
2.000000
740.783627
327.340262
780.866109
358.515523
2.000000
614.598040
319.917579
659.134128
358.515523
7.000000
228.618594
171.463946
305.814483
192.247454
7.000000
83.134033
144.742292
111.340225
159.587656
6.000000
68.288670
227.876328
87.587643
250.144373
6.000000
203.381477
270.927880
222.680451
294.680463
6.000000
415.670172
172.948484
443.876361
202.639211
6.000000
191.505186
213.030964
209.319622
239.752618
2.000000
657.649593
318.433042
684.371247
352.577379
2.000000
0.000000
242.403573
56.412380
401.248961
6.000000
909.384557
191.929338
930.168065
218.650993
6.000000
745.661400
248.129636
772.383053
265.944072
