6.000000
514.709369
457.033095
523.721291
471.194685
6.000000
541.745130
460.895346
549.469633
471.194685
2.000000
532.733210
491.793359
546.894796
507.242365
2.000000
510.847118
493.080776
526.296124
511.104615
2.000000
500.547781
494.368194
509.559701
511.104616
2.000000
487.673609
490.505943
501.835195
522.691372
2.000000
424.590167
482.781439
469.649768
532.990709
2.000000
473.512019
491.793359
490.248442
530.415874
2.000000
257.225934
463.470181
401.416657
576.762895
2.000000
83.424617
480.206606
321.596794
633.409249
2.000000
0.000000
448.021175
150.370310
692.630438
2.000000
548.182216
493.080776
588.092148
518.829119
9.000000
594.529233
466.045016
649.888171
532.574634
9.000000
639.794086
467.332432
783.779559
573.074608
2.000000
696.235192
490.505943
803.090816
612.810573
2.000000
755.456381
480.206606
1038.688159
702.929775
2.000000
1088.897429
507.242365
1279.356147
718.199508
7.000000
664.049761
450.596009
675.636516
462.182763
7.000000
367.943811
419.697998
382.105401
441.584092
