7.000000
149.969575
319.986381
210.943763
354.060192
7.000000
548.095158
465.248417
580.375611
484.975361
7.000000
745.364589
463.455058
783.025117
495.735512
7.000000
830.324973
447.314833
854.759455
468.514902
7.000000
832.118334
468.514902
855.431993
486.448486
7.000000
798.044522
495.415279
812.391389
509.762147
7.000000
758.590635
493.621921
787.284370
509.762148
6.000000
729.896901
484.655128
742.450410
499.001996
2.000000
755.003919
516.935581
776.524221
533.075807
7.000000
864.398785
459.099770
893.092521
471.653279
7.000000
950.479993
469.859922
977.380371
480.620073
