6.000000
603.912957
242.064284
620.133759
280.744660
6.000000
1065.581951
44.919146
1112.996605
137.252945
7.000000
981.982432
396.785785
1003.194249
417.997602
7.000000
746.156917
366.839689
796.067077
401.776802
7.000000
671.291675
366.839689
698.742264
386.803752
7.000000
577.710122
432.970653
588.939908
446.695947
7.000000
560.241565
437.961670
568.975844
449.191456
6.000000
526.552206
432.970653
531.543221
444.200439
2.000000
408.015571
447.943700
439.209422
467.907765
2.000000
26.202835
426.731884
277.001397
505.340386
2.000000
0.000000
421.740867
44.919146
484.128571
2.000000
2.495508
450.439210
168.446795
701.237773
2.000000
640.097825
456.677980
671.291675
470.403274
2.000000
696.246756
452.934719
772.359753
477.889797
2.000000
832.231900
456.296164
943.060946
492.240719
