6.000000
600.089980
269.584165
616.564567
284.561065
6.000000
718.407474
248.616509
730.388993
266.588787
6.000000
245.137492
251.611889
263.109770
266.588787
6.000000
490.758623
263.593407
502.740140
277.072614
6.000000
54.930885
212.671953
74.400853
251.611889
7.000000
481.772482
290.551823
496.749380
302.533341
7.000000
836.724970
278.570304
854.697247
290.551823
7.000000
755.849719
251.611889
772.324307
263.593407
7.000000
808.268863
215.667334
826.241141
236.634992
6.000000
901.125630
289.054133
916.102528
311.519479
6.000000
50.437817
254.607268
68.410095
277.072614
7.000000
329.008123
314.514862
346.980400
329.491759
7.000000
1059.880750
193.201985
1158.728278
241.128060
2.000000
1122.783722
238.415308
1158.728278
289.054135
2.000000
718.407474
335.482518
731.886683
350.459415
2.000000
734.882061
326.496379
748.361271
351.957105
2.000000
742.370510
332.487139
757.347410
359.445556
2.000000
748.361271
329.491759
784.305826
369.430154
2.000000
695.942126
333.984828
715.412094
350.459415
2.000000
662.992950
335.482518
694.444435
356.450176
2.000000
577.624632
339.975588
613.569187
368.431695
9.000000
612.071497
329.491759
662.992950
374.422454
2.000000
508.730901
333.984828
553.661595
368.431693
2.000000
346.980400
317.510240
495.251691
413.362389
2.000000
185.229900
324.998691
332.003503
404.376251
2.000000
0.000000
254.607268
336.496571
638.015862
6.000000
652.509121
316.012552
664.490639
326.496379
6.000000
628.546085
320.505620
643.522982
329.491759
2.000000
1013.452367
323.501000
1085.341479
365.436313
2.000000
544.675454
333.984828
574.629250
359.445554
