6.000000
807.200286
384.397841
819.484638
405.895457
6.000000
578.404229
369.042401
587.617491
393.611105
6.000000
440.205268
407.431000
450.954076
433.535250
7.000000
788.773758
390.540017
834.840079
402.824369
7.000000
303.541852
407.431000
318.897292
428.928618
7.000000
441.740812
329.118257
460.167340
344.473697
7.000000
438.669724
358.293593
463.238432
379.791208
7.000000
533.873453
372.113489
559.977701
387.468931
7.000000
543.086716
381.326753
567.655420
395.146649
7.000000
544.622261
402.824369
567.655421
421.250897
7.000000
435.598636
436.606339
460.167344
461.175041
7.000000
386.461229
421.250898
404.887757
448.890692
7.000000
910.081734
408.966545
930.043806
418.179811
7.000000
896.261837
365.971313
911.617279
379.791208
6.000000
893.190750
436.606339
911.617279
448.890691
7.000000
1194.157375
327.582714
1240.223696
353.686962
2.000000
447.882988
478.066025
516.982470
544.094419
2.000000
404.887756
467.317217
460.167341
528.738976
2.000000
131.560923
439.677427
457.096254
600.909547
9.000000
0.000000
372.113489
131.560923
660.795764
2.000000
920.830543
485.743745
1126.593438
663.866850
2.000000
1063.636134
352.151417
1280.000000
719.146434
2.000000
443.276356
367.506856
974.574582
717.610889
1.000000
381.812737
441.704931
522.808944
480.385306
9.000000
596.426432
368.087443
766.120982
415.502096
