9.000000
31.934279
287.408515
115.761762
334.311987
5.000000
23.950708
292.398243
42.911686
331.318148
0.000000
2.993839
303.375652
57.880880
337.305824
2.000000
126.739171
289.404405
187.613891
328.324310
2.000000
315.351008
301.379760
342.295557
323.334578
2.000000
340.299661
297.387977
355.268855
323.334578
2.000000
357.264749
301.379760
373.231889
319.342793
2.000000
371.235996
301.379760
384.209298
320.340739
2.000000
383.211351
306.369493
403.170276
321.338686
2.000000
421.133308
309.363330
439.096340
325.330469
2.000000
407.162060
311.359224
421.133308
321.338686
2.000000
444.086070
309.363330
458.057317
325.330469
2.000000
463.047048
311.359224
481.010079
322.336633
2.000000
695.568520
311.359224
803.346712
395.186708
2.000000
662.636294
309.363330
722.513067
374.229834
2.000000
641.679424
302.377707
705.547982
358.262696
2.000000
628.706123
303.375652
661.638347
350.279125
2.000000
615.732821
307.367437
647.667100
346.287342
2.000000
591.782112
298.385922
636.689694
338.303771
2.000000
478.016245
302.377707
497.975169
329.322255
9.000000
188.611838
280.422890
264.455751
327.326363
2.000000
743.469938
313.355115
952.040700
433.108663
2.000000
483.005975
291.400296
561.843726
360.258586
4.000000
1129.675130
293.396190
1189.551902
425.125092
6.000000
339.301718
222.542009
348.283234
239.507093
6.000000
329.322255
221.544062
338.303772
237.511201
6.000000
552.862209
239.507093
559.847832
253.478342
6.000000
544.878638
238.509148
552.862209
254.476287
6.000000
457.059372
249.486557
464.044995
265.453696
6.000000
191.605675
262.459859
204.578974
273.437268
6.000000
440.094285
277.429049
448.077855
287.408512
6.000000
641.679424
281.420836
659.642456
295.392081
7.000000
300.381813
180.628266
333.314039
231.523524
7.000000
193.601568
245.494772
206.574869
254.476289
7.000000
451.071695
273.437265
467.038834
286.410566
7.000000
274.435212
222.542009
300.381815
232.521469
