2.000000
240.755792
398.675272
365.622356
481.919648
2.000000
355.828900
396.226908
387.657631
424.383097
2.000000
385.209267
397.451090
424.383091
423.158915
2.000000
418.262182
393.778544
451.315095
420.710548
2.000000
446.418367
396.226908
481.919642
418.262184
2.000000
468.453643
392.554362
506.403285
413.365456
2.000000
503.954919
388.881816
539.456199
415.813820
2.000000
548.025473
401.123637
608.010390
435.400732
2.000000
1044.635311
393.778544
1258.867163
523.541836
2.000000
1202.554789
402.347819
1279.678254
479.471284
2.000000
608.586776
337.384558
1091.154226
579.854208
2.000000
31.997053
391.248566
82.188518
431.646571
7.000000
848.526448
302.617787
874.234270
336.894883
