7.000000
411.749856
241.649915
444.149845
279.449902
7.000000
897.749686
197.099931
955.799663
244.349914
7.000000
523.799817
294.492755
535.949809
306.642749
7.000000
649.349773
295.842753
661.499767
309.342749
7.000000
669.599766
301.049894
691.199759
307.799891
6.000000
592.649794
293.399890
603.449788
302.849885
2.000000
532.085435
306.719889
553.685428
329.669879
2.000000
509.135443
308.069888
540.185432
344.519875
2.000000
491.585448
305.369889
518.585438
356.669873
2.000000
459.185460
302.669890
505.085444
360.719870
2.000000
422.735473
308.069888
488.885450
370.169866
2.000000
629.285401
310.769887
648.185394
331.019879
2.000000
638.735397
310.769887
667.085389
348.569872
2.000000
667.085386
312.119887
714.335372
348.569875
2.000000
694.085377
321.569884
749.435359
374.219864
2.000000
742.685361
326.969882
795.335341
401.219856
2.000000
260.735530
271.619901
456.485463
405.269853
2.000000
762.749733
298.349896
985.499655
457.649840
2.000000
533.249813
303.749895
649.349773
404.999859
9.000000
881.399686
298.701455
1278.299547
564.651363
2.000000
1.199995
229.851480
279.299898
611.901346
