2.000000
253.494838
346.335304
282.557941
370.554556
2.000000
208.285567
351.179158
256.724071
381.856876
2.000000
187.295549
352.793772
217.973268
396.388423
2.000000
114.637793
352.793772
203.441718
409.305360
2.000000
74.272374
367.325321
140.471662
425.451528
9.000000
421.414987
309.199119
487.614275
383.471492
2.000000
441.597697
342.298763
503.466893
387.508033
2.000000
587.296682
330.996444
832.718436
471.468104
2.000000
776.206849
282.557941
1278.352674
623.242088
6.000000
845.635372
268.026389
874.698475
298.704111
6.000000
414.956519
278.521400
424.644220
294.667567
6.000000
146.930128
159.039754
161.461681
199.405176
6.000000
411.727284
201.019791
427.873451
230.082893
6.000000
58.126205
310.813734
69.428523
333.418369
6.000000
553.813563
302.740651
565.115881
317.272202
6.000000
567.537805
302.740651
580.454739
322.116049
7.000000
713.660627
188.910167
750.796810
198.597868
7.000000
713.660627
201.827101
762.099132
216.358653
7.000000
692.670609
219.587886
741.109114
234.119439
7.000000
708.816778
237.348670
728.192178
266.411772
6.000000
495.687358
300.318725
505.375056
316.464893
6.000000
725.501142
275.561269
752.949627
298.165904
4.000000
614.092583
333.687474
646.384921
362.750577
2.000000
293.168280
332.149744
428.796091
448.402155
2.000000
2.152812
353.062876
84.498269
443.481415
