2.000000
277.824610
294.818531
479.949105
449.308593
2.000000
638.301418
307.692705
730.995454
382.362900
2.000000
899.647103
298.680784
1190.603384
448.021175
2.000000
535.169158
319.279458
570.606634
353.699757
2.000000
456.775596
319.279458
519.859038
400.386741
2.000000
808.240484
302.543035
953.718623
408.111243
2.000000
752.881546
315.417207
832.701411
391.374820
2.000000
727.133203
312.842372
764.468301
375.925814
2.000000
607.403405
323.141709
649.888173
356.614555
2.000000
591.954399
323.141709
615.127907
347.602636
9.000000
490.248444
301.255617
534.020628
355.327139
2.000000
576.505392
317.992042
593.241817
334.728465
7.000000
284.261696
169.939068
322.884211
195.687411
7.000000
718.121282
281.944360
741.294791
307.692703
7.000000
1064.436500
196.974828
1093.731274
218.699850
7.000000
1218.926562
146.137400
1279.356147
173.801317
7.000000
1226.651066
177.663570
1279.356147
204.699330
6.000000
555.906718
275.507276
562.343804
292.243698
6.000000
612.553074
275.507276
617.702744
288.381447
4.000000
262.375603
314.129791
289.411363
384.937735
