2.000000
94.483055
331.180213
410.160857
547.928239
2.000000
345.540326
337.462766
469.396342
475.230146
2.000000
375.158069
333.423981
492.282779
427.662254
2.000000
461.318776
341.501549
534.016872
411.507122
2.000000
520.554261
337.462766
571.712178
376.504335
2.000000
559.595833
340.604040
590.559838
367.529260
2.000000
591.906096
336.116504
621.523837
357.656682
2.000000
581.136007
340.604040
598.637401
363.490477
2.000000
665.950452
339.257778
687.490629
362.144216
2.000000
676.720542
336.565257
698.260718
367.529262
2.000000
686.144368
340.604040
706.338282
367.529260
2.000000
692.875674
339.257778
739.994810
374.260566
2.000000
765.573768
332.526474
892.122305
418.687181
7.000000
698.260716
298.869948
715.762109
316.371343
6.000000
544.786961
279.573541
560.942093
309.191284
2.000000
1027.441949
322.892295
1279.192759
602.914589
