2.000000
558.375991
281.460658
582.850830
300.690889
2.000000
563.620597
283.208861
581.102628
300.690891
2.000000
579.354425
279.712456
612.570279
318.172917
2.000000
652.778942
281.460658
689.491204
318.172917
2.000000
705.225029
267.475036
762.915722
311.180107
2.000000
448.239210
272.719644
474.462253
286.705267
2.000000
446.491007
279.712456
476.210455
291.949876
2.000000
442.994601
286.705267
472.714050
311.180106
2.000000
416.771558
283.208861
434.253587
302.439093
2.000000
383.555704
284.957065
409.778747
298.942687
2.000000
380.059299
290.201672
436.001790
314.676512
2.000000
343.347039
286.705267
378.311097
314.676513
2.000000
245.447679
284.957065
339.850635
325.165730
2.000000
236.706665
288.453470
255.936897
300.690891
2.000000
172.023161
290.201672
194.749798
300.690889
2.000000
142.303712
291.949876
156.289335
302.439093
2.000000
105.591452
312.928310
193.001596
335.654947
2.000000
595.088249
279.712456
668.512772
342.683405
2.000000
864.311488
190.554111
1278.635564
451.036334
7.000000
436.395108
30.468669
511.567831
116.130610
7.000000
537.790874
194.799736
567.510325
228.015590
7.000000
329.754735
222.770982
350.733170
233.260199
7.000000
329.754735
231.511995
408.423863
264.727850
