2.000000
0.000000
449.440830
305.846035
718.693037
2.000000
509.360557
465.826833
554.904326
499.252489
2.000000
554.904328
464.249702
572.405721
485.789877
2.000000
623.563639
444.055787
647.796338
460.210919
2.000000
723.186954
422.515610
783.768700
469.634746
2.000000
772.998614
421.169348
867.236886
483.097356
2.000000
666.643993
422.515610
702.993038
461.557180
2.000000
649.142600
442.709526
667.990254
461.557180
6.000000
624.909899
419.823089
631.641205
431.939437
7.000000
549.519281
426.554394
573.751980
435.978222
7.000000
674.721558
403.667955
688.184170
415.784306
7.000000
702.993038
384.820301
723.186956
392.897867
7.000000
701.646777
395.590388
716.455648
402.321694
7.000000
730.358701
297.102154
773.451361
344.715682
7.000000
739.542956
349.307809
779.341392
392.167663
