7.000000
631.356592
148.837393
761.294003
204.524854
7.000000
555.419144
131.962404
621.231598
199.462358
7.000000
516.606671
228.149838
546.981650
273.712308
6.000000
457.544212
250.087323
469.356702
266.962311
6.000000
427.169233
251.774822
437.294226
268.649810
6.000000
418.731738
250.087323
428.856731
266.962311
2.000000
408.606745
270.337309
427.169233
283.837300
2.000000
428.856731
272.024809
449.106717
285.524800
7.000000
364.936766
208.506316
403.377436
243.652072
7.000000
363.838461
248.045292
404.475741
283.191048
