2.000000
367.020557
440.772678
426.962521
458.402666
2.000000
371.721888
446.649340
483.378484
531.273286
2.000000
608.822282
464.256373
622.926272
479.535698
2.000000
590.016960
464.256373
608.822283
485.412362
2.000000
574.737636
461.905709
592.367626
488.938357
2.000000
559.458313
459.555043
578.263634
490.113690
2.000000
532.425663
457.204377
571.211639
503.042348
2.000000
467.782370
452.503047
546.529653
513.620340
2.000000
696.972226
470.133036
708.725552
483.061694
2.000000
742.810197
471.308368
754.563522
487.763024
2.000000
753.388191
473.659034
769.842847
490.113690
2.000000
763.966183
472.483701
787.472834
494.815019
2.000000
666.413578
468.957703
674.640909
481.886363
2.000000
672.290240
470.133036
695.796893
487.763026
2.000000
624.101605
454.266046
668.764244
497.753351
2.000000
698.147558
469.545370
749.862192
504.805349
2.000000
776.894842
455.441379
873.272114
527.136664
2.000000
868.570784
473.071367
970.824718
530.662665
2.000000
101.078603
428.408729
410.191074
596.481289
2.000000
0.000000
421.356733
155.143902
558.870646
5.000000
1046.633672
477.772697
1067.789658
522.435336
3.000000
1031.942013
496.578018
1077.779984
540.065326
2.000000
1051.335002
483.649361
1247.615545
584.727962
7.000000
590.604627
396.087084
677.579241
424.295065
7.000000
678.754571
397.262415
711.663883
413.717072
7.000000
681.105236
414.892406
715.189881
425.470399
