2.000000
27.315643
381.857442
93.747350
430.807122
2.000000
555.272903
289.202690
733.589592
472.763989
4.000000
751.071622
353.886195
765.057244
387.102051
4.000000
466.114558
367.871817
476.603774
404.584080
4.000000
1177.633115
322.418544
1202.107956
423.814311
4.000000
880.438632
376.612832
913.654486
408.080484
4.000000
484.689239
362.752091
495.178458
376.737716
2.000000
1128.683438
341.648775
1244.064826
404.584076
7.000000
411.920269
304.936516
455.625339
341.648774
7.000000
203.884130
303.188313
244.092795
320.670341
7.000000
1058.755323
259.483241
1104.208599
276.965270
7.000000
1083.230163
280.461676
1090.222974
317.173937
2.000000
740.189086
360.129786
750.678303
375.863612
2.000000
801.376184
356.633381
815.361809
372.367208
2.000000
817.110011
353.136975
829.347431
372.367209
2.000000
766.412128
360.129786
780.397753
374.115411
6.000000
797.879780
323.417526
803.124389
339.151352
