6.000000
483.184286
361.168057
492.194715
367.925879
6.000000
522.604915
353.283932
530.489040
363.420664
6.000000
542.878382
354.410235
549.636204
366.799576
6.000000
557.520330
375.810006
568.783367
382.567828
2.000000
525.232968
386.322168
535.369700
396.458900
2.000000
534.243399
384.069561
544.380131
395.332597
2.000000
557.895776
387.448473
575.916636
399.837813
2.000000
538.748612
381.816953
561.274687
403.216722
2.000000
503.833199
380.690649
528.611880
403.216724
2.000000
452.023228
377.311737
484.686036
406.595634
9.000000
374.308272
310.859821
455.402138
422.363886
2.000000
323.624606
373.932827
381.066094
420.111279
2.000000
230.892258
380.690649
314.238731
430.248012
2.000000
176.829681
373.932827
237.650080
417.858671
2.000000
55.188881
369.427612
207.239880
457.279301
2.000000
0.000000
389.701080
60.820400
423.490191
2.000000
602.572479
362.669790
671.277004
420.111279
9.000000
915.459631
1.126303
1277.003118
586.804226
