7.000000
589.783219
395.274452
607.737873
406.700142
7.000000
744.846147
434.448244
756.271837
450.770657
7.000000
1186.095405
335.425595
1233.430403
348.483525
7.000000
1050.619374
355.012492
1079.999717
376.231629
6.000000
1222.004714
363.445741
1261.178508
396.906688
6.000000
1161.611784
211.103217
1188.543767
267.415542
2.000000
625.964553
470.901626
638.206363
481.511194
2.000000
643.103087
470.085505
665.954465
486.407918
2.000000
676.019962
454.035140
708.664787
483.415484
2.000000
754.911618
463.828588
793.269288
479.334880
9.000000
590.599340
439.344968
628.140891
476.886518
2.000000
355.828611
443.561582
386.025076
463.148480
2.000000
721.450672
455.803393
744.302051
472.125807
