2.000000
666.598148
269.836847
686.175186
285.498477
2.000000
655.830776
281.583070
681.280926
300.181256
2.000000
647.999960
286.477330
680.302074
309.969775
2.000000
646.042257
292.350440
678.344370
311.927480
2.000000
636.253738
298.223552
671.492407
321.715998
2.000000
622.549812
305.075515
669.534704
341.293036
2.000000
612.761292
308.990922
659.746184
351.081555
2.000000
593.184254
306.054366
644.084553
371.637444
2.000000
480.616284
303.117810
614.718996
411.509349
2.000000
454.533921
318.453149
560.429429
446.748019
2.000000
712.151473
265.660417
723.897696
276.427788
2.000000
714.109177
272.512380
724.876548
282.300899
2.000000
716.066880
277.406639
731.728511
288.174011
2.000000
719.982289
285.237453
740.538180
300.899083
2.000000
726.168281
294.774270
744.766468
310.435900
2.000000
730.083690
295.753123
758.470394
316.309014
2.000000
733.020246
305.541640
772.174322
332.949493
2.000000
743.787616
312.393603
782.941692
344.695717
2.000000
760.428098
314.351308
816.222657
363.293904
2.000000
780.983989
327.076384
849.503621
390.701758
2.000000
822.095769
320.224419
914.107848
401.469128
2.000000
872.996068
346.653420
978.712074
430.834684
2.000000
932.222956
327.953623
1081.008446
463.035186
2.000000
667.473761
305.415700
706.197156
343.590924
2.000000
693.472082
319.143957
738.566705
361.210257
2.000000
0.346638
160.857990
509.349627
579.806606
2.000000
947.062161
302.503474
1278.892956
616.714936
