2.000000
106.242523
255.318008
166.012693
294.511560
2.000000
53.331227
257.277684
122.899785
299.410755
2.000000
324.746585
271.975267
343.363523
288.632527
2.000000
303.190131
266.096234
326.706263
292.551882
2.000000
395.294980
277.854301
407.053047
291.572045
2.000000
376.678042
274.914785
396.274818
292.551884
2.000000
361.980459
275.894622
377.657880
291.572045
2.000000
342.383684
272.955106
364.919977
290.592205
2.000000
271.835286
263.156718
311.028841
290.592205
2.000000
0.000000
256.297847
69.008649
303.330110
2.000000
406.073206
273.375049
427.629662
293.951666
2.000000
661.671190
258.677468
700.864743
300.810539
2.000000
962.901630
266.376192
1046.187932
333.005232
2.000000
853.159681
243.839897
966.820987
333.985070
2.000000
1037.649357
258.537480
1246.355030
353.581847
2.000000
1194.143596
291.991987
1268.611346
369.399256
2.000000
697.925227
222.423431
865.477669
342.943607
2.000000
451.005839
193.588160
679.308287
394.455122
7.000000
989.310631
224.056479
1000.088861
239.733899
7.000000
996.169502
200.540346
1019.685635
224.056479
7.000000
976.572727
140.770177
1038.302571
199.560507
7.000000
713.975918
200.540346
725.733985
213.278251
