2.000000
31.669897
87.444098
153.047533
161.836843
2.000000
0.346636
103.105729
63.972010
181.413882
2.000000
933.192502
113.873101
1115.258956
211.758290
2.000000
262.876104
101.382543
284.410846
123.896137
2.000000
226.658584
97.467138
268.749216
125.853844
2.000000
163.033210
95.509433
226.658584
129.769249
2.000000
288.326253
95.509433
346.078517
124.874989
2.000000
377.401777
94.530581
422.428965
124.874989
2.000000
424.386668
90.615174
447.879114
109.213360
2.000000
486.054339
88.657469
494.864006
101.382543
2.000000
468.435005
91.594026
485.075486
100.403693
2.000000
627.987863
111.589116
674.172016
142.912377
2.000000
731.746167
111.171064
898.150992
211.013959
2.000000
1057.506694
107.021136
1278.380588
246.018106
7.000000
825.661582
46.006040
852.090583
56.773409
7.000000
812.936507
55.794559
836.428952
64.604226
7.000000
819.788470
64.604226
834.471249
77.329300
