2.000000
636.979879
374.143023
645.796206
380.755273
2.000000
608.767616
363.673633
630.808442
380.204252
2.000000
597.747201
368.081795
619.788028
383.510372
2.000000
566.890046
368.081795
586.726786
382.408332
2.000000
573.502293
371.387920
605.461491
400.040994
2.000000
703.543167
365.877714
718.530936
382.628740
2.000000
712.359498
365.877714
727.788075
379.102210
2.000000
735.502364
395.632831
782.890141
427.592030
2.000000
766.359520
398.938956
847.910578
457.347146
2.000000
802.726884
406.653243
884.277942
476.081847
2.000000
842.400372
393.428747
999.992281
502.530838
2.000000
929.461671
407.755287
1245.967948
592.898226
2.000000
718.530934
367.200159
741.673801
384.832821
2.000000
547.714533
391.445088
588.490057
426.710409
2.000000
448.530812
405.771624
497.020630
435.526736
2.000000
323.338923
402.465500
450.073672
444.343069
2.000000
484.236955
399.159376
549.257391
453.159398
2.000000
320.694024
424.506324
441.918570
502.751262
2.000000
28.653074
424.506324
263.387873
556.751284
2.000000
0.000000
472.996144
38.571447
590.914564
2.000000
648.000291
373.812411
659.020704
380.424660
4.000000
1222.194479
366.775814
1276.520761
481.301486
