7.000000
550.764437
255.412145
573.797597
279.980848
6.000000
957.683598
255.412145
991.465567
286.123024
2.000000
423.314284
295.336289
441.740812
313.762817
2.000000
406.423300
298.407377
423.314284
315.298362
2.000000
364.963614
296.871832
403.352214
330.653801
2.000000
240.584548
287.658569
364.963612
379.791209
9.000000
447.882988
279.980848
592.224125
350.615872
2.000000
515.446926
298.407377
559.977702
359.829138
2.000000
527.731277
303.014008
583.010862
376.720121
2.000000
546.157805
304.549553
687.427854
412.037634
7.000000
632.148269
252.341057
649.039253
278.445306
6.000000
933.119950
253.878662
947.281539
280.914423
