2.000000
62.825942
297.393366
388.542487
446.733759
2.000000
1155.843120
354.039722
1278.147751
396.524490
2.000000
835.276245
338.590716
917.670944
360.476809
2.000000
873.898760
352.752305
970.455049
373.350980
2.000000
733.570288
337.303299
815.964987
360.476808
2.000000
675.636516
324.429127
747.731877
352.752305
2.000000
620.277577
330.866213
675.636516
348.890053
2.000000
584.229896
325.716544
635.726583
346.315219
2.000000
557.194136
321.854293
597.104069
338.590716
2.000000
621.564994
320.566876
655.037841
333.441047
1.000000
761.893466
298.680784
903.509355
354.039722
2.000000
534.020627
325.716544
557.194135
337.303300
2.000000
445.188842
310.267538
476.086854
343.740385
2.000000
335.758382
297.393366
365.368978
314.129791
2.000000
420.727916
306.405287
451.625928
323.141710
2.000000
387.255069
301.255618
415.578247
312.842373
2.000000
366.656395
312.842373
432.314670
360.476809
2.000000
531.445792
312.842373
552.044466
324.429128
2.000000
503.122615
311.554955
523.721289
321.854293
2.000000
523.721289
305.117869
540.457713
315.417207
2.000000
474.799437
307.692704
495.398112
317.992041
2.000000
459.350431
317.992041
545.607381
384.937734
7.000000
313.872291
236.884759
366.656395
263.920521
7.000000
371.806063
243.321845
416.865664
266.495354
7.000000
379.530566
265.207937
414.290830
278.082109
2.000000
492.823277
302.543035
506.984866
312.842373
7.000000
421.133308
263.457804
447.079910
278.426997
