2.000000
683.504062
423.699455
696.477363
438.668650
2.000000
671.019052
421.931668
686.986191
435.902915
2.000000
641.080665
413.948098
672.016998
438.896752
2.000000
633.097095
422.929614
643.076558
437.898807
2.000000
613.138171
420.933721
638.086825
439.894701
2.000000
693.971815
420.933721
716.924577
437.699213
2.000000
716.924578
419.935775
728.899933
435.902915
2.000000
723.910202
417.939883
737.881449
440.892646
2.000000
729.897879
407.960421
758.838320
441.890593
2.000000
744.867073
406.962474
769.815727
447.878271
2.000000
750.854750
403.968636
794.764383
450.872107
2.000000
762.830105
407.960421
811.729470
454.863893
2.000000
774.805460
409.956313
839.671964
463.845409
2.000000
813.725347
405.964528
899.548725
501.767366
2.000000
557.253182
407.960421
598.168977
447.878271
2.000000
563.240859
412.950152
588.189515
447.878270
2.000000
530.308634
407.960421
574.218268
455.861839
2.000000
501.368193
407.960421
554.259343
465.841303
2.000000
441.491420
406.962474
528.312741
468.835140
2.000000
386.604370
413.948098
477.417476
484.802280
2.000000
262.859038
410.954259
418.538649
507.755043
2.000000
1.336529
389.997388
305.770727
542.683160
2.000000
1.336529
508.952591
26.285184
546.874546
9.000000
880.812304
109.488959
1278.992849
561.701166
7.000000
537.693415
386.205190
552.662608
397.182598
