6.000000
47.249969
109.687425
57.374961
134.999906
6.000000
10.124992
113.062423
21.937485
136.687406
2.000000
65.812456
315.562283
116.437420
345.937261
2.000000
143.437401
315.562283
170.437384
327.374776
2.000000
175.499879
310.499787
226.124845
335.812269
9.000000
178.874877
296.999797
241.312333
322.312278
7.000000
200.812362
239.624835
215.999853
263.249819
7.000000
234.562339
199.124863
280.124806
231.187341
2.000000
1042.874284
285.187304
1154.249206
332.437272
2.000000
891.674377
291.937299
945.674342
313.874785
2.000000
812.361931
296.999797
841.049411
318.937283
6.000000
760.049468
273.374813
773.549458
290.249800
6.000000
654.749548
281.812306
664.874542
295.312296
6.000000
617.624576
281.812306
631.124566
293.624797
6.000000
512.999648
286.874802
528.187138
296.999795
2.000000
425.249708
298.687296
474.187175
323.999777
2.000000
622.687072
302.062293
637.874561
312.187285
2.000000
600.749587
303.749790
617.624576
317.249781
2.000000
565.312110
303.749790
587.249597
318.937281
2.000000
639.562060
298.687296
668.249542
323.999777
2.000000
529.874635
300.037299
553.499619
315.224788
7.000000
776.249466
219.037349
799.874450
237.599837
7.000000
594.843341
153.984268
621.843322
196.171740
2.000000
502.874655
299.109168
518.062146
312.609159
