7.000000
345.627870
375.573967
375.573966
384.308245
7.000000
690.007986
388.051507
708.724295
398.033540
7.000000
300.708724
396.785786
316.929526
401.776802
7.000000
680.025953
415.502096
691.255739
426.731883
7.000000
717.458575
408.015573
724.945099
419.245359
7.000000
724.945099
406.767818
738.670393
414.254342
6.000000
670.043920
381.812737
677.530444
396.785786
6.000000
531.543222
383.060491
541.525255
401.776802
6.000000
560.241565
404.272310
566.480336
416.749849
6.000000
631.363546
406.767818
638.850070
416.749850
2.000000
576.462368
430.475144
627.620282
467.907767
2.000000
692.503494
431.722899
748.652426
466.660011
2.000000
1081.802755
406.767818
1278.947894
576.462368
2.000000
935.815531
376.821720
1177.879815
529.047713
2.000000
864.693552
413.006587
960.770613
500.349371
2.000000
809.792374
422.988620
892.144141
482.880815
2.000000
781.094031
427.979637
828.508685
475.394290
2.000000
757.386704
426.731883
789.828309
466.660010
2.000000
726.192853
417.997604
768.616490
437.961669
2.000000
682.521461
440.457177
692.503495
454.182472
2.000000
666.300659
439.209424
682.521461
452.934719
2.000000
655.070872
432.970653
667.548413
446.695947
2.000000
646.336594
431.722899
658.814135
446.695947
2.000000
635.106808
429.227391
646.336594
445.448194
2.000000
87.342783
416.749850
187.163109
472.898783
2.000000
187.163107
426.731883
243.312039
465.412257
2.000000
247.055300
430.475144
281.992415
460.421241
2.000000
278.249152
427.979637
305.699738
451.686962
2.000000
308.195250
432.970653
363.096424
455.430226
2.000000
391.794769
427.979637
422.988620
449.191454
2.000000
421.740867
431.722899
444.200440
447.943701
2.000000
442.952685
432.970653
461.668998
449.191456
2.000000
462.916750
435.466160
476.642044
446.695947
2.000000
501.597125
426.731883
532.790976
451.686962
2.000000
542.773010
430.475144
567.728089
449.191453
6.000000
389.299261
371.830704
401.776802
386.803754
4.000000
34.937113
421.740867
59.892193
465.412257
