2.000000
4.009433
441.818495
123.824619
500.228397
2.000000
830.734210
429.836978
955.042464
509.214536
2.000000
818.752690
441.818495
854.697247
485.251500
2.000000
787.301205
422.348527
832.231896
486.749189
2.000000
769.328928
426.841597
803.775795
485.251500
2.000000
745.365890
431.334664
779.812760
474.767670
2.000000
727.393613
434.330047
752.854340
465.781532
2.000000
712.416716
432.832356
743.868199
467.279223
2.000000
703.430575
437.325426
721.402852
458.293083
2.000000
679.467539
431.334664
706.425952
455.297702
2.000000
622.555325
429.836978
652.509121
455.297701
2.000000
594.099219
431.334664
618.062254
447.809253
2.000000
468.215253
436.041691
489.182913
455.511659
2.000000
497.607441
439.037071
516.141328
461.502418
2.000000
538.045065
425.343906
549.090504
444.065030
2.000000
420.289181
437.967284
454.736051
463.428011
2.000000
520.634398
436.469595
535.611299
451.446493
2.000000
552.085886
430.478835
568.560475
440.962662
6.000000
1167.636398
260.170116
1187.106366
303.603121
6.000000
983.420551
180.792557
1004.388208
237.704769
6.000000
955.824789
179.294866
981.922862
245.193218
7.000000
1023.858175
225.723251
1118.212634
252.681666
7.000000
403.814593
390.255171
424.782249
399.241312
6.000000
447.247597
385.548140
454.736050
399.027349
6.000000
661.417242
387.045831
668.905691
406.729759
6.000000
550.588195
393.250551
555.081262
408.227448
6.000000
676.394139
393.036590
695.864107
403.520419
7.000000
775.241666
384.921537
794.373972
404.162301
6.000000
1128.696463
366.078173
1155.654879
388.543521
7.000000
1143.673361
324.570778
1190.101745
338.049986
6.000000
1173.627157
365.008404
1199.087884
391.966821
2.000000
664.773997
428.853732
683.445180
448.623220
7.000000
538.468936
401.396110
548.353678
409.084244
