6.000000
532.790976
200.888401
540.277500
212.118187
6.000000
547.764025
202.136155
557.746057
212.118187
6.000000
577.710122
203.383909
586.444400
214.613695
2.000000
555.250549
232.082252
631.363546
281.992414
2.000000
480.385306
218.356957
516.570175
249.550810
2.000000
277.001397
212.118187
381.812737
254.541825
2.000000
656.318626
235.825514
687.512479
255.789579
2.000000
638.850070
228.338990
657.566381
252.046317
2.000000
519.065682
223.347974
534.038730
237.073268
2.000000
89.838291
199.640647
129.766420
220.852466
2.000000
142.243961
205.879417
177.181074
222.100220
2.000000
188.410860
202.136155
225.843483
220.852466
2.000000
436.713915
220.852466
470.403274
237.073268
