7.000000
1119.043757
148.837394
1137.606244
165.712382
7.000000
1110.606263
165.712380
1139.293743
197.774860
7.000000
975.606356
212.962348
995.856344
229.837337
7.000000
977.293854
196.087360
995.856342
207.899852
7.000000
931.731386
185.962367
967.168861
212.962348
7.000000
894.606411
184.274869
913.168898
207.899852
7.000000
604.356612
172.462375
624.606598
192.712362
2.000000
64.356982
110.024919
99.794458
125.212409
2.000000
460.919209
226.462338
486.231692
253.462320
2.000000
486.231692
236.587332
533.481659
268.649810
2.000000
536.856657
228.149838
562.169140
245.024827
2.000000
589.169122
224.774840
606.044110
239.962330
2.000000
911.481401
229.837337
962.106366
253.462320
2.000000
962.106366
243.337328
1009.356332
273.712307
2.000000
1070.106290
241.649828
1156.168732
290.587295
2.000000
1135.918745
250.087323
1264.168656
310.837281
2.000000
1238.856173
253.462322
1277.668648
285.524800
2.000000
700.544045
229.837337
714.044035
241.649828
2.000000
675.231562
226.462338
690.419050
241.649828
2.000000
714.044035
233.212335
752.856510
260.212317
2.000000
1002.606337
246.712325
1063.356295
282.149802
2.000000
594.231618
219.712343
708.981540
327.712270
2.000000
417.044239
228.149838
465.981706
256.837318
2.000000
293.856824
223.087342
368.106774
270.337308
2.000000
148.731925
216.337347
246.606858
278.774803
9.000000
0.000000
219.712343
131.856936
293.962293
1.000000
141.981930
131.962404
270.231841
175.837374
9.000000
482.856694
201.149857
530.106662
246.712325
9.000000
560.481640
207.899852
594.231617
243.337328
9.000000
1004.293836
212.962348
1083.606279
258.524817
2.000000
1264.168656
272.024808
1279.356146
320.962275
9.000000
820.356463
219.712343
864.231433
248.399823
