2.000000
1.397852
461.116438
64.001231
511.638461
4.000000
1246.875581
383.136791
1278.726423
458.919827
7.000000
589.130736
392.753831
605.605308
413.621624
7.000000
759.807318
422.408062
787.264940
439.980940
7.000000
720.268341
424.604671
740.037829
438.882635
7.000000
680.729366
445.472466
687.319195
454.258904
2.000000
733.667657
457.334162
743.552398
463.923991
2.000000
713.898171
454.039245
724.881218
462.825684
2.000000
722.684609
456.235856
735.864267
467.218904
2.000000
688.637158
455.137551
705.111731
467.218903
2.000000
617.247340
459.530769
637.016828
476.005341
2.000000
634.820217
451.842636
656.786317
473.808735
2.000000
644.704963
457.334162
667.769366
474.907040
2.000000
471.996521
455.247370
514.830411
481.606688
2.000000
399.508398
460.738896
426.966019
480.508383
2.000000
314.938923
453.050761
404.999922
485.999909
2.000000
702.091392
458.542287
720.762576
473.918554
2.000000
665.847331
456.345676
694.403260
479.410078
2.000000
493.413466
444.264321
633.996489
543.111762
