6.000000
11.017638
226.473670
44.070552
284.010224
6.000000
7.345092
301.148772
40.398006
334.201687
6.000000
1056.224253
246.060582
1083.156256
290.131134
6.000000
1056.224253
315.838957
1075.811164
342.770960
6.000000
621.639624
343.995142
627.760535
353.788598
2.000000
553.330265
354.033431
568.020449
365.051069
2.000000
534.967535
350.360885
552.106084
371.171979
2.000000
510.483894
355.257614
534.967535
378.517071
2.000000
468.861706
352.809249
510.483894
387.086345
2.000000
609.642637
356.481795
623.108639
368.723615
2.000000
624.332821
356.481795
637.798824
369.947798
2.000000
637.798824
355.257614
658.609918
371.171979
2.000000
651.264825
358.930160
670.851736
379.741254
2.000000
663.506646
361.378523
690.438649
387.086345
2.000000
686.766103
362.602706
717.370653
393.207255
2.000000
705.128834
365.051069
739.405929
399.328164
2.000000
739.405929
363.826887
785.924844
409.121621
2.000000
779.803935
379.741253
834.892126
443.398717
2.000000
427.239519
363.826887
479.879345
400.552347
2.000000
293.803680
380.965434
401.531698
439.726190
2.000000
597.400817
354.033431
609.642637
368.723615
2.000000
828.771215
383.413818
932.826685
456.864739
2.000000
0.000000
363.582053
169.105438
717.370651
2.000000
1209.170465
495.793712
1278.948839
717.370653
7.000000
228.922033
288.906951
253.405674
309.718046
7.000000
230.146216
310.942227
252.181493
335.425868
7.000000
494.569529
335.425868
500.690439
348.891871
7.000000
676.972647
336.650050
684.317739
348.891869
7.000000
1049.123975
297.476226
1105.436347
313.390592
