6.000000
648.231581
454.274683
654.981576
467.774673
6.000000
727.544026
447.524687
737.669019
461.024678
7.000000
739.356518
445.837188
757.919006
457.649680
7.000000
438.981724
449.212186
455.856713
469.462172
7.000000
390.044258
442.462191
410.294243
467.774673
7.000000
422.106736
428.962200
444.044221
442.462191
2.000000
582.419126
476.212168
609.419107
503.212149
2.000000
653.294077
474.524669
676.919061
494.774655
2.000000
759.606504
464.399676
786.606485
503.212149
2.000000
773.106495
464.399676
813.606467
504.899649
2.000000
800.106476
447.524687
882.793919
515.024641
2.000000
833.856453
454.274683
909.793901
528.524629
2.000000
881.106420
459.337179
975.606355
531.899630
2.000000
935.106383
455.962181
1080.231284
557.212111
2.000000
472.731701
486.337161
508.169177
525.149634
2.000000
437.294226
482.962163
484.544193
531.899629
2.000000
354.606782
471.149671
442.356722
540.337123
9.000000
607.731608
452.587184
654.981576
504.899648
2.000000
746.106513
469.462172
764.669000
498.149652
2.000000
533.481659
482.962163
579.044128
509.962144
2.000000
685.356555
469.462172
754.544007
526.837133
2.000000
212.856880
481.274664
371.481771
565.649606
2.000000
1054.918801
378.337235
1279.356147
604.462079
