2.000000
2.295355
412.265653
56.978878
524.063076
2.000000
1031.560759
424.417547
1278.306668
586.037731
2.000000
641.619993
424.101092
670.784537
447.594756
2.000000
578.430144
422.480841
617.316208
450.430194
2.000000
409.518821
398.177053
510.379541
471.088417
2.000000
139.913866
376.951747
290.597350
469.306136
2.000000
69.432880
404.901102
145.989812
491.179548
2.000000
508.116246
403.685909
566.445336
464.445378
2.000000
616.101016
425.721347
634.328857
445.164378
2.000000
790.480692
419.847932
842.733834
458.733993
2.000000
840.303458
431.999825
890.126225
479.392210
2.000000
874.328759
438.075771
943.594555
506.126375
2.000000
940.730194
430.350643
1082.907352
528.780983
2.000000
779.665515
427.260593
802.754114
447.918810
2.000000
773.589566
429.690972
784.526273
445.488433
2.000000
659.442795
424.506170
686.176960
440.303635
2.000000
691.037720
421.670715
715.341508
439.088443
6.000000
765.569310
410.734011
771.645256
422.885903
6.000000
707.240220
408.303632
715.746547
420.455525
7.000000
925.974307
401.012496
947.847718
411.949201
7.000000
905.316089
380.354276
919.898360
392.506170
7.000000
890.733817
391.290982
913.822417
402.227689
7.000000
846.987000
407.088443
861.569270
418.025148
7.000000
552.911167
379.139086
566.278252
387.645412
6.000000
747.306734
413.402292
756.306733
423.527291
