2.000000
787.297785
346.922379
882.514092
413.044814
2.000000
623.314147
337.665238
796.554926
435.526442
2.000000
348.244817
338.987687
627.281493
483.134596
2.000000
1011.673275
336.846587
1043.412044
371.230252
2.000000
1035.477351
332.879241
1083.085505
371.230252
2.000000
1076.473261
338.169036
1104.244684
365.940459
2.000000
1108.212030
336.846587
1154.497735
364.618010
2.000000
1151.852837
326.266998
1187.558952
355.360869
2.000000
1194.171195
324.944549
1228.554861
334.201690
2.000000
1228.554861
326.266998
1251.036489
344.781279
2.000000
1187.558952
331.556792
1223.265067
356.683318
2.000000
1257.060940
328.311662
1275.575222
345.503495
2.000000
0.000000
337.568803
352.506030
563.707530
9.000000
1149.370092
315.044978
1186.603968
331.702238
2.000000
913.536418
334.778269
958.609005
391.608922
2.000000
916.475935
326.939559
1027.197723
399.447632
