6.000000
793.356481
174.149875
806.856471
185.962368
7.000000
941.856379
125.212409
955.356369
140.399898
7.000000
793.356481
133.649903
803.481473
150.524890
7.000000
793.356481
115.087416
805.168973
128.587408
2.000000
692.106549
172.462376
764.669000
191.024864
2.000000
646.544082
170.774878
661.731571
187.649865
2.000000
616.169103
167.399880
649.919079
189.337365
2.000000
577.356629
169.087379
621.231599
192.712361
2.000000
437.294225
162.337383
577.356628
283.837299
2.000000
253.356851
182.587369
432.231728
341.212260
9.000000
660.044072
131.962404
744.419015
191.024864
9.000000
194.294393
57.712455
467.669204
246.712325
9.000000
199.356889
131.962404
236.481864
179.212371
9.000000
0.000000
0.000000
293.222200
449.191455
2.000000
503.106680
189.337365
840.606448
457.649681
9.000000
172.190058
89.838291
230.834498
122.279896
