7.000000
1156.683005
82.752983
1237.458669
170.259950
2.000000
0.244783
220.071609
79.377498
263.009696
2.000000
90.444272
225.456652
156.411061
257.766916
9.000000
175.258715
216.032824
214.300284
251.035610
2.000000
230.455417
229.495434
246.610550
246.996827
9.000000
396.045524
201.223953
463.358575
271.229526
2.000000
487.591275
236.226740
498.361364
246.996827
2.000000
492.976320
230.841696
523.940328
260.459439
2.000000
523.940325
233.534217
540.095456
253.728133
2.000000
521.247802
237.573000
607.408506
306.232314
2.000000
572.405721
222.764130
610.101029
264.498222
2.000000
603.369723
233.534217
627.602420
268.537005
2.000000
615.486072
217.379088
669.336512
275.268311
1.000000
651.835119
186.415083
779.729916
296.808490
4.000000
723.186954
234.880479
758.189742
292.769704
4.000000
744.727132
244.304306
770.306092
312.963620
2.000000
762.228525
242.958044
883.392017
321.041183
4.000000
903.585931
224.110392
927.818628
296.808485
4.000000
929.164892
228.149175
945.320025
284.692138
4.000000
946.666286
234.880479
972.245245
286.038400
6.000000
414.893179
187.761343
427.009527
195.838908
7.000000
78.327922
160.836122
124.100796
170.259950
7.000000
569.713197
217.256705
589.907115
229.373054
6.000000
527.622444
177.506390
538.640081
194.644939
6.000000
11.017637
162.816206
24.483640
177.506390
