7.000000
887.533517
251.632760
931.615169
273.673588
7.000000
647.288511
312.245033
670.431378
336.489942
2.000000
532.915691
357.061402
547.242228
372.489980
2.000000
540.629980
354.857319
563.772847
376.898145
2.000000
491.038121
358.163444
502.058535
374.694063
2.000000
480.017708
354.857319
494.344244
375.796105
2.000000
456.874840
349.347111
486.629957
383.510392
2.000000
444.752387
355.959361
468.997296
387.918558
2.000000
419.405436
357.061402
456.874840
393.428764
2.000000
408.385023
354.857319
439.242179
401.143054
2.000000
354.384998
349.347111
431.527890
414.367549
2.000000
299.282933
355.959361
390.752362
432.000212
2.000000
239.772701
360.367527
352.180916
456.245120
2.000000
553.854475
358.163444
579.201426
379.102230
2.000000
573.691220
357.061402
604.548376
392.326725
2.000000
583.609592
361.469567
617.772873
397.836929
2.000000
594.630004
366.979773
633.201449
407.755301
2.000000
616.670831
365.877733
672.874938
418.775716
2.000000
645.323904
368.081814
716.956589
433.102251
2.000000
682.163588
371.387939
801.184050
460.653285
2.000000
743.877902
374.694063
936.735131
511.347185
2.000000
830.388129
376.898128
1277.816900
649.102332
2.000000
1.653061
340.530766
278.265430
511.347169
2.000000
0.000000
434.204278
87.612283
559.836986
2.000000
501.948197
361.268396
530.487058
383.092231
6.000000
542.238353
315.606224
550.632136
335.751302
6.000000
471.730580
310.569955
480.124362
330.715033
