6.000000
270.901802
89.781929
290.738545
127.251334
6.000000
530.983551
126.149290
546.412128
150.394198
7.000000
566.890061
184.040899
574.604352
192.857230
7.000000
660.563572
165.306197
678.196232
173.020485
7.000000
668.277860
178.530692
682.604397
185.142941
7.000000
845.045299
165.306197
871.494292
177.428651
6.000000
539.779836
177.428651
547.494125
190.653146
6.000000
834.686082
192.857230
860.033033
207.183767
7.000000
143.065010
116.230920
166.207878
132.761537
6.000000
136.452762
150.394200
151.881339
164.720737
6.000000
215.799737
145.986034
225.718107
158.108488
6.000000
672.245199
195.796003
687.673776
205.714375
2.000000
0.000000
176.877631
105.795966
322.347085
2.000000
199.469476
187.898044
296.449114
252.918482
2.000000
335.020559
184.591919
411.061408
241.898066
2.000000
511.898189
202.224582
531.734934
217.653159
2.000000
546.061471
214.347035
561.490048
229.775613
2.000000
567.000255
212.142952
602.265576
239.693985
2.000000
701.449295
218.755201
833.694253
311.326671
2.000000
819.367715
229.775613
942.796342
325.653207
2.000000
313.369995
181.102117
554.717041
396.000171
4.000000
983.411111
180.000075
1193.901001
717.796236
2.000000
861.084526
180.000075
1278.758181
649.469674
