2.000000
0.000000
234.435027
44.553056
268.205418
2.000000
50.426168
232.232612
117.966949
266.737140
2.000000
193.583259
230.030195
258.187485
265.268862
2.000000
247.175399
223.422943
310.311348
272.610253
2.000000
357.296240
226.359500
411.622521
269.673696
2.000000
518.806804
217.549831
546.704083
243.978833
2.000000
546.704083
211.676721
596.625530
243.244695
2.000000
557.716167
231.498473
593.688975
265.268862
2.000000
531.287166
232.966751
580.474473
273.344392
2.000000
383.725241
232.966751
530.553028
350.428978
2.000000
1035.395895
223.422943
1156.528818
288.027170
2.000000
1144.048457
222.688804
1258.574130
293.166142
2.000000
1229.942712
234.435027
1279.130019
296.102698
2.000000
762.036208
212.900288
828.108711
252.543790
2.000000
833.981823
209.963734
914.737105
256.948624
