9.000000
935.106383
190.687369
1139.293742
323.999776
2.000000
525.044165
215.999853
538.544156
232.874841
2.000000
504.794178
217.687350
521.669167
232.874839
2.000000
489.606689
229.499843
496.356685
244.687332
2.000000
472.731701
232.874839
489.606689
249.749828
2.000000
462.606708
237.937336
477.794197
253.124826
2.000000
447.419218
241.312334
462.606708
259.874821
2.000000
435.606728
246.374831
452.481716
264.937317
2.000000
406.040889
246.374831
435.606726
274.858448
2.000000
341.106793
239.624834
378.231767
278.437309
2.000000
241.544360
241.312334
341.106791
300.374793
2.000000
1.919525
197.437364
280.356834
501.187155
2.000000
509.856676
229.499843
523.356666
253.124827
2.000000
519.981669
226.124844
607.731608
305.437290
4.000000
663.408345
139.927937
713.382608
159.917642
7.000000
602.189872
2.498713
653.413492
67.465255
7.000000
574.704027
153.670860
592.195020
184.904774
