6.000000
885.793815
2.498713
917.150892
57.470403
6.000000
692.143547
123.686302
723.377461
158.668287
6.000000
427.654095
25.224060
443.387921
65.432726
2.000000
367.310836
219.886758
393.547324
246.123247
2.000000
177.408635
227.382898
272.359735
257.367457
2.000000
72.462683
234.879037
151.438045
277.357161
2.000000
0.000000
232.380323
96.200458
292.349440
2.000000
337.326278
224.884185
378.555044
253.619387
2.000000
356.066626
159.917642
767.104941
441.022873
6.000000
920.647298
4.245626
957.359558
51.447103
6.000000
445.136123
23.475857
460.869949
60.188117
