2.000000
248.937681
337.449361
346.137769
405.306024
2.000000
591.888933
364.958818
635.904067
407.139988
2.000000
923.836402
370.460710
1120.070538
484.166472
2.000000
586.387041
353.955035
855.979737
533.683497
2.000000
377.315155
344.785213
599.224789
471.328724
2.000000
1.373544
113.705763
360.809480
564.860886
1.000000
1077.889370
262.256840
1277.228493
487.834399
6.000000
448.839748
253.087020
478.183169
317.275758
6.000000
601.058753
304.438008
619.398392
344.785217
6.000000
1173.255493
187.064318
1191.595133
234.747381
7.000000
456.175606
231.079454
476.349210
247.585129
7.000000
1165.919636
166.890716
1184.259276
183.396393
6.000000
1061.383693
251.253056
1081.557297
289.766299
6.000000
325.964167
214.573779
346.137771
260.422875
