2.000000
466.941493
324.000221
501.247401
344.964941
2.000000
436.447357
324.000221
478.376797
346.870827
2.000000
384.988498
335.435525
417.388520
356.400245
2.000000
415.482636
327.811986
432.635589
352.588474
2.000000
331.623756
335.435525
386.894382
358.306129
2.000000
291.600199
343.059058
343.059058
358.306127
2.000000
222.988387
346.870825
291.600199
371.647312
2.000000
139.129507
358.306127
179.153063
379.270847
2.000000
78.141230
365.929661
104.823599
384.988498
2.000000
55.270626
487.906215
152.470692
489.812099
2.000000
0.000000
364.023778
32.400020
411.670869
2.000000
616.076891
324.476694
644.665148
345.441414
2.000000
654.194564
322.570808
680.876933
341.629645
2.000000
705.653423
252.053113
871.465301
415.959105
2.000000
664.676924
311.135505
687.547528
322.570808
7.000000
603.021605
251.576642
639.233396
259.200177
7.000000
603.021605
261.106061
620.174560
272.541362
7.000000
622.080442
261.106061
639.233396
270.635479
7.000000
984.198336
194.400133
1020.410125
240.141340
6.000000
615.600420
272.541362
630.847489
285.882548
7.000000
567.953329
257.294293
594.635698
266.823711
6.000000
579.388631
266.823710
590.823933
282.070779
7.000000
875.562968
289.694315
886.998269
306.847268
