6.000000
214.705047
96.580053
243.091752
176.845909
6.000000
190.233750
96.090625
214.705047
175.867056
6.000000
245.049456
96.090625
283.714106
178.803611
2.000000
590.563149
461.782945
606.224779
482.338835
2.000000
608.182482
462.272371
631.674928
488.211948
2.000000
630.206652
454.187284
663.977043
490.659077
2.000000
659.756385
449.782450
711.635536
504.598157
2.000000
697.931610
439.993931
834.970877
522.706916
2.000000
130.850063
471.317191
239.502624
545.220510
2.000000
241.949755
470.827766
303.127999
526.622325
2.000000
291.381775
465.444081
339.345518
526.132899
2.000000
339.345518
457.613265
380.946724
514.386677
2.000000
382.415002
468.870062
415.695966
502.151026
2.000000
414.717114
469.848914
451.913486
493.341359
2.000000
485.847025
461.039246
514.233730
484.531692
2.000000
543.599288
450.271876
571.496567
471.806617
2.000000
452.076635
466.912359
484.868173
489.425952
6.000000
1156.513526
354.344390
1179.027119
381.752244
6.000000
1189.683605
350.448100
1225.411700
383.239638
