2.000000
550.356648
261.899815
575.669130
305.774785
2.000000
509.856676
253.462320
567.231636
314.212278
2.000000
464.294207
253.462320
530.106662
315.899777
2.000000
376.544267
246.712325
492.981687
334.462266
2.000000
636.419089
285.524799
666.794068
309.149781
2.000000
660.044072
263.587314
707.294039
315.899779
2.000000
690.419052
260.212316
774.793993
331.087267
2.000000
86.294467
236.587332
411.981743
422.212205
2.000000
724.169028
241.649829
982.356351
347.962256
2.000000
1044.793808
207.899852
1279.356146
344.587258
