2.000000
684.679880
313.607829
712.189338
328.279540
2.000000
714.023302
308.105937
734.196905
330.113504
2.000000
728.695014
309.939899
752.536544
330.113504
2.000000
745.200689
311.773865
767.208256
341.117286
2.000000
761.706364
308.105937
816.725278
357.622963
2.000000
605.819432
311.773865
618.657179
346.619177
2.000000
809.389426
295.268188
924.929152
401.638097
2.000000
885.804567
311.162553
1210.416180
523.902367
2.000000
408.362632
321.555011
525.736324
416.921134
2.000000
0.000000
346.007866
121.041618
608.876017
2.000000
254.920985
346.007866
447.487196
465.215520
2.000000
550.189173
314.219155
608.876020
369.238072
2.000000
613.155271
301.381406
686.513827
369.238072
2.000000
1097.321758
330.113504
1278.884187
717.079889
7.000000
643.721333
255.532310
663.894936
272.037985
7.000000
809.389426
260.422874
836.898884
269.592693
7.000000
897.419693
227.411525
919.427262
251.253056
