2.000000
0.000000
353.954018
113.340789
410.866231
2.000000
189.609783
369.240104
254.476288
417.141523
2.000000
873.202947
344.291447
1025.888720
434.106610
2.000000
533.901230
357.264750
578.808811
399.178492
2.000000
583.798543
360.258588
618.726661
390.196975
2.000000
824.303583
361.256533
889.170088
419.137416
2.000000
793.367250
363.252427
833.285099
407.162059
2.000000
617.728714
362.254480
646.669156
385.207243
2.000000
138.714525
363.252427
192.603621
399.178490
2.000000
286.410568
364.250373
332.316093
387.203136
6.000000
533.901230
333.314040
542.882746
343.293502
6.000000
568.829349
331.318147
577.810864
340.299662
6.000000
575.814972
339.301717
584.796488
349.281179
6.000000
596.771843
339.301717
610.743091
349.281179
6.000000
619.724606
333.314040
629.704068
342.295556
7.000000
420.367201
332.986361
441.334858
341.972499
7.000000
481.772483
332.986361
502.740140
341.972499
7.000000
1098.820686
264.092629
1128.774482
300.037185
