2.000000
1215.457419
458.725342
1279.365197
496.124647
2.000000
767.811972
401.624724
823.499434
445.837187
2.000000
745.874487
403.312223
791.436956
442.124696
2.000000
728.999499
406.687220
759.374478
437.062201
2.000000
708.749513
399.937225
745.874487
428.624705
2.000000
698.624520
394.874730
720.562005
425.249708
2.000000
688.499527
401.624724
701.999517
423.562208
2.000000
680.062032
394.874730
696.937021
420.187212
2.000000
642.937058
396.562227
659.812046
415.124715
2.000000
593.999593
389.812232
651.374553
438.749697
2.000000
69.187452
350.045454
342.259240
435.374701
2.000000
0.000000
352.687258
94.499935
420.187210
2.000000
0.000000
381.896296
18.259302
461.812192
2.000000
658.799537
396.562227
678.374534
416.812213
7.000000
830.924419
373.698234
851.174406
384.749736
7.000000
1134.842970
346.698245
1175.342942
361.968501
7.000000
576.280854
345.093513
591.468344
358.593503
7.000000
185.201643
0.000000
239.624834
21.338489
4.000000
856.897478
400.881280
873.372051
445.911780
7.000000
0.000000
0.000000
116.694893
73.037274
