2.000000
572.718038
337.817877
587.965107
351.159062
2.000000
538.412131
332.100227
570.812154
351.159062
2.000000
465.988553
326.382575
490.765040
362.594364
2.000000
435.494416
320.664925
473.612088
366.406131
2.000000
364.976719
318.759041
452.647367
375.935551
7.000000
213.458969
202.500137
241.740938
238.383425
7.000000
568.429799
244.429580
585.582752
261.582530
2.000000
593.206287
324.476691
654.194563
375.935549
6.000000
546.988610
248.717816
564.141561
260.153118
7.000000
213.202077
238.383425
241.740938
266.922285
