2.000000
831.473094
203.657099
857.922067
227.461174
2.000000
914.787361
208.946894
951.815924
240.685663
2.000000
958.428168
202.334650
1004.713872
251.265253
2.000000
1010.003667
203.657099
1081.415896
257.877496
2.000000
1058.669773
193.077510
1263.649323
263.167291
2.000000
761.490018
185.762716
835.547147
254.530047
7.000000
858.028773
156.668843
884.477748
171.215778
2.000000
9.016709
172.538229
59.269759
193.697409
2.000000
358.143164
202.954548
405.751316
218.823933
2.000000
393.849281
202.954548
437.490088
221.468830
2.000000
429.555395
200.309651
461.294166
220.146381
