2.000000
446.264543
360.679564
470.106074
375.351275
2.000000
418.755083
363.124854
440.762651
377.796565
2.000000
394.913552
366.792783
424.256974
396.136204
2.000000
380.241842
370.460710
411.419229
397.970168
2.000000
374.739947
366.792783
404.083370
401.638097
2.000000
332.558781
363.124854
394.913554
412.641881
2.000000
466.438144
366.792783
492.113638
390.634313
2.000000
512.287242
366.792783
530.626881
385.132422
2.000000
515.955172
370.460710
552.634451
396.136204
2.000000
838.732819
353.955035
957.940473
458.490979
2.000000
923.095159
308.105936
1238.536952
487.834399
2.000000
471.940038
363.124854
521.457062
403.472060
2.000000
119.818966
352.121072
284.875718
462.158908
2.000000
534.294810
256.754949
853.404528
541.019354
4.000000
306.883284
364.958818
321.554995
407.139988
4.000000
288.543645
364.958818
305.049322
410.807917
4.000000
284.875718
366.792783
314.219140
416.309808
2.000000
1121.163262
322.166323
1278.884159
611.932621
2.000000
0.000000
363.124854
26.286805
524.513679
7.000000
890.083809
242.083236
915.759303
260.422875
7.000000
897.419666
264.090802
928.597051
276.928550
7.000000
880.913989
304.438009
915.759303
319.109720
7.000000
273.871934
297.102154
295.879502
311.773865
7.000000
284.875718
304.438009
317.887068
320.943684
7.000000
301.381393
320.943684
317.887068
350.287106
7.000000
418.755083
348.453143
431.592829
363.124854
6.000000
273.871934
331.947468
299.547429
352.121072
6.000000
233.524727
213.962450
259.200222
254.309657
6.000000
901.087592
320.332359
932.264980
349.675782
6.000000
592.981655
267.147405
607.653365
289.154973
