7.000000
287.797868
289.202690
328.006533
313.677529
2.000000
707.148052
386.789880
724.630080
407.768315
2.000000
715.889066
385.041677
738.615704
414.761126
2.000000
728.126486
383.293474
745.608514
420.005734
2.000000
736.867500
379.797069
775.327963
426.998544
2.000000
747.356718
381.545271
777.076166
437.487765
2.000000
763.090543
381.545271
813.788425
442.732371
2.000000
778.824369
381.545271
822.529439
449.725184
2.000000
801.259643
381.108220
899.159004
479.007580
2.000000
647.417793
380.525489
664.899821
406.748532
2.000000
624.691155
378.777286
649.165995
406.748532
2.000000
572.245070
368.288069
621.194749
425.978764
2.000000
614.201938
384.021894
636.928576
417.237750
2.000000
523.295390
373.532677
587.978896
441.712589
2.000000
519.798985
384.021894
568.748664
443.460791
2.000000
843.333055
384.604626
1100.318872
538.446477
2.000000
394.044923
381.108220
542.642165
465.021956
2.000000
664.754133
386.352830
701.466394
403.834858
6.000000
652.516713
348.766468
666.502336
366.248496
