7.000000
267.019365
197.145140
316.929526
249.550810
7.000000
426.731883
200.888401
476.642045
248.303055
5.000000
536.534237
414.254341
554.002795
444.200438
0.000000
536.534237
426.731883
552.755041
452.934718
4.000000
586.444400
406.767818
601.417450
447.943701
4.000000
646.336594
410.511080
667.548413
457.925733
2.000000
202.136155
376.821720
369.335197
501.597124
2.000000
384.308245
415.502095
440.457178
450.439209
2.000000
476.642045
409.263326
519.065683
445.448193
2.000000
446.695947
419.245358
465.412258
427.979637
