2.000000
779.506413
326.859046
810.000552
351.635534
2.000000
808.094668
323.047279
834.777040
355.447300
2.000000
832.871157
315.423745
888.141782
364.976719
2.000000
865.271179
315.423745
943.412407
376.412021
2.000000
911.012386
326.859046
951.035943
384.035555
2.000000
625.129837
309.388446
638.471023
324.635515
2.000000
479.438463
314.335851
514.588585
340.276188
2.000000
344.964941
325.906105
425.012055
362.117894
2.000000
171.529529
291.600198
325.906105
373.553196
2.000000
146.753040
322.094337
236.329572
390.706149
2.000000
0.000000
215.364852
152.470692
438.353239
2.000000
437.400298
316.376686
475.517972
346.870825
7.000000
545.082725
297.794321
558.423911
313.041390
9.000000
945.953605
232.517806
1254.706757
421.200287
2.000000
534.370942
308.232242
567.940790
331.120775
6.000000
613.107528
283.817807
620.737039
299.076829
6.000000
600.900310
257.877470
608.529821
273.136492
6.000000
709.239366
250.247959
713.817072
263.981079
