6.000000
72.794476
380.024734
91.356964
428.962201
7.000000
295.544323
515.024641
354.606782
545.399619
7.000000
312.419311
550.462116
341.106793
582.524593
7.000000
50.856991
428.962201
104.856954
496.462154
6.000000
972.231359
359.774748
1004.293836
418.837207
6.000000
935.106384
0.000000
1002.606337
96.524929
6.000000
995.856342
467.774673
1022.856324
523.462136
7.000000
1029.606317
361.462245
1048.168805
405.337216
7.000000
1034.668815
413.774711
1049.856304
466.087177
7.000000
788.293985
459.337179
855.793938
511.649643
7.000000
258.419349
310.837280
452.481715
388.462228
2.000000
447.419219
585.899592
533.481659
641.587055
2.000000
678.606559
590.962089
719.106532
607.837077
2.000000
712.356536
590.962089
751.169010
611.212076
2.000000
747.794012
590.962089
784.918987
612.899572
2.000000
514.919172
590.962089
627.981593
666.899537
2.000000
0.232026
552.149614
278.669335
692.212018
2.000000
1063.356295
580.837096
1279.356146
695.587017
