2.000000
923.337992
388.301054
1276.452386
679.027747
2.000000
0.000000
362.098219
93.581553
420.742659
2.000000
87.342783
372.080252
104.811339
404.521857
2.000000
103.563586
373.328006
123.527650
397.035333
2.000000
168.446796
372.080252
185.915352
395.787579
2.000000
188.410860
367.089236
227.091236
400.778596
2.000000
222.100220
370.832498
263.276103
399.530841
2.000000
277.001397
372.080252
295.717708
384.557792
2.000000
299.460970
370.832498
316.929527
388.301053
2.000000
315.681773
368.336990
331.902575
383.310039
2.000000
334.398083
369.584744
350.618885
382.062284
2.000000
353.114394
367.089236
371.830704
379.566777
2.000000
370.582951
367.089236
383.060492
377.071268
2.000000
699.990018
367.089236
928.329008
505.589934
2.000000
641.345578
382.062284
736.174885
461.918543
2.000000
601.417449
364.593727
696.246756
441.954478
2.000000
563.984827
368.336990
623.877021
424.485923
2.000000
545.268517
373.328006
588.939909
416.999397
2.000000
531.543222
373.328006
560.241565
413.256135
2.000000
512.826912
370.832498
541.525255
405.769611
2.000000
489.119585
374.575760
515.322419
392.044316
2.000000
476.642044
368.336990
501.597125
387.053300
9.000000
465.412258
355.859449
490.367339
382.062284
2.000000
421.740866
367.089236
452.934718
394.539825
2.000000
388.051507
368.336990
417.997604
387.053300
6.000000
326.911559
315.931320
333.150329
329.656615
6.000000
480.385306
307.197042
489.119585
324.665598
6.000000
134.757437
304.701533
147.234977
319.674583
7.000000
66.130964
312.188058
103.563586
319.674582
7.000000
501.597125
314.683566
529.047714
322.170090
7.000000
615.142743
322.170090
626.372529
328.408860
2.000000
109.802356
373.328006
180.924336
409.512873
