6.000000
314.031224
291.051046
324.515053
310.521013
6.000000
264.607460
286.557976
278.086668
307.525633
6.000000
209.192937
282.064907
224.169834
303.032564
6.000000
90.875442
213.171175
114.838479
253.608800
6.000000
489.260932
261.097249
502.740140
285.060288
6.000000
544.675455
294.046425
556.656974
325.497911
7.000000
352.971159
306.027944
376.934196
316.511774
7.000000
534.191626
273.078768
558.154663
289.553356
4.000000
412.878752
353.954018
426.357959
386.903193
4.000000
436.841789
356.949398
454.814065
383.907814
2.000000
490.758622
352.456328
520.712418
371.926296
2.000000
502.740140
359.944779
573.131563
386.903194
2.000000
646.518362
347.963259
679.467538
371.926296
2.000000
574.629251
356.949398
607.578427
374.921674
2.000000
718.407473
347.963259
748.361271
371.926296
2.000000
234.653664
362.940157
257.119011
383.907814
2.000000
239.146735
365.935536
273.593600
395.889333
2.000000
18.986331
321.004842
192.718349
449.806166
2.000000
167.257622
356.949398
198.709110
428.838509
2.000000
0.000000
340.474810
135.806136
503.722999
2.000000
0.000000
412.363921
53.433196
620.542805
2.000000
254.123631
347.963259
355.966539
433.331578
