7.000000
666.912360
257.956015
677.157422
274.604241
7.000000
464.572387
229.782095
479.939980
242.588423
2.000000
562.197771
278.324183
577.565363
296.253041
2.000000
554.513975
279.604814
569.881568
301.375571
2.000000
537.865749
279.604814
562.197771
303.936836
2.000000
527.620688
277.043549
549.391444
307.778736
2.000000
505.849929
277.043549
540.427013
311.620633
2.000000
462.308418
265.517854
518.656259
326.988226
2.000000
420.047538
256.553424
486.640439
344.917083
2.000000
299.668061
251.430894
457.185886
367.968473
2.000000
160.591345
262.785839
384.702074
412.619869
2.000000
0.000000
260.224567
251.516269
500.983521
2.000000
624.948775
279.946316
637.755101
297.875174
2.000000
631.351938
278.665681
646.719531
304.278334
2.000000
637.755101
282.507579
654.403328
302.997702
2.000000
644.158266
282.507579
672.332186
304.278336
2.000000
662.087125
282.507579
704.348005
311.962132
2.000000
737.644455
272.262527
817.043685
341.416695
2.000000
778.624703
277.385059
934.861897
370.871249
2.000000
1097.246131
231.794525
1279.095979
494.324236
