6.000000
102.800819
247.188465
146.726665
273.093449
6.000000
163.621221
253.946287
177.136865
278.724968
6.000000
1235.862338
265.209324
1265.146234
297.872130
6.000000
1199.820619
275.346058
1220.094087
295.619524
7.000000
1198.694316
213.399354
1264.019931
237.051731
7.000000
1230.230821
169.473509
1277.535576
187.494368
7.000000
705.770037
330.811485
718.159376
345.453433
2.000000
598.067263
366.799578
614.961818
378.062613
2.000000
584.551618
366.799578
598.067263
378.062613
2.000000
574.414885
366.799578
585.677923
378.062613
2.000000
563.151848
364.546969
576.667494
381.441525
2.000000
549.636204
362.294361
567.657063
384.820435
2.000000
539.499470
360.041754
556.394025
388.199349
2.000000
524.857523
354.410235
547.383597
389.325649
2.000000
504.584055
349.905022
531.615345
391.578259
2.000000
479.805376
346.526110
513.594487
400.588688
2.000000
444.889961
345.399807
496.699930
406.220206
2.000000
366.048702
340.894591
466.289730
415.230635
2.000000
617.214426
364.640822
626.224853
375.903859
2.000000
623.972248
365.767125
632.982675
379.282771
2.000000
631.856373
366.893429
643.119411
380.409074
2.000000
637.487892
366.893429
649.877233
383.787985
2.000000
644.245714
368.019732
658.887661
386.040591
2.000000
654.382448
366.893429
667.898092
388.293198
2.000000
664.519182
366.893429
675.782219
389.419503
6.000000
587.426964
346.284847
603.573132
362.431015
6.000000
610.031601
347.899464
627.792384
362.431015
