6.000000
137.252944
164.703534
155.969254
192.154123
6.000000
205.879416
268.874808
218.356957
285.735678
6.000000
721.201838
286.983430
741.165900
305.699739
6.000000
517.817928
288.231184
529.047713
300.708724
7.000000
192.154123
160.960271
250.798563
175.933318
7.000000
852.216012
303.204231
885.905370
314.434018
6.000000
237.073268
258.285087
248.303055
279.496905
7.000000
455.430226
285.735675
465.412259
304.451985
7.000000
616.390497
278.249153
623.877022
296.965462
7.000000
643.841086
290.726692
655.070872
304.451985
2.000000
581.453383
301.956478
607.656218
320.672789
2.000000
615.142744
306.947495
637.602316
319.425035
2.000000
612.647236
316.929528
631.363547
330.654820
2.000000
617.638251
316.929528
647.584348
345.627870
2.000000
530.295467
301.956478
555.250547
316.929528
2.000000
511.579158
301.956478
532.790974
321.920542
2.000000
506.588141
306.947495
526.552203
329.407067
2.000000
489.119585
311.938511
514.074665
336.893590
2.000000
456.677980
316.929528
496.606109
345.627870
2.000000
457.925733
326.911557
491.615092
349.371131
2.000000
446.695946
326.911557
480.385305
361.848671
2.000000
315.681773
269.514873
451.686962
366.839689
2.000000
571.471352
318.177280
606.408466
351.866640
2.000000
642.593331
324.416052
675.034936
350.618888
2.000000
1.247754
289.478937
106.059093
415.502094
7.000000
852.216012
205.879416
915.851468
227.091235
