2.000000
686.387418
389.797795
695.368934
398.779311
2.000000
679.401794
388.799848
687.385364
405.764935
2.000000
670.420278
391.793687
682.395633
408.758771
2.000000
655.451085
394.787526
674.412063
415.744397
2.000000
643.475730
399.777257
663.434653
419.736180
2.000000
620.522967
398.779311
647.467515
429.715644
2.000000
602.559935
402.771096
622.518858
431.711536
2.000000
531.705753
383.810117
603.557881
442.688946
2.000000
0.798360
239.080887
463.845409
582.401416
2.000000
702.803629
393.689786
710.787199
402.671302
2.000000
707.793361
396.683625
720.766661
409.656926
2.000000
710.787200
401.673356
728.750232
419.636388
2.000000
727.752286
396.683625
744.717373
420.634337
2.000000
737.731748
398.679518
753.698888
424.626117
2.000000
750.705049
393.689786
793.616736
431.611743
2.000000
768.668081
404.667195
809.583876
450.572721
2.000000
781.641383
402.671302
827.546909
455.562452
2.000000
809.583876
386.704163
897.403144
461.550129
2.000000
830.041774
394.687733
946.801483
493.484409
2.000000
454.398162
396.756389
512.279043
495.553068
2.000000
898.484233
361.828272
1095.079639
554.431893
2.000000
1005.264479
335.881671
1276.705850
669.195707
7.000000
761.510546
366.979757
772.530959
382.408335
6.000000
662.326828
362.571591
670.041117
374.694046
