6.000000
461.556772
188.402320
469.431770
214.277317
6.000000
660.681745
167.027323
670.806747
199.652320
6.000000
451.431772
189.527320
460.431770
210.902317
6.000000
470.556769
191.777320
480.681767
216.527316
6.000000
648.306747
171.527322
659.556744
196.277318
6.000000
671.931744
168.152323
682.056742
197.402317
7.000000
393.042523
202.136155
446.931772
212.118187
7.000000
863.181720
150.152325
896.931715
223.277317
7.000000
348.524943
222.749973
369.899940
232.874971
2.000000
173.556806
288.527307
374.931782
443.777288
2.000000
658.431744
258.152311
828.306725
380.777296
2.000000
1.431828
213.152318
264.681794
615.902268
2.000000
777.681730
185.027321
1278.306669
573.152271
2.000000
394.056778
263.777311
719.181737
528.152278
4.000000
376.821721
281.992414
386.803753
340.636854
4.000000
396.785786
283.240168
409.263326
335.645837
4.000000
429.227391
284.487922
446.695947
304.451986
