6.000000
650.914780
128.683727
664.657701
173.660565
6.000000
634.673143
122.436946
652.164135
177.408636
6.000000
620.930220
122.436946
637.171855
169.912496
6.000000
237.377750
118.688876
253.619386
156.169573
6.000000
209.891906
117.439519
233.629680
166.164425
6.000000
48.724907
169.912495
77.460108
202.395766
6.000000
971.999420
228.632254
991.989126
249.871315
7.000000
942.014862
122.436946
986.991699
144.925364
7.000000
958.256498
144.925364
993.238482
169.912496
7.000000
967.001995
172.411208
1009.480119
191.151558
7.000000
939.516149
184.904774
971.999420
242.375178
7.000000
667.156414
292.349441
679.649981
304.843007
7.000000
618.431509
222.385470
655.912206
243.624532
7.000000
627.177003
247.372603
649.665421
282.354587
7.000000
412.287671
237.377750
444.770942
261.115526
7.000000
367.310836
237.377750
408.539603
262.364883
7.000000
238.627107
249.871316
253.619386
263.614239
7.000000
209.891906
242.375177
222.385470
261.115526
7.000000
62.467829
253.619386
84.956248
271.110378
4.000000
116.190163
283.603944
132.431799
303.593649
2.000000
186.154131
297.346865
259.866170
341.074346
2.000000
413.537028
283.603944
427.279951
296.097510
2.000000
416.035741
284.853301
437.274802
302.344292
2.000000
427.279951
288.601371
452.267082
327.331425
2.000000
342.323703
279.855874
407.290246
358.565339
2.000000
728.374886
307.341719
777.099794
331.079493
2.000000
682.148692
311.089788
729.624243
326.082068
2.000000
674.652554
309.840432
709.634538
326.082068
2.000000
622.179579
307.341719
672.153841
321.084640
2.000000
91.203030
288.601371
187.403486
362.313409
2.000000
0.232026
269.861023
198.647696
560.961105
2.000000
407.290246
277.357161
653.413493
467.259360
2.000000
253.356852
288.899796
400.169251
385.087230
