6.000000
668.249541
353.531007
683.437031
365.343499
7.000000
474.187174
249.412327
507.937152
288.224799
7.000000
753.299497
328.724772
765.111986
343.912263
7.000000
753.299497
345.599760
766.799488
355.724753
2.000000
677.812043
367.312250
701.437026
384.187238
2.000000
726.749509
365.624750
738.562002
384.187238
2.000000
735.187003
372.374745
755.436990
385.874737
2.000000
632.812065
362.812250
678.374533
393.187229
2.000000
695.249522
361.124752
732.374496
391.499730
2.000000
759.374478
361.124752
813.374441
404.999722
2.000000
934.567777
362.812250
1056.374275
435.374701
