2.000000
633.328861
344.785213
660.838320
363.124853
2.000000
614.989222
340.505961
642.498680
364.347492
2.000000
592.981655
342.339925
618.657150
364.347492
2.000000
548.966521
333.170107
596.649583
368.015422
2.000000
528.792918
338.671997
570.974088
375.351276
2.000000
501.283459
333.170107
543.464629
379.019205
2.000000
451.766434
331.336144
526.958954
386.355061
2.000000
284.875718
331.336144
449.932468
423.034339
2.000000
106.981218
326.445576
279.373826
393.690915
2.000000
675.510031
338.671997
695.683636
364.347492
2.000000
686.513814
335.004070
714.023271
366.181456
2.000000
704.853453
335.004070
754.370479
375.351277
2.000000
728.694984
333.170107
770.876154
379.019205
2.000000
743.366697
325.834250
809.389398
391.856951
2.000000
780.045974
316.664430
915.759303
404.694698
7.000000
1023.963174
205.403958
1062.476416
229.245489
7.000000
261.034187
228.634163
284.875718
250.641730
7.000000
143.660497
207.237922
184.007703
232.913417
