2.000000
564.584333
347.544785
583.010861
358.293593
2.000000
543.086717
353.686961
563.048788
362.900225
2.000000
521.589101
355.222506
535.408997
364.435770
9.000000
501.627029
339.867065
524.660189
365.971314
2.000000
483.200501
353.686961
503.162572
362.900225
9.000000
337.323821
316.833905
407.958845
365.971314
2.000000
259.011076
350.615873
318.897291
370.577945
2.000000
632.148269
349.080328
644.432621
369.042400
9.000000
659.788063
322.976081
701.247751
378.255666
2.000000
584.546406
350.615873
641.361534
399.753282
2.000000
788.773758
290.729657
986.858934
447.355144
