2.000000
0.997946
273.437266
202.583084
375.227781
2.000000
906.135174
313.355115
1279.367063
651.658886
2.000000
290.402352
243.498879
418.139469
349.281179
2.000000
512.944361
254.476288
549.868371
294.394137
2.000000
437.100447
259.466019
487.995705
300.381814
2.000000
183.622106
274.435212
248.488609
333.314041
2.000000
239.507094
268.447535
296.390029
322.336631
2.000000
266.451643
257.470126
331.318146
292.398244
2.000000
737.482262
289.404406
1011.917474
464.044994
2.000000
661.638348
277.429051
821.309746
381.215459
2.000000
626.710230
270.443427
723.511014
344.291448
2.000000
599.765682
264.455750
651.658886
326.328416
2.000000
584.796489
273.437266
608.747198
315.351008
2.000000
566.833457
273.437266
592.780059
299.383868
6.000000
464.044995
215.556385
477.018296
228.529686
6.000000
504.960791
215.556385
513.942307
227.531740
7.000000
411.153845
217.552277
419.137415
233.519417
