7.000000
411.325153
227.085761
443.153887
249.121037
7.000000
492.121165
189.136119
543.536809
223.413215
7.000000
323.184048
224.637397
352.564416
236.879217
7.000000
348.891870
224.637397
370.927146
236.879217
2.000000
309.718046
235.655035
340.322598
254.017765
2.000000
258.302402
238.103399
297.476226
257.690309
2.000000
244.836400
239.327581
264.423312
256.466127
2.000000
187.299846
234.430853
219.128578
255.241947
2.000000
45.294734
218.516487
100.382924
261.362857
2.000000
84.468558
213.619759
187.299846
269.932131
2.000000
488.448619
252.793583
509.259712
271.156313
2.000000
539.864263
260.138675
553.330263
269.932133
2.000000
653.713189
261.362857
678.196829
278.501403
2.000000
680.645193
263.811221
722.267381
279.725585
2.000000
747.975203
258.914493
803.063393
283.398133
2.000000
794.494119
263.811221
809.184302
279.725585
2.000000
811.632667
268.707949
856.927399
291.967407
2.000000
864.272493
274.828859
926.705773
304.209227
2.000000
920.584865
278.501405
983.018146
302.985045
2.000000
971.388418
287.070679
1024.028244
311.554319
2.000000
579.446151
257.078220
610.050701
275.440950
