7.000000
122.710877
315.496139
185.680933
331.400099
7.000000
757.255281
326.556248
779.859916
337.858565
7.000000
920.331579
303.951613
968.770083
324.941631
7.000000
88.803924
352.390117
119.481642
365.307051
7.000000
88.803924
300.722379
122.710877
331.400098
7.000000
649.075955
303.951613
700.743692
315.253930
7.000000
752.411429
337.858570
778.245298
349.160886
7.000000
947.780063
244.210789
976.843166
271.659275
6.000000
90.418543
384.682453
108.179327
400.828625
6.000000
75.886989
384.682453
100.106243
404.057856
6.000000
768.557598
358.848583
792.776852
378.223985
6.000000
957.467763
336.243948
984.916249
358.848583
7.000000
837.986121
383.067837
862.205373
413.745555
5.000000
6.458467
412.130941
51.667739
484.788698
0.000000
6.458467
437.964807
54.896972
504.164097
4.000000
805.693785
390.333614
828.298420
442.001352
4.000000
1015.593971
359.655893
1057.574008
464.605984
4.000000
978.457782
361.997083
1017.208586
457.259476
5.000000
80.730839
429.810988
96.877010
462.103324
0.000000
72.657758
449.186390
103.335476
473.405644
6.000000
193.754017
295.474877
208.285569
330.996446
6.000000
208.285568
297.089491
219.587884
327.767210
2.000000
217.973269
422.060847
277.714093
462.426265
2.000000
426.258836
402.685445
489.228892
446.280099
2.000000
649.075955
402.685445
668.451355
434.977784
1.000000
275.561275
365.979817
369.209050
433.793723
2.000000
272.870241
381.587787
413.341903
494.610963
2.000000
661.992889
400.424966
726.577559
441.436247
2.000000
461.780407
346.335304
653.919808
549.777021
6.000000
593.210225
296.120735
604.512543
320.339990
3.000000
387.508034
386.539277
398.810352
401.070832
7.000000
1083.004222
300.722379
1102.379623
315.253930
7.000000
940.029922
273.516088
990.083041
307.423042
9.000000
579.647431
351.017709
650.690571
434.977783
