2.000000
0.299546
253.124953
316.611350
534.291001
2.000000
275.974072
319.023245
479.160474
444.230001
2.000000
450.604546
313.531719
542.862157
393.707975
2.000000
516.502838
323.416465
571.418083
377.233403
2.000000
559.336729
344.284259
588.990960
369.545270
2.000000
657.085863
350.874086
669.167216
365.152049
2.000000
669.167216
349.775784
686.740093
376.135101
2.000000
683.445181
332.202903
739.458728
383.823233
2.000000
728.475681
323.416465
819.634987
415.674075
2.000000
788.882447
349.775784
889.926498
444.230003
2.000000
839.404472
315.728330
1148.028142
510.128292
2.000000
1011.838338
324.514770
1277.628117
628.745220
2.000000
582.401130
342.087647
608.760448
367.348659
2.000000
608.760448
346.480866
632.923155
367.348659
6.000000
652.692642
321.219854
668.068911
334.399512
6.000000
621.940106
330.006293
635.119765
343.185952
