2.000000
743.648657
266.689429
1278.548188
606.846769
2.000000
0.415802
381.500852
131.479492
485.952627
2.000000
114.181748
382.831448
150.107837
400.129194
2.000000
74.929169
374.182575
111.520554
382.166148
2.000000
652.125038
359.926179
684.059338
387.203394
2.000000
550.866684
360.092503
571.490919
372.067864
2.000000
477.683913
364.749589
494.981659
386.704420
2.000000
472.361527
365.414887
488.328678
392.026805
2.000000
443.753717
364.749589
479.679806
398.679783
2.000000
333.314261
370.071972
345.289623
377.390249
2.000000
284.747513
376.724951
309.363536
400.675674
2.000000
304.041152
370.737270
327.326579
386.704420
2.000000
325.330686
375.394355
335.310156
382.047335
2.000000
325.330686
373.398462
376.558629
413.981635
2.000000
519.154156
361.922071
541.108987
373.897434
2.000000
510.505283
369.240350
545.766072
398.513459
2.000000
82.763063
358.462535
318.278530
526.117612
2.000000
366.179985
353.140152
450.007523
425.657628
2.000000
539.822735
365.780812
640.282720
442.955374
2.000000
56.816442
367.909754
76.110082
377.223927
2.000000
28.208632
367.244456
64.134719
378.554521
7.000000
736.085642
252.813213
762.697559
300.714666
7.000000
763.362857
252.813213
786.648284
303.375856
7.000000
660.906978
260.796788
681.531213
283.416921
7.000000
582.401801
323.334794
592.381270
333.979560
7.000000
299.384067
358.761907
306.702344
366.080185
2.000000
549.536088
308.864564
567.499132
315.517541
6.000000
759.271260
150.024683
777.899603
197.926135
6.000000
755.279472
212.562688
770.581324
250.484669
6.000000
746.242522
153.018523
760.879078
196.262888
6.000000
0.000000
15.634500
16.798772
80.833698
7.000000
388.134817
317.879353
399.444881
330.520013
