6.000000
655.504501
407.371629
668.983709
419.353147
6.000000
688.453679
407.371629
700.435198
428.339286
2.000000
694.444434
435.827736
712.416712
464.283843
2.000000
703.430575
437.325426
718.407473
465.781533
2.000000
712.416715
434.330047
733.384371
462.786153
2.000000
719.905164
441.818494
749.858962
464.283843
2.000000
766.333550
435.827736
800.780414
488.246880
2.000000
785.803515
419.353149
877.162593
498.730709
2.000000
860.688008
413.362389
1055.387683
554.145232
2.000000
965.526292
412.641880
1278.543464
665.972734
2.000000
637.532224
437.325426
655.504501
456.795393
2.000000
628.546085
437.325426
646.518362
458.293082
2.000000
609.076118
435.827736
631.541466
461.288462
2.000000
589.606151
434.330047
612.071500
461.288462
2.000000
583.615389
431.334664
604.583047
464.283843
2.000000
571.633871
435.827736
589.606149
461.288462
2.000000
550.666215
435.827736
586.610770
464.283843
9.000000
385.920334
419.353149
463.800204
485.251502
2.000000
311.035846
429.836975
411.381063
489.744569
2.000000
182.234520
425.343906
320.021984
504.721468
2.000000
0.000000
428.339287
200.206798
530.182194
2.000000
655.504501
431.334664
703.430576
473.269981
7.000000
1013.452367
314.514861
1041.908473
362.440935
7.000000
761.840477
417.855457
778.315068
434.330045
