2.000000
756.380754
262.574818
1279.124120
568.199209
2.000000
0.000000
281.137307
77.624948
360.449751
2.000000
77.624948
286.199804
128.249913
335.137270
2.000000
296.999798
286.199804
329.062273
308.137289
2.000000
334.124770
286.199804
374.624743
319.949780
2.000000
371.249742
287.887302
423.562206
333.449771
2.000000
415.124715
277.762311
482.624670
355.387259
2.000000
465.749680
271.012313
575.437104
379.012239
2.000000
519.749644
265.949815
755.999480
422.887209
2.000000
141.749903
286.199804
175.499878
309.824785
2.000000
177.187378
287.887299
199.124861
304.762287
2.000000
254.812323
282.824806
278.437310
294.637296
2.000000
219.374848
284.512304
249.749829
298.012297
2.000000
195.749865
289.574801
210.937359
301.387291
7.000000
323.999777
259.537321
356.062254
281.474808
6.000000
244.687332
247.724825
264.937316
259.537320
6.000000
204.187357
246.037329
227.812343
257.849824
6.000000
258.187322
219.037347
278.437310
232.537337
6.000000
226.124846
267.974814
241.312333
279.787306
