6.000000
571.806758
426.902290
581.931756
438.152290
6.000000
549.306759
443.777287
557.181757
452.777286
7.000000
684.306742
430.277290
695.556741
443.777287
2.000000
585.306754
447.152288
593.181752
458.402285
2.000000
574.056756
448.277288
585.306754
458.402285
2.000000
565.056757
449.402288
578.556756
461.777286
2.000000
539.181759
453.902287
563.931756
470.777286
2.000000
524.556762
456.152287
543.681760
475.277283
2.000000
490.806766
449.402288
531.306760
480.902284
2.000000
431.181774
443.777287
503.181766
492.152282
2.000000
353.556783
452.777287
443.556772
507.902280
2.000000
234.306797
452.777287
352.431782
540.527276
6.000000
616.806749
441.527289
625.806748
453.902287
6.000000
653.931746
419.027290
662.931744
432.527291
2.000000
655.056746
443.777287
665.181744
455.027287
2.000000
666.306743
443.777287
673.056742
461.777286
2.000000
671.931744
443.777287
686.556741
466.277285
2.000000
682.056742
446.027289
705.681739
471.902285
2.000000
707.931741
443.777287
742.806736
476.402283
2.000000
738.306735
433.652289
795.681728
489.902282
2.000000
788.931729
411.152292
970.056707
522.527278
2.000000
1089.306691
435.902289
1278.306667
619.277266
2.000000
0.000000
451.652287
252.306796
633.902267
