2.000000
920.842484
335.645836
1279.356147
650.699553
2.000000
773.106495
343.132362
1059.343182
502.199655
2.000000
722.449590
371.830705
824.765421
455.430226
2.000000
393.042523
330.654820
737.422639
437.961668
2.000000
0.000000
308.195249
214.613696
397.574727
2.000000
147.234977
315.681773
233.330007
365.591936
2.000000
228.338990
326.911558
305.699740
364.344179
2.000000
252.046317
315.681773
303.204231
340.636854
2.000000
301.956478
321.920542
325.663805
349.371132
2.000000
319.425035
331.902576
351.866640
358.105411
2.000000
341.106792
328.387274
400.529049
356.857654
