7.000000
31.193851
205.047584
48.662408
238.736945
7.000000
557.330164
306.115662
566.064423
318.593202
7.000000
628.452145
314.849940
637.602316
324.831971
2.000000
665.468835
334.814005
681.689637
352.282561
2.000000
650.495788
336.061759
672.955359
361.016840
2.000000
634.274984
333.566251
662.973327
372.246625
2.000000
620.549691
342.300529
646.752523
385.971922
2.000000
576.878298
326.079726
636.770492
385.971922
2.000000
556.914234
329.822989
619.301937
399.697215
2.000000
533.206908
328.575235
603.081134
429.643312
2.000000
315.681773
321.504630
366.839689
360.185006
2.000000
339.389100
300.292813
562.737072
473.730625
2.000000
0.000000
284.072010
429.227391
618.470094
2.000000
707.476542
335.645837
716.210822
346.875624
2.000000
712.467558
333.150329
727.440606
358.105410
2.000000
727.440607
330.654821
744.909164
361.848673
2.000000
739.918147
329.407067
762.377720
374.326213
2.000000
753.643442
316.929527
814.783390
390.547015
2.000000
764.873228
323.168297
823.517668
396.785786
2.000000
793.571571
318.177281
875.923338
406.767818
2.000000
811.040128
278.249152
1048.113397
456.677981
2.000000
1162.594829
367.463566
1279.883709
693.127370
