2.000000
663.996329
393.452108
688.479969
405.693928
2.000000
666.444693
398.348836
689.704151
428.953386
2.000000
526.887935
410.590656
577.079397
447.316116
2.000000
353.788598
410.590656
388.065696
439.971024
2.000000
172.609662
409.366474
231.370398
459.557936
2.000000
209.335122
378.761923
381.944783
507.301034
9.000000
495.793711
369.458131
527.622443
411.080320
9.000000
400.307515
347.422856
497.017893
389.045045
9.000000
583.934815
348.647038
665.955008
408.631956
9.000000
0.000000
318.042488
154.246932
435.563960
2.000000
380.720601
378.761923
537.415899
501.180124
2.000000
568.020449
386.107016
676.972648
490.162486
9.000000
1078.912408
55.496245
1279.678257
661.466346
9.000000
685.133858
229.738156
923.849347
496.609832
6.000000
254.629856
338.363916
264.423313
359.175010
6.000000
190.972392
393.452108
208.110940
406.918109
6.000000
335.425868
377.537740
342.770960
395.900471
6.000000
557.002811
378.761923
561.899539
389.779563
6.000000
610.866819
337.139734
616.987729
349.381554
7.000000
209.335122
357.216311
222.801123
367.009768
4.000000
1085.849454
342.596084
1155.627827
420.943732
4.000000
965.879619
358.510449
1029.537082
554.379570
4.000000
1001.380895
348.716994
1117.678185
663.331768
