7.000000
814.196963
358.711508
837.703616
369.289502
6.000000
827.042367
376.106429
842.321691
389.035087
7.000000
847.414797
385.900870
862.694122
405.881524
7.000000
726.355539
358.868221
745.160862
369.446215
7.000000
724.004875
327.134239
743.985529
342.413563
4.000000
1012.549026
401.963746
1034.880345
470.133036
4.000000
943.578384
405.292741
965.909703
466.410035
4.000000
791.960479
400.591410
814.291800
451.130712
6.000000
621.442419
333.089258
630.845078
354.245244
6.000000
488.629836
306.056607
498.032497
324.861929
6.000000
394.603229
324.861930
405.181222
343.667252
6.000000
309.979282
307.231941
319.381942
323.686599
7.000000
410.582845
336.928682
419.985506
351.032673
2.000000
401.460031
392.225277
439.070674
402.803270
2.000000
360.323392
392.225277
399.109367
405.153936
2.000000
292.154101
388.699279
335.641406
405.153938
2.000000
229.861473
388.699279
256.894124
411.030600
2.000000
246.316130
389.874612
280.400775
414.556596
2.000000
45.529450
380.337624
159.536712
427.350925
2.000000
598.915907
404.986045
620.071894
420.265369
1.000000
570.707924
393.232719
596.565240
412.038041
2.000000
576.584587
412.038040
601.266572
426.142031
9.000000
520.363816
377.751896
543.870468
395.381884
2.000000
495.681832
387.859755
534.467807
396.087083
2.000000
479.227175
387.859755
496.857163
398.437748
2.000000
470.999847
398.437748
489.805169
425.470398
4.000000
678.502721
400.788431
690.256047
417.243087
4.000000
672.626059
399.613098
680.853387
419.593751
2.000000
681.479217
400.591410
747.297842
455.832042
2.000000
606.471616
405.489743
682.868237
461.905708
2.000000
625.276937
397.262415
666.413576
406.665075
2.000000
468.453996
392.090955
590.688585
490.953223
6.000000
574.604333
358.163426
582.318622
375.796087
