7.000000
667.636632
178.438679
692.415314
188.575413
7.000000
649.615773
177.312376
667.636632
188.575413
7.000000
713.815084
176.186072
731.835943
184.070199
6.000000
727.310612
197.666299
738.573648
205.550425
6.000000
696.900412
196.539995
707.037145
202.171514
6.000000
623.690672
189.782173
633.827404
204.424121
2.000000
723.086973
215.124006
729.844795
228.639650
2.000000
714.076544
212.871399
723.086973
229.765954
2.000000
726.465884
215.124006
741.107834
227.513347
2.000000
732.097403
220.755525
751.244566
235.397473
2.000000
735.476314
224.134436
750.118262
238.776386
2.000000
746.739351
220.755525
756.876084
239.902687
2.000000
751.244566
220.755525
774.896943
242.155295
9.000000
779.402158
190.345325
839.096256
253.418332
2.000000
585.677922
223.008132
596.940959
235.397473
2.000000
571.035974
220.755525
587.930530
238.776384
2.000000
593.562048
205.362710
730.971099
338.266545
2.000000
322.122857
224.509873
391.953686
279.698755
2.000000
239.902687
221.130962
339.017413
292.088096
2.000000
97.988422
213.246836
246.660510
312.361561
2.000000
0.000000
222.257266
119.388192
330.382419
2.000000
885.650151
233.520303
975.754445
297.719613
9.000000
1056.191291
143.603721
1204.863377
328.317528
9.000000
1109.127565
45.615300
1279.199424
446.579416
