4.000000
0.000000
272.708300
50.275832
358.024863
4.000000
41.134771
261.281973
63.987421
296.322704
2.000000
848.087289
298.100141
873.986960
320.952790
2.000000
832.852189
298.100141
854.181329
320.952790
2.000000
809.999539
295.053122
840.469739
323.999812
2.000000
776.482316
295.053122
816.093580
325.523322
2.000000
678.977675
293.529612
721.635956
333.140871
2.000000
861.798880
293.529612
884.651529
342.281932
2.000000
878.557490
287.435572
928.833324
352.946503
2.000000
880.080999
298.100141
927.309812
362.087561
2.000000
902.933648
295.053122
994.344253
372.752132
2.000000
633.170784
292.006101
698.681715
334.562805
2.000000
517.231659
295.560948
616.259813
354.470012
2.000000
974.665552
287.943399
1259.561931
432.676854
0.000000
439.989704
290.990419
462.842357
344.313270
0.000000
476.553948
306.225519
507.024150
345.836779
2.000000
735.855351
296.576630
789.178204
327.046831
