6.000000
410.511080
139.748453
421.740866
160.960272
6.000000
671.291675
155.969254
680.025954
177.181074
6.000000
378.069475
227.091235
390.547016
240.816530
6.000000
467.907767
232.082251
479.137552
249.550808
6.000000
436.713915
244.559792
449.191456
258.285086
7.000000
222.100219
203.383909
252.046317
227.091235
7.000000
220.852466
179.676582
255.789579
193.401877
7.000000
284.487922
209.622678
313.186264
222.100219
7.000000
291.974447
228.338991
309.443003
247.055301
6.000000
240.816530
232.082251
255.789579
252.046317
6.000000
217.109203
233.330007
235.825514
252.046317
6.000000
272.010381
242.064283
284.487922
257.037333
6.000000
235.825514
147.234978
250.798563
173.437813
6.000000
425.484130
139.748453
441.704931
164.703535
4.000000
751.147935
290.726691
766.120983
320.672789
2.000000
351.866640
268.267118
744.909163
576.462368
2.000000
272.010381
258.285086
416.749850
394.290277
2.000000
472.898783
253.294070
591.435416
270.762627
2.000000
63.635456
311.938510
131.014174
344.380115
2.000000
183.419843
308.195250
232.082251
336.893592
2.000000
249.550810
295.717707
296.965463
339.389099
9.000000
22.459573
298.213216
64.883210
334.398083
