6.000000
257.849910
263.249908
274.049904
279.449902
6.000000
585.899795
241.649915
602.099790
272.699907
6.000000
535.949812
336.149882
546.749809
346.949879
6.000000
356.399875
350.999877
368.549871
364.499871
6.000000
91.799968
188.999935
110.699958
244.349914
6.000000
244.349914
248.399913
259.199909
265.949906
6.000000
602.099789
240.299916
614.249784
268.649905
6.000000
484.649831
340.199881
495.449827
350.999876
6.000000
441.449846
345.599879
450.899843
356.399875
6.000000
738.449742
338.849881
754.649736
352.349877
6.000000
48.599983
322.649887
80.999973
344.249880
7.000000
213.299925
321.299888
232.199921
329.399885
7.000000
213.299925
332.099884
233.549917
352.349877
7.000000
60.749979
253.799911
80.999970
287.549898
7.000000
64.799977
299.699895
83.699969
313.199889
7.000000
218.699923
388.799864
230.849919
404.999856
7.000000
639.899776
344.249880
656.099771
361.799872
7.000000
722.249747
313.199890
749.249738
323.999887
7.000000
735.749741
302.399894
757.349734
313.199890
6.000000
935.549673
313.199890
959.849663
332.099883
7.000000
909.899682
263.249908
949.049669
275.399904
7.000000
919.349678
282.149901
943.649670
292.949896
2.000000
612.899785
371.924870
662.849768
400.274857
2.000000
437.399846
367.874871
449.549843
388.124863
2.000000
407.699856
363.824874
423.899853
396.224861
2.000000
433.349847
359.774875
534.599813
452.924842
2.000000
944.351531
381.838929
1091.906006
439.888910
2.000000
313.199890
366.042731
341.549880
413.292713
2.000000
334.985503
358.019873
424.085471
437.669847
2.000000
418.685474
332.369883
721.085370
614.519784
2.000000
0.185620
356.669875
74.435594
447.119842
2.000000
1081.349622
379.349867
1278.449554
557.549804
2.000000
1075.576108
388.716559
1173.555506
434.737186
6.000000
118.050177
191.273228
135.864612
234.324782
4.000000
1027.884613
365.248319
1062.812731
477.018296
4.000000
965.014001
365.248319
999.942119
451.071694
4.000000
941.063292
376.225727
963.018109
452.069641
