2.000000
271.768403
358.685324
378.272237
417.446062
2.000000
373.375510
347.667688
510.483895
433.360431
2.000000
528.846625
385.617330
681.869376
470.085891
2.000000
669.627557
370.927146
915.688138
530.070808
2.000000
1027.088700
423.566973
1276.821829
687.990285
7.000000
509.259715
314.614775
537.415899
347.667688
2.000000
19.586910
351.340233
41.622186
359.909507
7.000000
1050.348156
187.299847
1150.731082
249.733126
7.000000
581.486450
272.992588
597.400814
286.458588
2.000000
389.289877
275.440950
407.652605
285.234407
