2.000000
1.612969
355.227654
184.511845
534.931789
2.000000
871.380982
231.431471
1268.327451
699.460908
4.000000
148.571018
384.779000
178.122364
439.888268
2.000000
162.148663
395.960590
321.086987
488.608056
2.000000
285.146160
388.772425
372.202829
469.439616
2.000000
357.826500
399.954015
400.156808
451.868543
2.000000
388.975216
391.967165
419.325248
437.492212
2.000000
408.143656
392.765850
488.810847
449.472488
2.000000
472.837146
403.947440
499.992437
427.907992
2.000000
626.983360
395.161904
683.689998
445.479063
2.000000
673.307092
399.155331
694.871588
423.914567
2.000000
697.267643
411.934291
720.429509
431.102731
2.000000
738.799265
412.732977
768.350612
432.700103
2.000000
758.766392
405.544810
790.713793
439.888268
2.000000
779.532203
405.544810
807.486180
443.881693
2.000000
802.694069
403.947440
853.011228
451.868543
2.000000
828.251990
407.142182
888.153369
457.459340
2.000000
870.582298
408.739551
935.275788
456.660654
2.000000
874.575723
401.551387
960.833707
459.855396
6.000000
504.784548
344.844748
519.160879
359.221077
6.000000
491.206902
387.973739
497.596383
396.759276
6.000000
678.897889
344.046064
687.683423
363.214504
6.000000
624.587303
372.798724
634.970209
383.980316
