2.000000
433.119178
346.943013
449.906743
370.445604
2.000000
411.295343
340.227987
436.476693
373.803117
2.000000
387.792755
335.191717
428.082910
375.481872
2.000000
320.642494
330.155449
412.974101
400.663222
2.000000
310.569956
346.943013
377.720216
419.129544
2.000000
224.953373
331.274623
344.145085
445.430066
2.000000
16.787565
320.082910
276.994823
508.103637
2.000000
488.098455
344.984463
503.207262
360.093274
2.000000
500.269440
345.264256
513.699492
362.051822
2.000000
503.626953
345.264256
523.772033
363.730578
2.000000
512.020737
345.264256
535.523327
368.766848
2.000000
522.093275
345.264256
553.989649
372.124361
2.000000
545.595866
340.227987
575.813484
380.518144
2.000000
564.062188
336.870474
612.746126
390.590681
2.000000
587.564780
331.834202
686.611414
404.020733
2.000000
649.678770
333.512962
758.797943
427.523325
2.000000
709.694315
303.854930
936.326444
459.139908
2.000000
0.000000
320.642494
132.202073
567.419701
2.000000
963.186547
330.715033
1278.792771
589.243536
2.000000
464.595866
346.663222
488.098456
365.129542
7.000000
543.497421
313.927469
561.963743
332.393791
7.000000
602.253898
295.461147
627.435245
322.321248
7.000000
607.290168
315.606222
620.720221
330.715033
6.000000
506.564777
304.694308
519.994828
326.518141
6.000000
452.844570
309.730576
466.274623
329.875655
