6.000000
248.399913
160.649943
265.806794
191.699932
6.000000
411.749856
183.599935
431.999849
199.799929
6.000000
403.649860
226.799922
419.849853
240.299915
6.000000
796.499722
175.499938
811.349716
201.149929
6.000000
799.199721
229.499921
814.049716
241.649915
6.000000
1209.599578
99.899965
1231.199568
132.299954
6.000000
868.049696
172.799939
884.249693
205.199927
6.000000
242.999915
220.049923
256.499909
237.599917
7.000000
373.949869
95.849966
434.699848
155.249946
7.000000
799.199721
217.349924
831.599710
226.799921
7.000000
710.099750
209.249928
722.249749
230.849918
5.000000
1013.849645
145.799948
1223.099571
573.749798
0.000000
1015.199645
373.949869
1278.449552
592.649793
4.000000
1244.699564
206.549929
1278.449553
440.099847
4.000000
962.549663
197.099931
1051.649631
490.049826
2.000000
1214.999575
275.399904
1255.499561
334.799883
2.000000
669.599766
244.349914
703.349753
286.199900
2.000000
348.299878
240.299916
491.399827
336.149881
2.000000
152.549946
249.749914
350.999877
323.999886
2.000000
422.549852
226.799922
680.399763
375.299869
