6.000000
32.321646
209.209200
49.951635
235.066518
6.000000
45.250305
208.033868
60.529629
236.241850
7.000000
429.668014
255.886698
447.298003
269.990689
7.000000
459.051327
274.692019
473.155318
291.146675
7.000000
636.526549
228.854048
650.630541
247.659369
7.000000
751.709142
206.522727
775.215795
237.081375
7.000000
754.059807
239.432040
770.514464
264.114025
7.000000
645.929211
269.990687
661.208535
278.218014
7.000000
879.736443
240.943180
898.541766
273.852492
2.000000
526.940772
303.235807
552.798090
324.391795
2.000000
510.486114
296.183813
529.291437
314.989134
2.000000
462.297478
292.657815
521.064108
333.794455
7.000000
631.545371
291.482483
645.649363
311.463136
2.000000
303.907425
281.744013
337.992072
307.601329
2.000000
267.472115
285.270011
299.206095
301.724667
2.000000
232.212138
275.867351
266.296785
293.497340
2.000000
732.400121
297.023337
808.796740
345.211973
2.000000
799.394078
291.146673
931.031330
359.315963
2.000000
886.368689
299.374002
1013.304609
373.419956
2.000000
547.117321
265.625165
636.442596
363.177770
2.000000
360.239439
265.625165
473.071367
354.950443
2.000000
0.652946
247.995177
101.666268
398.437749
2.000000
926.815026
533.099029
940.919018
538.975691
6.000000
579.755756
217.459485
603.262407
237.440139
6.000000
896.326943
0.000000
933.006221
18.339639
