6.000000
621.297258
209.331592
630.307688
228.478755
6.000000
775.600866
208.205289
787.990206
230.731363
6.000000
614.286036
209.943009
623.296466
230.216476
6.000000
293.289482
181.785415
323.699680
200.932578
7.000000
89.740588
263.555065
105.508840
274.818101
7.000000
843.613190
204.987272
869.518175
230.892257
7.000000
1005.800922
207.239879
1021.569174
236.523775
6.000000
657.660793
226.869738
667.797528
238.132775
6.000000
710.597068
233.627561
719.607498
244.890597
6.000000
742.133572
232.501257
754.522912
244.890599
2.000000
674.937490
281.012772
699.716172
305.791455
2.000000
658.042935
288.896898
671.558579
301.286239
2.000000
651.285113
291.149506
665.927061
308.044062
2.000000
632.137950
285.517987
655.790327
311.422972
2.000000
624.253824
292.275808
651.285113
315.928186
2.000000
662.548149
291.149506
689.579437
317.054491
2.000000
537.528438
283.265380
643.400988
363.232942
2.000000
748.316177
288.333746
778.726376
316.491341
9.000000
775.347466
261.302458
835.041562
318.743945
2.000000
500.529363
283.828532
536.571081
307.480909
2.000000
474.624378
290.586355
501.655667
308.607214
2.000000
364.246615
238.776383
474.624378
306.354604
2.000000
354.109882
274.818103
431.824837
311.986124
2.000000
291.036875
277.070710
355.236188
315.365036
2.000000
171.648682
286.081139
223.458652
317.617642
2.000000
200.932579
277.070710
301.173608
335.638503
2.000000
1.576824
282.702229
177.280201
322.122857
2.000000
901.944020
252.292028
1022.458516
340.143716
