7.000000
436.713915
78.608505
477.889798
87.342783
7.000000
527.799960
82.351767
570.223598
89.838291
7.000000
406.767818
87.342783
480.385306
119.784388
7.000000
489.119585
92.333799
571.471352
117.288880
7.000000
222.100220
81.104013
262.028349
109.802356
7.000000
107.306848
69.874226
132.261929
77.360752
7.000000
107.306848
77.360751
189.658613
119.784388
2.000000
182.172090
162.208026
285.735676
222.100220
2.000000
313.186265
162.208026
401.776802
220.852466
2.000000
415.502096
158.464763
521.561190
243.312038
2.000000
550.259533
148.482731
625.124775
217.109203
1.000000
531.543222
136.005191
582.701138
202.136155
2.000000
0.000000
157.217009
39.928129
188.410860
2.000000
61.139948
163.455780
111.050110
187.163105
2.000000
112.297864
159.712517
155.969255
187.163106
2.000000
170.942304
160.960272
180.924336
184.667597
2.000000
185.915352
167.199042
200.888401
182.172090
2.000000
410.511080
163.455780
436.713915
192.154123
2.000000
388.051507
168.446796
409.263326
189.658613
