2.000000
648.437240
469.232767
666.776880
483.904479
2.000000
655.773095
467.398802
681.448590
485.738442
2.000000
670.444807
469.232767
697.954266
496.742225
2.000000
681.448590
461.896913
716.293904
502.244119
2.000000
700.602843
452.727093
765.810931
518.400354
2.000000
721.795796
467.398802
758.475076
526.085649
2.000000
740.135436
461.896913
796.988319
540.757360
2.000000
754.807146
458.228984
886.852547
564.598892
2.000000
804.324172
460.062948
1011.562095
604.946096
2.000000
611.757960
469.232767
630.097600
483.904479
2.000000
595.252286
469.232767
615.425889
487.572407
2.000000
576.912646
467.398802
598.920214
491.240334
2.000000
559.358992
468.027586
585.034487
495.537044
2.000000
548.355209
468.027586
572.196741
502.872900
2.000000
524.513678
468.027586
555.691064
506.540827
2.000000
508.008005
464.359657
539.185391
508.374790
2.000000
495.170256
460.691729
528.181604
513.876682
2.000000
440.151339
442.352089
508.008003
526.714430
2.000000
374.128638
442.352089
476.830618
545.054068
2.000000
163.222788
418.510558
416.309809
579.899381
2.000000
1.833963
400.170920
253.087019
653.257940
2.000000
927.199754
366.530789
1279.320827
714.983933
2.000000
628.263637
469.232767
648.437240
487.572407
7.000000
773.026421
394.517916
813.049978
426.917938
7.000000
870.226488
405.953218
889.285324
421.200287
