7.000000
549.011779
371.830705
566.480335
391.794768
7.000000
406.767818
415.502096
415.502096
426.731883
6.000000
252.046317
376.821721
262.028349
394.290278
4.000000
875.923338
466.660012
932.072270
591.435416
4.000000
702.485526
482.880815
742.413655
568.975842
4.000000
645.088840
474.146536
682.521461
571.471353
4.000000
673.787183
479.137552
693.751248
526.552206
2.000000
403.024556
435.466161
636.354562
598.921941
2.000000
331.902575
462.916750
419.245358
541.525255
1.000000
179.676582
400.529048
462.916750
526.552206
2.000000
631.363546
477.889798
698.742264
524.056698
2.000000
771.111998
486.624077
816.031144
524.056698
2.000000
809.792374
494.110601
862.198044
529.047714
1.000000
835.995209
456.677980
945.797563
531.543222
2.000000
118.536634
471.651028
170.942304
501.597125
2.000000
92.333799
464.164504
132.261930
496.606109
1.000000
2.495508
426.731883
92.333799
501.597125
2.000000
94.829307
455.430226
114.793372
466.660012
2.000000
102.315832
447.943701
122.279895
462.916750
1.000000
122.279896
445.448193
153.473747
462.916750
7.000000
544.020763
394.290278
577.710122
427.979637
