2.000000
429.008979
240.203067
474.462254
273.418922
2.000000
292.649157
233.210256
362.577270
290.900950
2.000000
332.857821
234.958459
432.505385
290.900950
2.000000
194.749797
236.706662
310.131186
299.641963
2.000000
23.425917
212.231821
199.994405
315.375790
2.000000
0.699280
238.454863
39.159744
331.109614
2.000000
638.793320
236.706662
658.023551
252.440486
2.000000
628.304104
240.203067
645.786133
252.440488
2.000000
614.318481
241.951270
628.304104
252.440488
2.000000
574.109815
241.951270
598.584656
255.936893
2.000000
560.124191
241.951270
584.599031
257.685096
2.000000
535.649353
240.203067
565.368802
262.929704
2.000000
726.203463
240.203067
747.181896
266.426111
2.000000
740.189086
241.951270
766.412128
273.418920
2.000000
754.174709
238.454863
783.894157
275.167123
2.000000
762.915722
238.454863
827.599229
283.908139
2.000000
651.030742
238.454863
743.685491
303.138373
7.000000
1173.481161
153.841852
1229.423653
173.072082
7.000000
1183.970378
173.072082
1213.689828
216.777154
2.000000
823.840592
240.377893
846.567228
266.600935
1.000000
841.322620
214.154849
921.739952
270.097341
7.000000
1115.790467
130.241112
1135.020700
149.471342
7.000000
496.926660
205.413836
510.912284
214.154849
6.000000
566.854774
187.931806
584.336802
203.665632
6.000000
680.487958
189.680010
692.725378
205.413836
