2.000000
1082.226983
236.041276
1102.416730
250.886638
2.000000
1127.653849
233.072203
1143.983749
244.948495
2.000000
823.026931
246.433030
904.676429
310.268092
2.000000
738.408360
246.433030
834.903222
331.051600
2.000000
1189.707447
215.257767
1234.243538
230.103131
2.000000
1173.377549
227.134058
1220.882711
285.030974
2.000000
1191.191985
227.134058
1262.449728
299.876338
3.000000
1160.412593
233.567047
1175.257956
254.350556
5.000000
1158.928056
220.206220
1173.773420
251.381482
2.000000
1103.010491
227.134058
1134.185754
250.886638
2.000000
1043.629039
233.072203
1077.773375
261.278395
2.000000
1071.835228
234.556740
1085.196054
255.340248
2.000000
966.433149
240.494885
1015.422847
276.123757
2.000000
904.082622
244.948494
969.402221
290.969120
2.000000
602.127943
256.824785
762.457867
354.804182
2.000000
0.000000
285.455126
391.917591
493.290212
2.000000
1212.123910
207.092817
1277.443509
440.165021
2.000000
1146.952821
236.041276
1160.313648
247.917567
