7.000000
111.306171
152.632721
130.040875
164.755175
7.000000
101.387801
168.061300
128.938832
179.081714
7.000000
261.183791
192.306210
287.632782
203.326623
7.000000
823.775880
122.877607
853.530995
133.898021
7.000000
812.755467
162.551093
830.388127
177.979674
7.000000
797.326889
212.142952
814.959550
225.367448
6.000000
92.571470
217.469487
119.020463
242.816437
6.000000
254.571544
241.714397
272.204205
258.245018
6.000000
374.694045
117.183728
392.326706
152.449050
6.000000
361.469550
117.183728
375.796087
152.449050
6.000000
826.898375
193.959271
840.122870
219.306221
6.000000
840.122872
195.061311
859.959616
220.408261
6.000000
808.163672
228.122551
831.306540
242.449088
2.000000
0.000000
284.348184
87.358298
343.858414
2.000000
347.510355
278.449103
389.387924
318.122589
2.000000
817.872116
254.414105
912.647668
266.536561
2.000000
903.831338
259.924310
963.341568
281.965138
2.000000
760.565969
265.906833
941.300744
389.335460
2.000000
384.909452
121.246068
747.481043
468.389081
2.000000
853.277009
255.695107
1277.562915
484.919700
2.000000
1244.501675
382.429859
1277.562915
543.327891
