2.000000
478.515557
394.391825
534.927937
438.927916
2.000000
577.484631
395.876362
626.474328
440.412451
2.000000
736.330018
412.701099
799.175406
434.474307
2.000000
547.793905
396.371199
568.577411
415.670173
2.000000
335.010372
383.505233
375.092853
410.226885
2.000000
379.546462
389.443378
409.237186
411.711422
7.000000
799.528869
343.352043
823.281451
365.620088
2.000000
234.556740
373.806251
288.000047
409.435124
2.000000
0.000000
375.290788
17.814435
407.950587
2.000000
424.577390
383.010372
463.175334
406.762953
