7.000000
322.544304
204.524854
341.106792
219.712342
7.000000
600.981613
255.149820
614.481605
273.712307
2.000000
460.919209
285.524798
482.856694
314.212278
2.000000
442.356722
277.087303
469.356704
317.587276
2.000000
420.419237
273.712307
455.856714
320.962273
2.000000
363.044277
266.962312
435.606727
336.149765
2.000000
315.794309
260.212317
408.606746
359.774748
2.000000
184.169400
265.274813
364.731774
381.712233
2.000000
565.544137
283.837300
580.731627
300.712288
2.000000
577.356629
275.399807
595.919115
300.712288
2.000000
584.106625
282.149802
604.356612
307.462285
2.000000
600.981613
270.337308
636.419090
314.212278
2.000000
616.169103
277.087303
656.669075
334.462265
2.000000
641.481585
266.962312
720.794031
342.899760
2.000000
658.356573
280.462302
737.669018
368.212241
2.000000
687.044055
287.212297
833.856454
407.024715
2.000000
481.169195
273.712307
503.106680
305.774785
2.000000
498.044184
277.087303
518.294170
304.087285
2.000000
525.044165
280.462302
562.169140
307.462283
2.000000
768.043998
253.462322
1161.231228
476.212166
2.000000
0.000000
214.649847
199.356890
445.837188
2.000000
1048.168805
393.524725
1279.356148
643.274554
