2.000000
586.610771
335.482518
604.583048
353.454796
2.000000
595.596909
335.482518
615.066875
363.938625
2.000000
604.583048
338.477898
622.555324
371.427073
2.000000
612.071497
324.998691
664.490640
378.915524
2.000000
619.559946
332.487139
661.495260
383.408592
2.000000
535.689317
323.501000
559.652354
348.961727
2.000000
514.721659
327.994069
538.684696
353.454796
2.000000
457.809446
332.487139
480.274794
362.440934
2.000000
447.325618
326.496379
463.800206
365.436315
2.000000
418.869512
322.003310
454.814067
369.929385
2.000000
396.404163
323.501000
430.851029
375.920144
2.000000
324.515052
322.003310
412.878751
381.910902
2.000000
493.754001
332.487139
526.703177
356.450176
2.000000
538.684696
335.482518
585.113080
371.427073
2.000000
634.536843
332.487139
710.919023
396.887802
2.000000
0.000000
265.091097
140.299206
519.698364
4.000000
1119.788342
345.966347
1142.253690
428.339287
6.000000
785.803515
257.602648
802.278102
281.565684
6.000000
763.338168
257.602648
778.315066
281.565684
6.000000
642.025292
74.884491
659.997570
128.801325
6.000000
662.992950
74.884491
685.458298
131.796705
7.000000
763.338168
199.192744
796.287344
212.671953
7.000000
685.458298
308.524103
694.444435
323.501000
7.000000
700.435196
277.072616
716.909784
290.551825
2.000000
105.852340
324.998691
162.764554
369.929385
4.000000
116.336167
327.994069
125.322306
368.431693
4.000000
493.754001
326.496379
507.233211
359.445554
2.000000
706.425955
330.989449
722.900542
344.468657
4.000000
736.379753
320.505620
745.365890
356.450176
4.000000
742.370510
323.501000
754.352029
374.422454
