7.000000
945.797564
119.784388
1035.635855
203.383909
7.000000
691.255740
132.261929
711.219803
178.428828
7.000000
306.947495
296.965462
329.407066
316.929527
7.000000
968.257137
217.109203
990.716710
257.037334
6.000000
1021.910561
255.789579
1069.325215
304.451985
7.000000
809.792374
321.920543
839.738471
333.150329
7.000000
811.040128
350.618886
824.765422
374.326213
6.000000
980.734678
267.019365
1014.424037
308.195249
6.000000
945.797564
250.798563
970.752645
320.672789
6.000000
940.806548
323.168297
975.743661
349.371132
6.000000
617.638251
162.208026
637.602316
217.109202
6.000000
610.151727
172.190058
622.629267
217.109203
6.000000
365.591935
279.496906
384.308244
311.938511
6.000000
341.884608
280.744660
361.848671
311.938511
6.000000
329.407067
280.744660
344.380116
306.947495
2.000000
1250.249551
404.272310
1278.947894
431.722899
2.000000
1059.343182
396.785786
1220.303454
439.209423
4.000000
1207.825913
380.564983
1221.551208
414.254342
4.000000
1196.596127
379.317229
1209.073667
410.511080
2.000000
883.409862
394.290278
1044.370134
452.934719
2.000000
491.615093
419.245358
522.808944
446.695947
2.000000
446.695947
414.254342
499.101617
457.925734
2.000000
56.148932
321.920543
437.961669
581.453384
2.000000
515.322420
361.848672
706.228788
539.029746
