7.000000
784.565165
235.574398
825.534625
268.349965
7.000000
716.965556
241.719816
781.492456
269.374203
7.000000
954.588426
223.283559
995.557885
297.028586
2.000000
769.201617
294.980115
787.637875
311.367900
2.000000
786.613639
297.028586
804.025658
310.343661
2.000000
751.789598
300.101297
784.565167
328.779920
2.000000
806.074132
299.077060
822.461916
317.513319
2.000000
817.340735
299.077060
837.825465
328.779918
2.000000
904.400837
286.786223
956.636899
302.149771
2.000000
930.006750
298.052824
1006.824488
361.555487
2.000000
729.256394
300.101297
762.031961
360.531252
2.000000
616.590378
276.543857
752.813833
412.767312
2.000000
814.268024
291.907405
951.515717
385.112927
2.000000
624.784270
294.980115
640.147818
313.416372
1.000000
570.499734
293.955879
605.323777
322.634501
2.000000
542.845349
309.319427
573.572443
326.731446
2.000000
486.512342
312.392134
528.506037
336.973810
1.000000
510.069781
296.004350
575.620920
329.804156
2.000000
448.615591
313.416372
478.318448
344.143466
9.000000
397.403764
305.222480
457.833719
347.216175
2.000000
369.749379
319.561790
399.452236
348.240413
2.000000
307.270953
318.537554
372.822089
351.313122
2.000000
272.446910
321.610264
309.319427
350.288886
2.000000
189.483754
320.586026
291.907405
367.700908
2.000000
121.884145
318.537554
205.871537
370.773617
1.000000
3.072709
267.325729
232.501685
379.991745
2.000000
0.000000
349.264649
32.775568
391.258346
