2.000000
538.446477
383.905344
564.669520
411.876589
2.000000
624.108417
387.401748
639.842243
401.387370
2.000000
508.727029
382.157141
533.201869
399.639169
2.000000
284.957064
378.660733
344.395961
397.890965
2.000000
162.582865
370.181954
286.705266
424.376242
2.000000
0.000000
359.692737
66.431708
405.146010
2.000000
339.151351
380.671169
407.331262
413.887024
2.000000
663.268161
392.296717
706.973232
420.267963
9.000000
560.124192
373.678359
616.678553
427.260774
2.000000
401.522122
363.626192
519.915527
458.728428
7.000000
803.608777
430.057900
824.587211
463.273756
7.000000
587.396157
344.978700
604.878185
358.964322
2.000000
436.453680
324.000053
478.020697
340.329953
2.000000
538.886687
331.422735
570.061950
343.299026
2.000000
691.793929
335.876344
717.031046
346.268098
