2.000000
387.449864
289.478468
442.799845
316.478459
2.000000
337.499882
285.428470
415.799855
348.878446
2.000000
290.249898
282.728472
375.299871
367.778441
2.000000
121.499957
259.778479
330.749884
400.178428
2.000000
0.000000
215.035640
197.099931
472.885548
2.000000
600.749789
283.692752
633.149777
321.492739
2.000000
611.549786
280.992753
672.299765
329.592735
2.000000
631.799779
287.549889
703.349754
341.549870
2.000000
689.849759
276.557031
719.549747
296.807024
2.000000
694.285480
287.742757
798.235444
378.192725
2.000000
746.935462
280.992759
950.785391
417.342711
2.000000
872.485418
268.842762
1278.835275
522.642674
7.000000
645.299774
245.892765
665.549767
253.992764
7.000000
645.299774
252.642763
664.199768
268.842756
7.000000
542.699810
267.492758
553.499805
279.642752
