7.000000
790.216644
280.914424
823.689490
309.237600
2.000000
670.486847
328.548857
693.660355
347.860115
2.000000
593.241817
337.560778
608.690823
349.147533
2.000000
567.493474
337.560778
591.954400
356.872035
2.000000
558.481553
341.423031
577.792811
359.446870
2.000000
512.134534
325.974024
567.493472
376.183293
2.000000
609.978240
329.836275
673.061681
373.608460
2.000000
701.384859
324.686608
747.731877
364.596539
2.000000
749.019295
325.974024
774.767638
349.147533
2.000000
773.480218
327.261441
810.815317
354.297202
2.000000
783.779559
325.974024
952.431208
419.955477
6.000000
651.175589
298.938263
657.612675
310.525018
