7.000000
556.656974
221.658092
594.099219
236.634992
7.000000
529.698557
230.644231
595.596909
271.081855
7.000000
628.546085
280.067994
652.509121
305.528721
2.000000
435.344099
302.533342
448.823307
314.514862
2.000000
448.823307
308.524103
460.804826
322.003310
2.000000
444.330238
317.510240
460.804826
329.491759
2.000000
441.334858
323.501000
454.814065
335.482518
2.000000
426.357960
323.501000
448.823307
341.473276
2.000000
484.767862
311.519481
496.749380
323.501000
2.000000
466.795585
327.994069
490.758621
345.966347
2.000000
532.693937
323.501000
555.159283
341.473276
2.000000
311.035847
319.007930
330.505813
332.487139
7.000000
601.587668
317.510240
616.564567
332.487139
