6.000000
610.657511
228.008091
617.247339
241.187749
6.000000
605.165987
229.106395
610.657511
241.187749
7.000000
729.713760
212.851485
742.893420
239.210800
2.000000
287.096895
291.929435
320.046039
309.502313
2.000000
604.946345
274.356560
635.698882
322.681975
2.000000
641.190407
276.553169
668.648030
287.536218
2.000000
655.468370
277.651474
678.532774
287.536218
2.000000
673.041247
278.749779
702.695478
296.322657
2.000000
711.976136
269.963340
764.694769
319.057567
2.000000
336.458833
215.633858
628.607931
473.735505
2.000000
1.841943
300.203326
203.930040
444.081265
