2.000000
365.024721
266.296786
392.057370
285.102107
2.000000
349.745398
262.770789
369.726051
285.102106
2.000000
319.186750
260.420123
356.797394
288.628104
2.000000
279.225442
251.017462
326.238744
290.978770
2.000000
239.264134
252.192796
286.277436
293.329435
2.000000
157.944746
241.426831
250.446251
301.626223
2.000000
530.887322
273.728944
551.443211
295.753112
2.000000
554.379768
269.324110
580.808769
295.753112
2.000000
566.125990
276.665499
585.213603
297.221388
2.000000
643.944717
259.046165
692.397887
316.309001
2.000000
573.467380
263.450999
652.754385
320.713835
2.000000
665.968885
178.290883
977.243790
410.278783
2.000000
416.012052
247.649532
545.220503
350.428982
7.000000
172.277929
200.664641
210.453153
221.220531
7.000000
283.110681
187.159543
302.198294
231.207879
4.000000
1067.171057
285.534159
1106.814557
360.416330
2.000000
1.201333
232.676157
177.394677
364.821164
