6.000000
404.859270
152.113587
422.478604
171.201198
7.000000
890.859241
158.574008
927.566187
204.090621
7.000000
692.641730
183.534732
713.197619
208.495455
7.000000
604.545060
167.383675
619.227837
183.534732
2.000000
590.981837
230.519624
610.069450
248.138958
2.000000
610.069450
229.051346
639.435007
251.075515
2.000000
630.625339
231.987901
651.181229
254.012070
2.000000
643.839839
230.519624
661.459175
255.480347
2.000000
654.117786
224.646512
696.697843
259.885180
2.000000
702.570955
234.924456
758.365512
274.567959
2.000000
743.682735
211.432010
890.510520
248.138958
2.000000
890.510520
230.519624
928.685743
252.543791
2.000000
726.063399
212.900290
914.002966
340.640465
2.000000
905.193299
248.138958
955.114746
324.489406
2.000000
453.312439
217.305122
513.511831
249.607235
2.000000
548.750501
234.924456
573.711224
249.607235
2.000000
404.859270
226.114789
444.502772
252.543791
2.000000
382.835103
236.392736
407.795826
251.075515
2.000000
278.587374
218.773402
340.255043
256.948625
2.000000
62.750529
205.558900
291.801876
305.401795
2.000000
0.000000
202.622343
89.179532
277.504514
2.000000
958.159189
217.270736
1278.603067
400.235567
