6.000000
959.219140
202.691808
969.967951
225.724969
6.000000
1035.996343
202.691808
1045.209606
221.118337
6.000000
1186.479655
224.189425
1194.157374
251.829217
6.000000
868.622046
242.615953
876.299766
262.578026
6.000000
1055.958415
265.649114
1062.100591
277.933465
6.000000
1085.133751
264.113568
1091.275928
277.933464
2.000000
1009.892094
300.966625
1034.460797
311.715434
2.000000
1032.925255
299.431080
1045.209606
311.715431
2.000000
1088.204839
294.824448
1102.024736
304.037712
2.000000
1103.560280
302.502169
1115.844631
311.715433
2.000000
1049.816239
296.359994
1086.669297
340.890769
2.000000
1006.821008
310.179889
1062.100591
353.175120
9.000000
963.825774
288.682274
1006.821008
313.250977
2.000000
959.219140
307.108801
979.181213
316.322065
2.000000
899.332926
300.966625
974.574583
317.857610
2.000000
833.304534
304.037713
887.048575
333.213049
2.000000
1062.100591
307.108801
1168.053128
374.672737
2.000000
776.489406
310.179889
1060.565045
545.118121
9.000000
2.575227
3.071088
834.840078
600.397706
4.000000
1170.709798
295.044893
1187.184385
332.487139
4.000000
1194.672835
290.551824
1209.649733
336.980208
4.000000
1211.147422
301.035653
1229.119700
341.473277
