2.000000
0.000000
533.743353
29.905015
676.972647
2.000000
45.921273
383.697752
186.746507
426.557606
2.000000
174.500836
394.412716
212.768563
417.373352
2.000000
182.154382
389.820588
231.137073
412.781224
2.000000
225.014236
372.982788
246.444163
386.759171
2.000000
636.774979
340.837897
652.082069
353.083570
2.000000
670.450580
394.412716
696.472631
406.658387
2.000000
656.674197
392.882006
675.042706
403.596968
2.000000
647.489943
385.228461
675.042707
402.066260
2.000000
638.305689
382.167043
662.797034
399.004843
2.000000
626.060016
376.044206
645.959235
391.351297
2.000000
627.590725
371.452079
647.489944
389.820589
2.000000
604.630089
340.837897
619.937180
356.144988
2.000000
615.345052
359.206407
627.590724
374.513497
9.000000
622.998598
351.552861
649.020651
374.513498
2.000000
509.726126
333.184352
593.915125
443.395405
2.000000
509.726126
353.083570
525.033217
368.390662
2.000000
508.195416
372.982788
525.033217
382.167043
7.000000
393.392235
325.632412
477.581235
352.573330
7.000000
505.133998
331.143403
526.563924
351.042621
7.000000
580.138743
321.959148
606.160798
343.389075
7.000000
578.608034
281.650472
604.630088
301.549691
7.000000
581.669452
300.018980
603.099379
318.387490
2.000000
309.018512
383.168966
355.537428
403.980061
