6.000000
669.822809
212.288695
680.214566
227.134058
6.000000
536.214540
224.164985
546.606294
237.525812
6.000000
432.296998
210.804158
444.173288
230.103131
6.000000
583.719701
204.866013
594.111458
222.680449
6.000000
589.657846
225.649522
600.049603
237.525812
2.000000
513.946471
247.917566
534.729981
265.732001
2.000000
599.158871
252.371177
612.519697
268.701074
2.000000
529.385663
250.886640
542.746489
265.732002
2.000000
539.777417
250.886640
551.356805
264.247466
2.000000
794.820741
259.793856
863.109410
302.845413
2.000000
475.942356
247.917566
499.694938
264.247465
2.000000
548.387733
250.886640
557.294951
262.762931
7.000000
441.204192
231.587667
466.441310
241.979424
7.000000
447.142338
204.866013
467.925846
234.556741
7.000000
446.548552
185.567041
465.847527
203.381476
7.000000
737.517676
215.257767
762.754794
237.525812
7.000000
741.971284
195.958795
759.785719
215.257767
2.000000
603.909404
253.855712
629.146526
276.123756
7.000000
622.614528
237.525812
635.975355
249.402103
7.000000
798.977469
231.587667
815.604249
258.309320
6.000000
503.554718
194.474259
513.946475
209.319624
6.000000
510.977399
194.474259
521.369156
210.804158
2.000000
1146.655895
279.092830
1279.270192
411.216564
