6.000000
365.922256
359.739973
380.295635
377.706697
6.000000
464.739239
380.401705
480.010954
392.978412
6.000000
535.707797
365.129990
551.877849
379.503369
6.000000
611.168038
357.943300
624.643082
373.215014
6.000000
669.559890
389.385066
678.543250
400.165099
7.000000
626.439752
365.129990
655.186510
376.808360
7.000000
308.428742
346.264930
345.260526
357.943299
2.000000
541.517045
397.064597
553.195413
407.844630
2.000000
549.602072
400.657941
561.280440
411.437974
2.000000
572.060476
407.844631
587.332190
419.523000
2.000000
607.993922
416.827994
630.452325
430.303035
2.000000
660.995759
404.251287
686.149172
437.489726
2.000000
679.860819
406.946295
728.370974
444.676417
2.000000
494.803563
397.962933
510.973616
412.336311
2.000000
433.716700
404.251287
467.853477
422.218011
2.000000
399.579927
411.437975
435.513373
440.184733
2.000000
208.234318
419.523000
240.574421
439.286397
2.000000
173.199207
424.913020
199.250956
440.184734
2.000000
113.010683
419.523000
153.435812
437.489725
2.000000
383.409876
404.251287
396.884919
417.726330
