7.000000
592.697865
95.292134
637.881558
107.414589
7.000000
678.657087
149.292159
696.289747
171.332985
7.000000
584.983576
108.516630
646.697889
139.373787
7.000000
558.534584
170.230944
581.677452
185.659523
7.000000
513.350891
176.843192
524.371304
187.863606
7.000000
458.248825
140.475828
480.289650
150.394200
7.000000
443.922288
150.394200
491.310065
171.332985
7.000000
420.779421
149.292159
431.799834
161.414614
2.000000
308.282285
187.347023
347.955773
200.571518
2.000000
292.853707
187.347023
312.690450
200.571518
2.000000
259.792466
186.244982
292.853705
203.877643
2.000000
211.302649
187.347023
261.996550
204.979683
2.000000
0.000000
175.224569
33.873998
211.591933
2.000000
500.956493
192.227491
510.874866
202.145863
2.000000
506.466699
193.329531
539.527940
213.166275
2.000000
468.997295
191.282887
510.874866
219.935961
2.000000
532.653296
185.142940
580.041072
223.714386
2.000000
580.041071
181.836816
714.490111
288.734823
2.000000
340.898107
170.816404
477.551230
275.510328
