7.000000
945.068525
213.707203
1001.380896
284.709760
7.000000
889.980334
181.878471
945.068525
224.724841
7.000000
889.980334
222.276477
948.741070
262.674483
7.000000
945.068525
176.981743
963.431255
213.707203
7.000000
506.111814
324.757995
520.801998
343.120725
6.000000
502.439268
341.896543
511.008542
359.035090
2.000000
940.171796
382.819201
991.587440
415.872115
2.000000
890.854732
395.235909
922.683464
412.374456
2.000000
838.214906
380.545724
892.078913
414.822821
2.000000
721.917616
373.200634
846.784180
429.513005
2.000000
510.134129
373.200634
581.136686
444.203190
2.000000
357.111380
379.321543
446.476667
419.719549
2.000000
1024.640353
350.116052
1275.597664
461.516616
2.000000
624.157943
378.272239
749.024507
487.224438
2.000000
429.513005
380.720601
550.707024
467.462647
2.000000
0.524647
359.909509
431.436712
598.625000
