2.000000
259.591939
161.185019
292.653179
179.919722
2.000000
214.408244
167.797265
235.347029
182.123802
2.000000
174.734756
156.776853
224.326615
206.368712
2.000000
150.489848
163.389101
201.183748
215.185044
2.000000
77.755123
164.491142
158.204139
219.593208
2.000000
0.612231
161.185019
119.632692
281.307522
6.000000
13.836727
121.633981
39.183678
140.368684
7.000000
25.959180
91.756417
59.020420
106.082954
7.000000
13.836727
75.225796
35.877553
90.654376
4.000000
758.755443
154.285783
796.224847
245.755212
4.000000
897.612648
169.714361
925.163681
230.326634
4.000000
547.163511
169.714361
560.388007
201.673560
6.000000
532.836975
124.530669
542.755347
144.367412
6.000000
516.306354
124.530669
531.734934
143.265371
2.000000
313.881412
153.011548
337.024281
175.052376
6.000000
376.608846
134.669445
387.629260
150.098023
6.000000
357.874143
134.669445
371.098639
148.995982
2.000000
389.833342
156.710271
407.466004
176.547015
2.000000
400.853756
160.016394
428.404789
188.669468
2.000000
524.371304
160.725837
571.759081
197.093202
2.000000
568.452956
147.501343
656.616262
182.766665
2.000000
610.330526
158.521755
695.187707
183.868706
2.000000
763.514268
169.542169
866.004111
216.929945
2.000000
733.759153
178.358499
766.820393
219.134027
2.000000
843.963283
170.644210
966.289868
224.644234
2.000000
964.898376
162.287060
1032.122897
207.470755
2.000000
1028.816774
140.246234
1155.551525
190.940134
2.000000
290.387885
163.102113
326.755250
197.265394
2.000000
219.857242
160.898031
298.102174
224.816427
2.000000
358.714447
156.489865
390.673646
190.653146
2.000000
332.265455
150.979660
359.816488
179.632734
2.000000
412.714472
162.000072
476.632868
221.510304
2.000000
519.612479
178.530691
773.081980
336.122600
2.000000
808.093316
190.132261
1278.347643
542.785481
