4.000000
336.107355
345.315792
365.523145
432.284214
4.000000
236.349459
283.926317
339.944198
564.015792
4.000000
136.591565
313.342107
235.070512
558.900002
4.000000
1047.202095
379.847371
1071.502095
450.189477
4.000000
525.391566
367.057896
540.738934
410.542106
4.000000
533.065251
370.894739
545.854725
406.705265
4.000000
1028.017886
386.242107
1043.365254
452.747371
4.000000
1020.344201
384.963160
1029.296833
427.168423
4.000000
993.486305
376.010528
1017.786305
434.842107
4.000000
845.668945
383.684213
875.823147
427.168423
4.000000
814.433674
383.684213
820.828410
406.705265
4.000000
802.923146
381.126318
811.875776
391.357897
2.000000
747.928410
365.778949
816.991569
456.584214
2.000000
568.875776
374.962237
640.496830
425.889476
2.000000
543.296829
370.894739
568.875778
396.473686
0.000000
439.702092
396.473686
497.254725
447.631580
2.000000
558.644198
360.663160
571.433672
369.615790
2.000000
617.475777
368.336843
783.738935
483.442108
7.000000
819.549461
301.831581
848.965251
309.505264
7.000000
502.370512
294.157896
527.949461
303.110528
