4.000000
313.859992
246.117951
334.033596
290.133085
4.000000
693.490523
229.612276
720.999982
271.793445
4.000000
709.996197
224.110382
733.837728
279.129302
4.000000
814.532142
214.940565
845.709528
275.461375
4.000000
847.543491
211.272638
875.052950
273.627410
2.000000
330.365669
251.619843
383.550620
290.133085
2.000000
431.233683
242.450024
466.078997
282.797232
7.000000
427.565756
227.778311
477.082780
249.785879
7.000000
86.448469
143.415972
152.471170
198.434891
7.000000
102.954144
192.932998
141.467385
218.608493
7.000000
737.505658
26.042283
840.207636
60.887596
7.000000
862.215203
121.408405
915.400154
180.095251
7.000000
869.551057
178.261286
906.230335
194.766961
7.000000
1084.124836
95.732912
1118.970149
159.921650
7.000000
1144.645644
73.725344
1276.691046
114.072549
7.000000
1142.811681
115.906514
1214.336272
159.921646
2.000000
660.479173
229.612276
722.833945
293.801013
2.000000
409.226117
224.110382
744.841514
480.865330
2.000000
924.569976
165.423539
1278.525011
429.514343
7.000000
715.498090
187.431106
766.849079
205.770744
7.000000
640.305570
209.438674
673.316921
224.110385
7.000000
792.524575
189.265071
832.871780
213.106601
