2.000000
1.092600
336.903662
132.207812
480.256296
2.000000
133.956016
353.886195
219.617954
408.080484
2.000000
254.582011
355.634397
317.517314
409.828686
2.000000
530.798063
350.389789
546.531890
381.857439
2.000000
625.201017
339.900574
670.654291
390.598456
9.000000
544.783687
331.159558
642.683044
418.569701
2.000000
287.797868
308.432921
546.531890
533.951088
2.000000
873.445822
310.181124
1231.827407
509.476249
7.000000
184.653899
193.051534
207.380536
226.267390
7.000000
300.035286
233.260199
317.517315
257.735038
7.000000
800.021300
144.101853
840.229967
170.324895
7.000000
801.769504
173.821302
841.978167
194.799734
7.000000
812.258721
311.929327
841.978169
332.907760
6.000000
254.582011
266.476054
265.071229
289.202691
6.000000
590.236960
264.727850
600.726177
285.706283
7.000000
133.956016
336.404168
156.682654
348.641589
6.000000
688.136317
310.181124
698.625535
331.159558
6.000000
705.618348
314.177027
728.344985
329.910854
6.000000
247.589203
268.723752
258.078420
293.198595
6.000000
705.618348
254.738129
717.855768
300.191403
6.000000
579.747744
263.479144
590.236961
293.198591
6.000000
682.891711
308.932419
691.632725
331.659056
7.000000
820.999735
279.212970
833.237157
300.191403
7.000000
836.733561
272.220156
855.963792
282.709374
4.000000
714.359362
352.137993
728.344985
385.353847
4.000000
1231.900281
343.230498
1249.382311
367.705337
7.000000
181.157493
229.014574
233.603579
291.949874
7.000000
128.711408
306.684719
147.941640
315.425731
7.000000
177.661089
324.166746
198.639521
341.648776
7.000000
686.388117
332.907762
698.625538
348.641589
