6.000000
214.694839
270.576079
235.984868
288.195413
6.000000
327.752233
152.379711
357.117790
194.225631
6.000000
311.601179
153.847992
329.954652
190.554937
6.000000
623.773375
219.920492
643.595127
258.095716
6.000000
987.987855
115.672766
1012.214440
167.062490
6.000000
1041.743152
247.083632
1068.906290
274.246771
7.000000
396.067952
324.489406
410.750729
342.842881
7.000000
404.143480
347.981851
417.357984
360.462214
7.000000
913.635896
336.235630
926.850400
353.120825
7.000000
929.786954
342.842881
945.938010
360.462214
4.000000
0.551022
336.122600
52.346964
487.102260
4.000000
50.142880
337.224640
106.346986
481.592051
2.000000
974.755542
242.449086
1278.918942
617.143134
2.000000
508.592066
255.673584
882.184071
597.306391
2.000000
81.000037
336.122600
381.857314
481.592053
6.000000
605.208091
220.992651
630.883585
254.004002
7.000000
1005.929205
213.656796
1051.778303
237.498327
2.000000
508.924985
343.868233
540.102372
382.381475
2.000000
491.502328
358.539945
513.509895
378.713548
