7.000000
129.815378
1.497691
501.242450
98.847529
7.000000
502.740140
0.000000
694.444437
62.902972
7.000000
872.669525
20.587481
1238.105840
192.712362
7.000000
526.703177
266.588787
567.140803
281.565685
7.000000
568.638492
263.593407
589.606150
275.574926
7.000000
511.726279
266.588787
522.210107
278.570305
7.000000
337.994261
173.732018
385.920335
217.165024
7.000000
349.975779
220.160404
379.929576
245.621130
7.000000
144.792276
185.713537
209.192937
215.667333
7.000000
230.160594
254.607268
242.142113
268.086478
2.000000
1.014053
287.556444
245.137494
431.334666
2.000000
287.106829
275.574926
321.519674
292.274794
2.000000
285.575118
302.533342
326.012744
329.491759
2.000000
529.698557
299.537963
565.643113
323.501000
7.000000
1073.481288
0.000000
1205.106198
23.962478
2.000000
567.231636
297.337291
587.481622
314.212279
2.000000
469.356704
292.274794
516.606671
317.587277
2.000000
327.606801
280.462302
487.919191
407.024715
