2.000000
99.706558
198.992182
150.219958
228.075655
2.000000
156.342795
197.461471
206.856193
228.075653
6.000000
389.010576
143.886654
401.256249
159.193745
7.000000
385.949157
162.255165
404.317668
171.439420
6.000000
529.835813
145.417363
548.204322
159.193742
2.000000
548.204320
197.461471
581.879918
221.952816
2.000000
534.427939
191.338636
548.204320
217.360689
2.000000
594.125594
200.522891
627.801193
229.606365
2.000000
603.309848
205.115015
640.046867
235.729197
2.000000
632.393319
205.115015
670.661045
241.852036
2.000000
644.638993
205.115015
684.437432
243.382745
2.000000
676.783882
205.115015
718.113027
251.036289
2.000000
695.152393
197.461471
786.994938
266.343379
2.000000
750.257918
198.992182
832.916208
270.935509
2.000000
806.894156
186.746508
993.640666
296.957568
2.000000
940.065847
179.092964
1244.676955
350.532385
2.000000
1197.224971
287.773307
1278.352552
396.453655
6.000000
718.113029
143.886654
731.889410
162.255165
7.000000
597.187009
145.417363
615.555519
157.663035
6.000000
673.722466
134.702401
684.437426
146.948073
2.000000
499.221631
168.377998
523.712974
185.215799
2.000000
508.405884
180.623672
534.427939
200.522889
7.000000
1203.347809
125.518144
1227.839156
163.785872
2.000000
309.413704
186.746508
344.620012
208.176436
