7.000000
895.887403
23.956873
948.293074
78.858051
7.000000
723.697344
308.444796
741.165900
362.098221
7.000000
247.055300
392.044316
272.010380
413.256135
7.000000
374.326213
241.066078
389.299262
252.295864
6.000000
371.830706
253.543618
390.547016
293.471748
6.000000
885.905371
83.849068
960.770614
249.800356
6.000000
709.972052
357.107202
721.201838
378.319022
6.000000
277.001396
357.107202
298.213215
397.035333
6.000000
766.120982
198.642439
787.332802
256.039126
6.000000
835.995209
168.696342
887.153124
257.286878
6.000000
704.981034
334.647630
722.449592
352.116187
6.000000
733.679375
197.394685
756.138948
251.048110
2.000000
150.978240
402.026350
200.888401
464.414050
1.000000
743.661409
353.363941
1010.680776
476.891591
2.000000
0.000000
279.746453
197.145140
671.541221
2.000000
275.753643
320.922335
731.183869
660.311436
4.000000
855.959274
382.062283
905.869436
496.855656
