7.000000
203.383909
212.367745
222.100221
244.809350
7.000000
301.207828
251.048118
316.180878
273.507691
2.000000
570.223599
272.509484
580.205631
281.243763
2.000000
565.232581
265.022961
575.214616
272.509484
2.000000
542.773008
261.279698
552.755041
268.766223
2.000000
527.799960
261.279698
539.029747
270.013977
2.000000
554.002795
263.775207
563.984828
272.509486
2.000000
556.498303
272.509484
570.223597
282.491517
2.000000
539.029747
268.766223
554.002797
278.748255
2.000000
581.453383
270.013977
591.435416
278.748255
2.000000
617.638251
299.960075
628.868037
309.942107
2.000000
620.133758
308.694352
637.602316
316.180877
2.000000
622.629268
316.180877
636.354562
328.658417
2.000000
628.868037
321.171894
646.336593
344.879221
2.000000
182.773682
263.097853
685.618561
542.594758
1.000000
637.738031
3.667928
1277.791436
607.042055
2.000000
1.352554
214.573778
276.447141
500.672148
