2.000000
1.247755
316.929527
137.252945
451.686966
2.000000
920.842484
269.514874
1278.691571
573.966861
7.000000
694.999002
223.347973
731.183868
237.073267
7.000000
827.260930
152.225993
860.950289
199.640645
7.000000
712.467558
207.127171
747.404673
219.604711
7.000000
449.191455
270.762627
470.403274
280.744662
7.000000
242.064284
232.082252
272.010381
244.559790
6.000000
449.191455
187.163105
459.173488
212.118186
6.000000
597.674186
217.109203
610.151726
233.330007
6.000000
547.764025
278.249152
556.498303
293.222198
6.000000
611.399480
281.992415
620.133760
295.717708
2.000000
123.527650
324.416051
281.992416
417.997602
2.000000
257.037332
315.681774
360.600918
389.299262
2.000000
791.076063
301.956477
847.224995
348.123377
2.000000
550.259533
305.699740
616.390497
368.087443
2.000000
643.841086
313.186265
687.512478
350.618885
2.000000
505.340387
320.672789
524.056698
336.893592
2.000000
522.808944
321.920543
536.534239
336.893592
2.000000
632.611300
319.425035
651.327610
341.884608
2.000000
627.620283
313.186265
642.593332
333.150328
