7.000000
62.437458
287.296677
140.062405
302.484167
7.000000
177.187378
238.359211
199.124863
260.296696
6.000000
234.562339
246.796705
249.749828
283.921680
6.000000
399.937225
317.671657
410.062218
354.796631
6.000000
386.437234
369.984121
403.312223
405.421596
6.000000
242.999833
390.234107
256.499824
398.671601
6.000000
237.937337
358.171629
253.124827
385.171610
7.000000
506.249652
380.109114
521.437142
388.546607
6.000000
568.687109
359.859129
578.812102
373.359119
6.000000
632.812065
312.609160
644.624557
336.234144
6.000000
696.937021
305.859165
710.437012
332.859146
6.000000
904.499379
339.609142
914.624371
373.359119
6.000000
806.624445
366.609124
815.061940
388.546609
7.000000
990.983694
371.671619
1004.483684
403.734096
7.000000
745.874487
327.796650
762.749476
342.984139
7.000000
659.812046
307.546664
673.312037
324.421651
7.000000
782.999462
386.859109
793.124455
400.359100
6.000000
804.936947
393.609104
815.061940
407.109095
6.000000
28.687480
329.484149
45.562469
364.921625
9.000000
232.874840
395.296604
295.312298
417.234089
2.000000
199.124863
395.296604
246.374830
412.171592
2.000000
160.312390
390.234107
209.249857
413.859090
2.000000
129.937411
396.984102
167.062385
412.171592
2.000000
94.499935
395.296604
136.687406
412.171592
2.000000
57.374961
398.671601
99.562433
417.234089
2.000000
28.687480
398.671601
60.749958
415.546589
2.000000
6.749995
390.234107
28.687480
415.546590
2.000000
0.000000
418.921587
32.062478
466.171555
2.000000
534.937132
408.796594
553.499619
418.921586
2.000000
492.749661
412.171592
506.249652
425.671582
2.000000
475.874673
410.484092
492.749661
427.359080
2.000000
458.999684
412.171592
477.562172
427.359081
2.000000
438.749698
412.171592
464.062181
430.734080
2.000000
411.749717
415.546589
443.812194
434.109076
2.000000
507.937151
412.171592
528.187137
429.046580
2.000000
558.562116
400.359100
575.437103
420.609086
2.000000
597.374589
405.421596
609.187082
418.921587
2.000000
575.437104
403.734097
595.687091
418.921587
2.000000
609.187081
407.109095
624.374571
423.984084
2.000000
658.124548
405.421596
671.624538
418.921587
