7.000000
267.019366
190.906368
345.627871
207.127170
7.000000
413.006588
224.595727
460.421242
263.276103
7.000000
701.237772
109.802356
773.607506
175.933321
7.000000
427.979636
310.690757
440.457177
318.177282
7.000000
990.716711
132.261930
1028.149331
167.199042
6.000000
743.661408
237.073268
762.377719
272.010380
6.000000
757.386704
285.735676
777.350769
306.947494
6.000000
291.974445
245.807546
311.938511
273.258135
6.000000
552.755042
88.590536
576.462368
140.996206
6.000000
978.239168
203.383909
996.955479
242.064284
7.000000
965.761629
250.798564
1010.680776
260.780596
7.000000
37.432620
286.983431
57.396686
313.186265
2.000000
595.178678
346.875624
606.408466
361.848672
2.000000
568.975844
346.875624
576.462370
358.105410
2.000000
551.507287
348.123378
571.471352
358.105410
2.000000
551.507287
349.371133
566.480334
366.839690
2.000000
540.277499
344.380116
560.241564
365.591935
2.000000
526.552205
344.380116
551.507287
374.326214
2.000000
507.835895
348.123378
540.277501
376.821720
2.000000
491.615093
349.371133
519.065683
381.812738
2.000000
481.633061
354.362147
502.844879
384.308245
2.000000
436.753845
346.335304
491.615093
389.299261
2.000000
575.214613
346.875624
596.426430
366.839690
1.000000
606.408466
325.663804
641.345578
366.839688
2.000000
870.932322
263.276103
1237.772010
568.975842
4.000000
642.593331
331.902576
651.327609
363.096427
4.000000
648.832102
340.636853
655.070872
361.848670
4.000000
663.805151
336.893592
677.530445
364.344178
4.000000
341.884608
323.730669
396.388425
415.502096
4.000000
427.066144
344.720687
441.597696
381.856874
4.000000
702.358309
331.803753
739.494496
410.919976
