2.000000
411.760741
415.587517
434.721378
440.078863
2.000000
385.738689
414.056807
419.414288
444.670990
2.000000
347.470963
414.056807
388.800112
449.263116
2.000000
687.288379
410.995390
710.249018
420.179645
2.000000
324.510325
421.710352
364.308763
452.324538
2.000000
267.874091
424.771771
332.611060
458.551172
2.000000
108.680346
424.771771
231.137073
478.346590
2.000000
433.190672
407.933969
488.296198
447.732410
2.000000
665.858451
410.995390
688.819087
435.486738
2.000000
690.349799
414.056807
720.963978
438.548154
2.000000
837.582467
386.504043
1083.004221
581.665703
2.000000
619.937177
412.526100
638.305687
424.771772
1.000000
575.546617
394.157591
603.099380
418.648939
1.000000
516.677377
392.351883
563.300947
426.258836
2.000000
477.581235
409.464679
499.011160
429.363899
6.000000
90.444272
274.762282
105.618928
313.030009
6.000000
655.873903
320.683551
665.858453
347.142613
6.000000
235.729200
329.381828
246.444163
352.828444
7.000000
682.696253
322.214261
742.393910
337.521352
7.000000
0.000000
265.578030
33.675599
285.477247
4.000000
812.152252
415.587517
826.582902
456.936555
2.000000
0.000000
421.710352
84.188999
473.754462
4.000000
0.000000
420.179645
18.368510
472.223752
7.000000
122.456727
374.258369
155.003213
397.195735
4.000000
1088.544630
423.433257
1120.140407
507.393330
6.000000
107.945663
275.268311
122.754533
310.271096
6.000000
81.020444
275.268311
95.829314
311.617357
6.000000
668.451356
321.083254
676.524440
347.142614
6.000000
644.859033
317.044471
655.629119
343.969692
2.000000
560.044588
405.897699
573.507196
420.706571
2.000000
606.062247
403.878310
617.933812
417.340920
4.000000
770.061310
409.263352
780.831398
433.496051
7.000000
124.325494
395.581117
153.388596
414.956518
7.000000
736.265262
364.903397
745.952963
384.278799
7.000000
937.688708
345.931650
958.678727
383.067837
