6.000000
423.314286
81.895672
438.669726
126.426449
6.000000
847.124430
150.995153
856.337695
190.919297
6.000000
197.589316
217.023546
217.551388
238.521162
6.000000
1098.953647
266.160953
1120.451263
287.658569
6.000000
1126.593439
266.752834
1145.019967
287.658568
6.000000
718.138733
258.483233
724.280909
272.303129
6.000000
619.863917
247.734425
629.077182
264.625409
7.000000
206.802580
152.530697
251.333356
164.815048
7.000000
223.693564
178.634945
248.262267
230.843441
7.000000
1083.598207
224.701265
1121.986808
238.521161
2.000000
472.451693
269.232041
538.480084
338.331522
2.000000
386.461229
284.587481
473.987237
335.260433
2.000000
658.252518
289.194113
679.750134
310.691729
2.000000
678.214591
281.516393
705.854383
313.762818
2.000000
696.641118
286.123026
748.849614
329.118257
2.000000
721.209822
264.178000
812.102736
367.506856
2.000000
512.375837
249.269969
665.930237
402.824369
2.000000
771.882774
241.592249
989.930024
424.321986
2.000000
1031.389711
315.298362
1280.000000
719.146435
