6.000000
497.751783
215.267755
508.734834
250.413512
6.000000
582.401131
265.206305
599.974009
283.877487
6.000000
539.542270
334.433834
547.230405
347.613494
6.000000
581.277856
342.121969
590.064294
358.596542
6.000000
556.016845
345.416883
566.999891
355.301625
2.000000
483.693478
363.538914
515.544319
394.291450
2.000000
444.154502
355.850781
492.479917
400.881281
2.000000
414.500270
361.342304
443.056198
408.569414
2.000000
334.324015
358.047390
418.893490
417.355853
2.000000
210.874536
329.491462
322.901633
436.027035
2.000000
46.128804
330.223672
221.857585
463.118563
2.000000
512.176185
362.074513
541.830417
385.138918
2.000000
449.426352
358.486722
486.109745
388.140954
2.000000
599.235146
370.568075
613.513110
392.534173
2.000000
608.021586
376.059601
629.987684
401.320612
2.000000
626.033779
375.620268
678.752414
417.355853
2.000000
582.101584
361.342304
600.772768
382.210097
2.000000
896.216779
417.355853
931.362535
443.715169
7.000000
687.838399
310.236806
708.706192
346.480866
7.000000
802.860865
364.197905
813.843911
390.557221
6.000000
512.496496
220.288576
526.774460
252.139417
2.000000
0.000000
355.741132
52.306752
488.588775
6.000000
255.688925
300.044302
271.858976
318.909362
6.000000
695.671569
348.374792
706.451603
358.256490
6.000000
706.451603
350.171464
719.926646
360.053162
