2.000000
236.938882
353.755261
266.693995
381.306294
2.000000
326.204228
329.510351
350.449136
344.938929
2.000000
306.367484
351.551179
336.122599
364.775675
2.000000
308.571566
338.326684
329.510351
350.449138
2.000000
310.775651
329.510351
325.102187
341.632804
2.000000
293.142989
329.510351
309.673608
339.428722
2.000000
374.143025
365.877714
392.877728
389.020582
2.000000
367.530777
362.571590
386.265480
374.694046
2.000000
367.530777
358.163427
385.163439
366.979758
2.000000
379.653232
368.081798
408.306306
409.959368
2.000000
299.204217
354.857302
348.796077
396.734872
4.000000
181.836815
335.571579
196.163351
358.714446
4.000000
138.857205
343.285868
150.979662
365.326696
4.000000
48.489818
339.979745
72.734727
392.877728
4.000000
335.020559
336.673622
380.204253
467.816538
2.000000
140.431547
358.793165
237.411184
429.323810
2.000000
395.003089
351.078876
499.697015
432.629935
6.000000
388.653235
70.163286
416.204268
127.469434
6.000000
255.673585
303.612382
265.591956
315.734837
6.000000
369.183839
308.020546
378.000171
323.449126
6.000000
363.673634
67.775541
386.816501
117.367400
7.000000
253.469502
324.220550
264.489915
335.240964
7.000000
370.726691
327.526673
383.951187
339.649130
6.000000
580.114539
298.212387
593.339037
321.355254
