2.000000
525.205489
345.966347
537.187007
360.943245
2.000000
514.721658
347.464037
528.200866
365.436313
2.000000
505.735520
347.464037
514.721660
365.436313
2.000000
498.247071
350.459416
508.730900
368.431694
2.000000
489.260932
350.459416
499.744760
368.431694
2.000000
480.274794
347.464037
493.754002
371.427075
2.000000
460.804826
344.468657
484.767864
372.924764
2.000000
445.827927
347.464037
469.790964
374.422453
2.000000
414.376441
345.966347
451.818688
378.915522
2.000000
409.883372
350.459416
430.851029
384.906282
2.000000
379.929576
341.473277
420.367201
386.403973
2.000000
146.289965
338.477898
267.602840
413.362389
2.000000
44.447057
356.450175
173.248381
428.339287
2.000000
314.031224
342.970967
385.920336
392.394731
6.000000
505.735520
314.514861
510.228589
332.487139
6.000000
511.726281
317.510240
520.712418
330.989449
2.000000
0.000000
351.957106
56.428577
443.316185
1.000000
523.707798
0.000000
1278.543464
551.149851
