7.000000
291.937299
101.249930
345.937262
119.812417
7.000000
302.062293
131.062405
339.187268
171.562378
6.000000
401.624723
279.562308
415.124715
287.999803
2.000000
371.249744
287.437299
396.562226
300.937291
2.000000
302.062293
290.812298
347.624762
311.062285
2.000000
237.937336
297.562293
280.124807
322.874776
2.000000
194.062367
302.624790
242.999832
331.312270
6.000000
622.687072
15.187490
658.124548
42.187472
6.000000
497.249666
231.749838
515.812153
246.937328
6.000000
552.937127
253.687323
563.062119
268.874813
6.000000
606.937092
246.937328
620.437083
258.749820
7.000000
449.999700
262.124818
460.124692
280.687304
7.000000
440.437198
269.999814
450.562190
285.187304
7.000000
421.874710
239.624835
450.562190
266.624816
7.000000
750.936984
232.874839
766.124473
254.812325
6.000000
1182.936686
254.812325
1220.061660
281.812306
2.000000
842.061921
294.187294
1000.686812
397.124724
2.000000
720.562005
287.437299
796.499452
344.812260
2.000000
591.187112
284.062302
621.562091
309.374785
2.000000
501.187156
283.499805
521.437143
307.124789
2.000000
478.124676
283.499805
505.124658
305.437290
9.000000
552.216792
266.756794
581.310663
301.140460
