2.000000
245.465929
405.110394
281.833293
471.232871
2.000000
188.159782
391.885897
258.690426
487.763491
2.000000
43.792369
372.049152
222.323061
536.253308
2.000000
453.751738
389.681815
497.833389
423.845097
2.000000
654.323257
398.498145
731.466150
493.273699
2.000000
261.551131
369.551198
485.265517
559.102303
2.000000
474.690523
373.371600
669.751836
508.922680
2.000000
0.000000
341.191996
125.343427
612.294158
6.000000
306.367484
357.281789
315.183815
372.710366
6.000000
315.183815
356.179748
322.898103
372.710368
6.000000
453.751738
354.416492
466.976231
374.253236
2.000000
749.778352
353.755260
1278.758180
686.571736
