6.000000
173.936888
166.774780
191.330577
196.446366
6.000000
348.896933
175.983204
362.197990
203.608473
6.000000
436.888535
233.280061
448.143273
244.534801
7.000000
146.311618
187.237944
168.821098
194.400052
7.000000
370.383254
192.353735
389.823260
204.631633
7.000000
430.749586
200.539000
453.259066
223.048479
7.000000
427.680111
183.145311
449.166432
194.400052
2.000000
289.553760
274.206388
314.109556
304.901132
2.000000
379.591677
270.113755
442.004326
317.179030
2.000000
553.528566
264.997964
600.593841
314.109556
1.000000
598.547525
199.515842
732.581245
331.503243
2.000000
449.166432
258.859015
557.621198
338.665352
2.000000
305.924290
273.183228
401.077999
337.642193
2.000000
626.172796
218.955847
983.254994
455.305382
1.000000
840.012851
24.555796
1278.947701
430.749586
6.000000
707.471752
145.671118
722.941252
177.899242
