2.000000
1059.343182
284.487922
1275.204632
482.880815
7.000000
1095.528050
59.892194
1131.712917
112.297864
7.000000
1119.235376
139.748453
1176.632060
152.225993
7.000000
773.607506
291.974446
782.341786
303.204232
5.000000
571.471352
305.699740
587.692154
350.618886
0.000000
568.975843
324.416051
586.444398
351.866638
2.000000
58.644440
306.947495
233.330006
391.794767
4.000000
54.901178
320.672789
72.369734
385.556001
7.000000
97.324815
230.834498
124.775402
272.010381
2.000000
331.902575
311.938511
416.749850
361.848669
2.000000
873.427830
316.929527
974.495905
381.812737
2.000000
417.997604
315.681773
474.146536
354.362148
2.000000
704.981034
306.947495
722.449591
323.168297
2.000000
658.814135
305.699740
693.751248
320.672789
2.000000
647.584348
306.947495
661.309645
316.929527
2.000000
726.192853
300.708724
736.174885
310.690758
2.000000
731.183869
303.204232
746.156918
315.681773
2.000000
737.422639
309.443003
751.147936
321.920545
2.000000
744.909164
309.443003
766.120981
330.654820
2.000000
761.129966
309.443003
782.341785
339.389100
2.000000
776.103015
306.947495
803.553604
343.132362
2.000000
789.828309
309.443003
834.747457
351.866640
2.000000
806.049112
321.920543
832.251944
355.609902
2.000000
827.260930
316.929527
852.216011
356.857656
2.000000
839.738471
310.690757
905.869437
366.839691
4.000000
751.147934
313.186265
762.377720
338.141346
6.000000
1119.235376
222.100220
1145.438209
253.294071
7.000000
1110.501098
172.190058
1135.456179
215.861449
6.000000
723.697345
259.532841
733.679377
275.753643
6.000000
590.187662
260.780595
597.674186
275.753643
6.000000
582.701138
258.285087
591.435416
274.505889
6.000000
507.835895
298.213216
516.570175
311.938513
7.000000
505.340387
277.001397
517.817930
286.983431
7.000000
515.322420
260.780595
524.056698
277.001395
7.000000
550.571471
290.102815
561.801258
296.341585
7.000000
543.084947
312.562388
550.571471
323.792174
7.000000
546.828209
298.837093
555.562487
308.819127
6.000000
781.094031
2.495508
808.544620
44.919146
