2.000000
0.000000
408.200362
41.008542
510.000961
2.000000
0.000000
387.644473
71.352951
476.719997
2.000000
87.014582
412.115769
155.534215
456.164104
2.000000
269.081034
417.988881
293.552333
437.565920
2.000000
283.763813
417.010031
317.044779
436.587069
2.000000
319.981336
417.988881
354.241151
437.565920
2.000000
351.304595
417.988881
385.564412
437.565920
2.000000
378.712450
414.073474
406.120303
441.481327
2.000000
404.162599
412.115769
453.105195
450.290992
2.000000
171.195845
407.221511
249.503998
466.931478
7.000000
931.763775
147.825756
1020.839298
221.239650
2.000000
244.609738
423.861993
269.081034
445.396734
