6.000000
453.800013
223.155782
470.274601
236.634991
6.000000
582.601337
229.146541
596.080546
239.630370
6.000000
534.675263
239.630370
546.656782
250.114199
6.000000
584.099027
242.625750
596.080546
251.611889
6.000000
533.177574
251.611889
545.159092
260.598028
7.000000
681.448865
250.114199
691.932694
268.086477
7.000000
676.955796
230.644231
690.435004
238.132679
2.000000
582.601337
253.109578
597.578237
263.593407
2.000000
599.075925
262.095717
612.555134
272.579546
2.000000
606.564374
269.584166
621.541274
281.565685
2.000000
617.048203
275.574926
632.025101
287.556444
2.000000
633.522791
281.565685
664.974276
313.017171
2.000000
664.974277
286.058754
684.444245
316.012551
2.000000
682.946555
290.551824
706.909592
319.007930
2.000000
705.411902
283.063375
762.324115
345.966347
2.000000
742.854147
277.072615
850.687814
378.915523
2.000000
816.840015
242.625750
1077.438042
423.846217
2.000000
140.782842
292.049514
203.685816
347.464037
2.000000
50.921454
292.049514
140.782840
351.957106
2.000000
0.000000
298.040273
52.419143
353.454796
2.000000
428.339287
281.565685
491.429102
314.889047
2.000000
509.401366
281.565685
560.135990
313.391359
2.000000
578.108268
275.574926
620.043583
308.898293
2.000000
558.638300
257.602648
576.610578
271.081856
2.000000
527.186814
262.095717
542.163712
272.579546
2.000000
512.209916
265.091097
527.186814
275.574926
2.000000
999.895139
216.737112
1276.967756
529.754283
