6.000000
362.357872
273.604676
372.151328
288.294861
6.000000
356.236963
269.932130
364.806236
290.743225
6.000000
602.297544
280.949770
608.418454
294.415772
6.000000
598.624998
282.173951
604.745908
295.639954
2.000000
585.158997
325.020320
599.849182
345.831415
2.000000
596.176635
325.020320
616.987729
332.365412
2.000000
616.987729
326.244502
626.781184
338.486321
2.000000
625.557002
329.917050
641.471369
354.400690
2.000000
634.126278
323.796138
656.161554
360.521598
2.000000
648.816461
314.002683
707.577196
367.866691
2.000000
530.070808
328.692868
543.536810
338.486323
2.000000
519.053168
326.244502
530.070806
333.589594
2.000000
509.259713
332.365414
538.640081
356.849054
2.000000
701.456287
307.881774
811.632666
391.126151
2.000000
428.871775
331.345268
460.700506
363.173999
2.000000
259.526584
327.672722
324.408229
372.967456
2.000000
31.828732
337.466177
105.279652
386.433457
2.000000
64.881645
333.793631
200.765847
393.778549
2.000000
294.211753
316.655085
449.682867
419.486373
2.000000
534.151427
325.224358
588.015435
371.743274
2.000000
591.687980
328.896904
627.189258
357.053090
2.000000
777.355571
320.123593
1025.864516
452.335250
2.000000
0.000000
337.262141
45.294735
386.229422
2.000000
0.000000
385.005240
93.037833
590.667816
7.000000
607.194274
281.806702
623.108640
295.272705
1.000000
432.029498
300.508088
499.886163
361.028897
