7.000000
419.436930
177.428651
431.559384
189.551106
7.000000
477.845119
191.755188
513.110441
203.877643
7.000000
558.294135
171.918445
575.926797
198.367437
2.000000
494.375739
217.102138
510.906359
229.224593
2.000000
474.538995
214.898056
491.069615
231.428676
2.000000
446.987963
209.387849
477.845118
240.245005
2.000000
393.649153
216.000098
411.281814
233.632759
2.000000
511.347169
217.653159
548.816573
246.306233
2.000000
405.551202
212.142952
452.938979
251.816440
2.000000
0.000000
273.321018
132.483009
499.571823
7.000000
150.779300
1.618624
446.126372
60.026814
7.000000
492.412106
0.516582
588.289700
25.863532
