2.000000
939.490019
333.884682
1277.767921
438.223646
9.000000
894.752395
280.433855
1024.352370
369.396551
2.000000
719.609368
329.930795
941.466953
452.940926
2.000000
606.264293
323.999938
685.342243
383.308401
2.000000
521.914473
331.688074
529.602608
340.474512
2.000000
510.931424
330.589768
521.914473
341.572817
2.000000
498.850072
330.589768
507.636510
339.376207
2.000000
447.229742
327.294854
461.507715
337.179598
2.000000
432.951787
327.294854
446.131446
337.179598
2.000000
414.280604
328.393158
425.263652
337.179596
2.000000
531.579560
323.999938
571.118536
358.047390
2.000000
475.566011
329.491464
498.630414
343.769427
2.000000
8.786439
337.454174
54.915243
358.321967
2.000000
56.013549
334.159260
114.223709
359.420271
2.000000
119.715231
336.081292
153.762681
354.752474
2.000000
181.220305
334.982986
218.562669
352.555863
6.000000
462.386354
109.006758
485.450755
161.725391
6.000000
888.528646
218.837247
906.101523
257.277917
6.000000
485.450755
304.505028
493.138890
315.488076
6.000000
428.338902
303.406722
434.928730
314.389771
6.000000
224.054195
191.105048
254.806733
214.389116
6.000000
252.610121
261.396562
264.691474
283.362659
6.000000
883.311697
271.830457
906.376098
286.108420
7.000000
230.644024
127.623027
264.691474
166.063697
7.000000
330.589768
128.721333
429.437208
153.982344
6.000000
432.732120
105.656933
455.796524
155.080654
7.000000
593.304308
303.571478
610.877185
311.259612
7.000000
238.332158
339.376207
258.101647
359.145694
7.000000
229.545720
300.935536
265.789780
331.688074
2.000000
334.982986
332.786378
366.833828
347.064341
2.000000
284.460963
330.589768
298.738926
338.277902
2.000000
401.979584
329.491464
414.060937
338.277902
2.000000
389.898232
329.491464
400.881280
338.277902
2.000000
378.915183
329.491464
387.701621
338.277902
2.000000
369.030438
328.393158
377.816877
336.081292
