7.000000
105.345968
126.170175
124.638981
149.138048
7.000000
116.370547
150.056761
129.232556
160.162625
7.000000
95.240104
158.325197
114.533117
169.349775
7.000000
374.529423
191.398931
384.635287
200.586080
7.000000
646.469031
139.032182
665.762043
157.406480
7.000000
656.574895
160.162625
674.949192
178.536922
7.000000
643.712887
160.162625
655.656181
171.187204
7.000000
654.737464
213.448089
663.924613
238.253390
2.000000
208.023293
229.416227
241.097028
254.221530
2.000000
295.301205
201.854781
323.781366
219.310364
2.000000
379.822973
206.448356
400.953415
215.635505
2.000000
369.717109
210.123215
396.359840
221.147794
2.000000
367.879679
213.798075
384.416546
228.497512
2.000000
359.611245
214.716788
377.066828
234.009801
2.000000
416.571568
205.529641
433.108435
217.472935
2.000000
444.133014
201.854781
456.076308
211.960645
2.000000
473.531890
198.179923
489.150042
211.041932
2.000000
478.125463
207.367072
499.255906
222.066509
2.000000
484.556467
214.716788
506.605624
231.253656
2.000000
489.150042
214.716788
515.792773
237.684661
2.000000
504.768194
218.391648
556.216228
266.164822
2.000000
553.460083
218.391648
581.021529
236.765946
2.000000
582.858957
211.960645
608.582973
222.985224
2.000000
129.932528
215.635503
219.047870
288.213978
2.000000
27.036465
209.204500
152.900401
303.832130
2.000000
551.355239
220.307825
623.933713
275.430716
2.000000
449.377888
204.689671
471.427046
228.576257
2.000000
397.011141
208.364532
422.735157
232.251119
2.000000
378.636846
225.820114
411.710580
251.544130
2.000000
336.375961
223.063969
368.530980
245.113126
2.000000
0.126320
204.689671
48.818208
325.960032
1.000000
713.423847
197.035628
758.440876
222.759644
4.000000
856.743366
222.759644
894.410676
298.094264
