6.000000
706.936217
108.371152
715.843435
129.154659
6.000000
488.709355
114.309297
499.101109
138.061877
6.000000
923.381596
109.855688
932.288814
132.123733
6.000000
721.484655
105.402079
730.391873
133.608268
6.000000
927.835205
144.000024
942.680567
155.876315
7.000000
915.958914
155.876313
939.711494
166.268068
6.000000
1118.152780
63.835062
1130.029072
103.917544
7.000000
1104.791953
120.247444
1147.057263
136.744967
6.000000
1137.451752
110.152595
1163.761176
140.419825
6.000000
391.917590
123.216515
439.422753
132.123733
7.000000
590.845459
192.989723
605.987748
198.927868
2.000000
715.249631
221.195913
724.156849
234.556740
2.000000
697.435193
222.680449
710.796020
230.103131
2.000000
713.765093
222.680449
724.156847
234.556740
2.000000
724.156849
221.195913
733.064067
237.525813
2.000000
761.270255
218.226840
773.146546
230.103131
2.000000
774.631082
218.226840
790.960982
231.587667
2.000000
789.476446
216.742304
801.352737
228.618596
2.000000
801.352738
215.257767
810.259956
228.618595
2.000000
728.610458
216.742304
762.754793
249.402103
2.000000
617.270232
209.319622
643.991886
237.525811
2.000000
602.424868
218.226840
617.270232
239.010349
2.000000
556.404244
225.649522
581.641360
247.917567
2.000000
481.880501
218.226840
556.107317
271.670148
2.000000
827.777465
209.319622
881.220774
253.855712
2.000000
634.490817
215.257767
707.233097
274.639223
2.000000
1050.161034
204.866013
1277.295091
347.381500
2.000000
1236.321882
223.571169
1277.888899
352.725830
2.000000
0.000000
229.509315
68.288671
302.251596
6.000000
386.276348
180.222712
392.214491
201.006220
6.000000
929.321840
165.225126
950.452282
182.680709
6.000000
286.806082
195.542717
303.342950
212.998298
7.000000
259.244636
163.387697
277.618933
172.574845
6.000000
1160.837986
111.020949
1189.318146
141.338539
