2.000000
329.004140
364.344180
483.725641
446.695947
2.000000
197.989966
361.848672
395.135105
505.340388
4.000000
183.016917
344.380116
210.467507
399.281292
2.000000
0.000000
351.866641
289.076010
657.566382
9.000000
0.000000
285.735676
279.093980
400.529048
7.000000
274.102962
301.956477
287.828257
311.938510
7.000000
14.570122
117.288881
91.930873
194.649632
7.000000
811.053113
238.321022
852.228995
249.550811
7.000000
1079.320232
222.100220
1144.203440
242.064284
7.000000
1094.293280
243.312038
1132.973656
273.258137
2.000000
1050.205977
374.326213
1264.819674
451.686962
2.000000
972.845226
371.830705
1017.764372
444.200440
2.000000
473.743610
247.055300
1005.286831
661.309643
2.000000
1157.512825
369.335197
1276.049458
469.155520
1.000000
272.855208
306.947496
477.486871
409.263325
2.000000
477.486871
379.317229
503.689706
413.006588
6.000000
113.142691
150.978239
144.336540
195.897385
6.000000
405.117138
229.586744
423.833449
263.276104
6.000000
387.648580
227.091236
405.117135
259.532843
6.000000
1126.318974
278.249152
1176.229134
319.425034
