7.000000
208.486994
194.912297
349.356592
270.469629
7.000000
531.206444
337.062532
549.135302
356.272023
7.000000
449.245948
330.659368
459.491010
347.307594
2.000000
500.471258
358.833289
511.996952
372.920249
2.000000
606.763774
361.394554
624.606597
376.762147
2.000000
514.558218
356.272023
533.767709
371.639616
2.000000
628.534530
358.833289
643.902123
371.639616
2.000000
656.708451
349.868859
683.601738
376.762147
2.000000
683.601738
356.272023
696.408066
376.762147
2.000000
803.981215
330.659368
889.783610
384.445944
2.000000
990.953595
298.643550
1279.095961
475.370867
