6.000000
436.713915
234.577760
447.943701
267.019365
6.000000
107.306848
230.834498
122.279896
269.514873
6.000000
626.372529
369.335197
641.345578
386.803753
6.000000
606.408465
369.335197
623.877021
384.308245
6.000000
326.911559
379.317229
334.398083
390.547015
6.000000
260.780595
393.042523
267.019365
404.272310
6.000000
279.496906
391.794769
285.735676
404.272310
6.000000
404.272310
375.573967
411.758834
388.051507
6.000000
406.767818
398.033540
411.758834
411.758834
9.000000
364.344180
404.272310
388.051507
420.493112
2.000000
262.028349
421.740866
309.443003
445.448193
9.000000
388.051507
410.511080
406.767818
430.475145
9.000000
416.749850
410.511080
437.961669
431.722899
2.000000
404.272310
426.731883
431.722899
444.200439
2.000000
365.591935
417.997604
381.812737
432.970653
7.000000
597.674186
333.150329
627.620283
345.627870
7.000000
534.038730
370.582951
555.250549
395.538032
7.000000
516.570174
346.875624
541.525255
368.087443
7.000000
585.196646
358.105410
601.417449
378.069475
6.000000
563.984827
379.317229
583.948892
401.776802
7.000000
511.579158
376.821721
525.304452
398.033540
7.000000
797.314833
306.947495
835.995210
328.159312
7.000000
832.251946
277.001397
874.675584
301.956478
7.000000
835.995209
233.330006
859.702534
272.010381
7.000000
840.986225
192.154123
860.950288
220.852466
7.000000
826.013176
172.190058
844.729487
203.383909
7.000000
848.472749
228.338990
895.887403
243.312038
2.000000
1065.581952
430.475145
1146.685965
501.597125
4.000000
546.516271
419.245358
557.746057
452.934719
6.000000
452.934718
237.073268
467.907766
272.010381
