7.000000
636.588342
278.225707
659.859060
314.026810
2.000000
520.234756
333.973146
536.345254
359.033920
2.000000
536.345254
341.133367
554.245805
373.354360
2.000000
556.035860
341.133367
581.096632
380.514581
2.000000
586.466799
341.133367
624.057957
398.415132
2.000000
618.687792
310.702428
736.831433
405.575353
2.000000
708.190550
330.393036
854.975072
423.475906
2.000000
181.914329
319.652704
233.825930
364.404083
2.000000
101.361846
319.652704
178.334220
369.774249
2.000000
1.247754
305.076536
124.632564
376.821721
2.000000
274.997198
317.606923
366.290012
367.728468
2.000000
375.240287
299.706370
504.124260
416.059957
2.000000
1102.002686
376.678743
1275.638038
507.352771
2.000000
854.975074
326.557198
1128.853515
460.811336
6.000000
303.638081
276.691382
317.958522
292.801878
6.000000
294.687804
298.172042
321.538634
314.282540
6.000000
547.085583
292.801877
566.776189
308.912375
