6.000000
491.294189
142.087397
511.544175
185.962367
6.000000
870.981427
140.399897
882.793919
184.274868
6.000000
514.919172
148.837393
535.169157
204.524854
6.000000
882.793919
142.087397
901.356407
191.024864
7.000000
158.856916
418.837207
179.106902
445.837187
7.000000
160.544416
378.337235
177.419404
412.087213
7.000000
138.606931
196.087360
190.919394
287.212296
7.000000
454.169214
265.274813
482.856694
277.087304
7.000000
973.918857
126.899908
1002.606337
167.399881
4.000000
393.419256
351.337253
422.106736
398.587221
4.000000
994.168843
346.274758
1032.981316
390.149728
4.000000
366.419273
366.524743
386.669259
432.337198
4.000000
347.856787
366.524743
379.919265
455.962182
4.000000
327.606800
359.774748
368.106773
454.274683
4.000000
317.481808
354.712251
346.169288
452.587184
4.000000
303.981817
361.462246
330.981799
452.587184
4.000000
128.481938
395.212223
152.106923
501.524650
4.000000
180.794402
368.212243
212.856879
462.712178
4.000000
77.856973
305.774785
155.481919
530.212130
4.000000
8.669520
336.149763
71.106978
509.962143
2.000000
913.168898
300.712288
1070.106289
396.899722
2.000000
990.793845
118.462412
1279.356147
661.837039
2.000000
359.669280
187.649866
1036.356315
655.087045
