2.000000
559.768970
414.548329
597.104068
433.012202
2.000000
532.733210
415.835746
557.194137
440.296672
2.000000
521.146455
417.123164
531.445793
445.446342
2.000000
476.086854
402.961574
517.284203
450.596011
2.000000
441.326588
399.099323
486.386189
460.895346
2.000000
409.141161
402.961574
454.200762
464.757599
2.000000
289.411365
384.937735
416.865663
484.068857
2.000000
138.783556
401.674157
315.159708
517.541704
2.000000
0.000000
404.248992
165.819316
572.900642
2.000000
597.104068
409.398660
630.576915
442.871507
2.000000
618.990160
387.512568
721.983533
491.793359
7.000000
691.085522
369.488728
703.959692
383.650318
6.000000
633.151748
373.350980
639.588834
383.650315
6.000000
626.714663
370.776145
633.151748
384.937735
6.000000
531.445792
365.626477
539.170294
382.362900
6.000000
544.319963
390.087402
550.757049
402.961572
