7.000000
1182.681680
264.902311
1199.556678
286.277308
2.000000
900.306715
303.152306
939.681710
343.652301
2.000000
885.681717
308.777305
907.056714
351.527300
2.000000
827.181724
300.902306
893.556717
358.277298
2.000000
805.806727
315.527305
847.431722
361.652300
9.000000
669.681744
296.402307
815.931727
385.277296
2.000000
146.556809
326.777303
524.556762
495.527282
2.000000
1126.431687
308.777305
1137.681684
327.902302
2.000000
1134.306685
297.527307
1184.931678
333.527302
2.000000
1165.806682
300.902306
1225.431674
343.652301
2.000000
1220.303454
303.204232
1243.431672
368.087443
2.000000
1229.931674
278.402310
1278.306668
401.027295
2.000000
1187.861849
306.947495
1229.037732
359.353164
