2.000000
582.942479
260.315748
613.840492
280.914423
9.000000
392.404738
188.220387
497.972946
306.662765
2.000000
357.644475
251.303828
425.877585
323.399189
2.000000
194.142494
228.130319
383.392818
350.434950
2.000000
2.317335
247.441576
268.812691
409.656140
2.000000
0.000000
304.087932
55.101439
454.715740
7.000000
128.484218
165.046877
173.543820
208.819061
6.000000
470.937186
150.885289
481.236523
171.483961
6.000000
594.529234
165.046877
598.391485
183.070718
6.000000
603.541153
167.621712
609.978239
183.070718
6.000000
485.098775
154.747539
496.685529
175.346214
6.000000
347.345138
215.256146
358.931893
224.268066
6.000000
331.896131
213.968730
347.345136
225.555484
6.000000
608.690823
219.118399
617.702743
231.992570
6.000000
557.194136
221.693233
563.631221
233.279987
