2.000000
520.964449
321.669323
540.194683
344.395959
2.000000
540.194682
319.921120
559.424915
340.899556
2.000000
561.173114
323.417527
597.885373
349.640569
2.000000
499.986015
321.669323
527.957258
349.640565
2.000000
650.331460
319.921120
734.245194
403.834860
2.000000
690.540125
312.928310
842.633775
445.791727
2.000000
778.649539
293.698079
1275.139146
581.452280
9.000000
305.935497
291.949876
416.072274
372.367206
2.000000
209.784342
339.151351
298.942685
400.338449
2.000000
80.417331
330.410339
215.028949
426.561492
2.000000
381.108221
290.201673
517.468045
428.309697
