6.000000
481.664957
204.739192
493.949309
221.630178
9.000000
300.470763
224.701265
358.821438
252.341057
2.000000
275.902060
240.056706
306.612939
255.412146
2.000000
239.049004
238.521161
274.366516
253.876601
2.000000
186.840508
236.985617
229.835740
256.947688
2.000000
137.703098
236.985617
183.769421
258.483233
2.000000
65.532531
230.843441
133.096467
256.947690
2.000000
467.845061
224.701265
521.589100
270.767585
2.000000
334.252732
223.165721
463.238428
316.833905
7.000000
553.835525
129.497538
598.366301
175.563858
7.000000
556.906613
197.061472
586.081949
221.630178
2.000000
1035.996342
230.843441
1191.086288
283.051937
9.000000
586.081949
0.000000
1046.745151
390.540017
2.000000
537.882878
238.429656
557.194136
256.453496
