6.000000
619.559945
103.839820
628.546084
121.812097
6.000000
451.818688
114.323650
459.307136
132.295927
6.000000
444.330239
112.825958
451.818689
129.300546
6.000000
456.311755
114.323650
463.800206
130.798237
6.000000
625.550706
105.337510
634.536845
117.319026
6.000000
691.449058
154.761272
706.425955
166.742790
7.000000
397.901854
147.272825
414.376442
160.752034
7.000000
409.883371
123.309788
421.864889
135.291305
7.000000
361.957298
138.286685
378.431886
145.775135
7.000000
634.536845
106.835199
673.476779
117.319028
7.000000
709.421335
126.305166
727.393612
135.291305
7.000000
665.988330
141.282064
677.969850
150.268203
7.000000
797.785035
51.420676
838.222660
102.342128
2.000000
460.804828
183.217379
483.270174
208.678104
2.000000
504.237833
186.212759
517.717042
202.687348
4.000000
484.767863
186.212759
502.740140
217.664244
2.000000
646.518361
175.728930
670.481398
222.157316
2.000000
659.997571
174.231241
733.384371
246.120351
2.000000
700.435196
159.254344
832.231901
262.594940
2.000000
760.342790
189.208138
889.144114
292.548736
1.000000
516.219348
117.319028
619.559945
237.134214
2.000000
830.734210
117.319028
1278.543466
376.419366
2.000000
1185.686694
303.032564
1278.543463
485.750723
2.000000
531.196249
162.249722
664.490640
276.074147
