7.000000
545.941989
270.620329
562.396645
276.496991
7.000000
550.643318
277.672325
570.623970
284.724321
7.000000
769.549014
275.321660
787.179002
284.724320
7.000000
720.870667
312.246697
731.448661
318.123360
6.000000
616.657856
232.715854
628.411181
255.047173
6.000000
694.229807
244.469179
702.457135
264.449831
6.000000
654.268499
287.956483
661.320495
302.060476
6.000000
689.528478
293.833147
697.755806
307.937137
6.000000
707.158465
312.638470
711.859795
323.216462
6.000000
658.969829
313.813801
664.846493
323.216461
2.000000
676.469186
327.917793
694.033896
340.344483
2.000000
701.085890
329.093126
711.663884
340.846451
2.000000
712.839215
329.093126
724.592541
346.723114
2.000000
719.891212
326.742460
752.800527
352.599776
2.000000
629.390601
327.917793
638.793263
339.671118
2.000000
635.267265
331.443789
647.020590
343.197115
2.000000
621.163274
324.391797
630.565936
344.372449
2.000000
610.585280
322.041130
624.689271
346.723114
2.000000
577.675968
323.216462
616.461943
350.249112
2.000000
552.112483
323.216462
572.093137
359.651771
2.000000
526.255168
322.041130
562.690476
367.879101
2.000000
495.696519
319.690464
540.359155
373.755764
2.000000
418.124569
305.586474
510.975843
387.859755
2.000000
295.008479
302.452265
447.801717
409.407530
2.000000
55.828298
303.235808
346.135447
450.152386
2.000000
0.587666
287.956483
76.984285
510.094343
6.000000
607.038365
231.668399
615.432147
256.849746
6.000000
685.939921
243.419694
692.654947
263.564772
6.000000
702.727486
245.098451
707.763755
266.922285
