6.000000
511.544175
398.587221
521.669169
413.774710
7.000000
472.731701
405.337216
496.356684
415.462209
7.000000
671.856563
386.774730
695.481547
395.212223
7.000000
719.106531
388.462228
734.294020
396.899721
7.000000
324.231803
418.179811
351.231784
459.337179
7.000000
1178.106217
23.962477
1279.356148
164.024882
7.000000
1232.106178
142.087397
1279.356146
233.212335
2.000000
444.044221
459.337179
469.356704
484.649664
2.000000
415.356741
461.024678
450.794216
489.712158
2.000000
378.231766
462.712178
425.481734
494.774656
2.000000
342.794291
469.462173
384.981762
503.212149
2.000000
282.044333
474.524669
346.169289
516.712141
2.000000
202.731886
469.462173
290.481826
525.149634
2.000000
79.544472
479.601569
228.044368
555.524611
2.000000
540.231655
447.524688
557.106644
462.712178
2.000000
557.106644
440.774693
584.106625
462.712178
2.000000
595.919117
435.712195
611.106607
449.212186
2.000000
665.106568
434.024698
678.606560
449.212186
2.000000
670.169065
435.712195
693.794048
450.899683
2.000000
681.981557
428.962200
703.919042
459.337178
2.000000
692.106550
423.899704
732.606523
466.087176
2.000000
714.044035
422.212205
746.106513
476.212166
2.000000
722.481530
422.212205
761.294004
482.962163
2.000000
746.106513
398.587221
820.356463
501.524651
2.000000
786.606485
381.712233
941.856379
521.774636
5.000000
584.106625
435.712195
604.356612
476.212168
3.000000
584.106625
445.837188
604.356612
479.587164
9.000000
638.106587
428.962200
665.106568
452.587183
9.000000
627.981593
427.274701
639.794085
450.899684
2.000000
833.856453
395.212223
1135.918745
567.337106
4.000000
975.606356
373.274738
994.168844
395.212223
4.000000
1000.918837
371.587240
1034.668814
395.212223
9.000000
447.419219
434.024698
496.356685
481.274664
2.000000
523.356665
447.524688
540.231654
469.462173
