7.000000
101.068077
224.845274
222.100220
266.021157
7.000000
96.077061
322.170091
132.261928
354.611696
7.000000
98.572568
298.462762
137.252944
322.170089
7.000000
94.829307
147.484522
133.509682
182.421636
7.000000
375.573966
303.453779
399.281295
318.426827
7.000000
391.794768
368.336990
403.024555
382.062285
7.000000
366.839689
378.319022
381.812737
387.053300
7.000000
366.839689
365.841483
379.317230
374.575761
7.000000
365.591935
349.620678
381.812737
360.850464
2.000000
435.466160
409.512873
459.173487
461.918544
2.000000
406.767820
410.760627
447.943702
469.405069
2.000000
393.042522
392.044316
427.979637
419.494906
2.000000
63.635456
375.823514
250.798563
498.103410
2.000000
872.180076
354.611695
1278.947896
576.711915
2.000000
865.941305
397.035333
920.842484
476.891591
2.000000
227.091237
387.053300
430.475146
516.819721
2.000000
2.495508
399.530841
68.626471
461.918542
2.000000
0.000000
414.503890
66.130963
486.873625
2.000000
0.000000
471.900574
93.581554
686.514269
9.000000
398.033539
0.000000
1013.176282
602.914751
