7.000000
761.129966
343.132362
816.031144
356.857656
7.000000
762.377720
359.353164
816.031144
384.308246
7.000000
823.517668
383.060491
840.986224
395.538032
7.000000
824.765422
406.767818
845.977241
422.988619
7.000000
724.945099
390.547015
736.174885
404.272311
6.000000
665.052905
409.263326
671.291675
421.740866
7.000000
675.034937
410.511080
687.512478
426.731883
4.000000
1190.357357
466.660012
1225.294470
504.092632
4.000000
1180.375324
457.925734
1206.578158
505.340386
4.000000
1094.280295
456.677980
1127.969655
491.615093
4.000000
0.000000
408.015572
96.077061
586.444400
2.000000
285.735676
436.713915
417.997604
547.764025
2.000000
704.981034
425.484129
1201.587143
605.160710
9.000000
369.335197
413.006588
464.164504
516.570175
9.000000
461.668996
431.722899
481.633060
501.597125
2.000000
582.701138
466.660012
626.372529
496.606109
2.000000
636.354562
461.668996
681.273708
499.101617
1.000000
706.228788
416.749850
819.774406
500.349371
2.000000
690.007986
471.651028
702.485526
492.862847
4.000000
109.802356
455.430226
132.261929
516.570174
2.000000
525.304452
474.146536
542.773009
484.128569
2.000000
546.516271
467.907766
566.480334
481.633060
9.000000
510.331403
466.660012
540.277500
476.642044
