7.000000
712.016218
327.592786
744.350900
346.209723
7.000000
682.621053
326.612945
710.056542
350.129078
7.000000
884.794469
246.919387
981.798515
309.629071
2.000000
1245.179181
250.838742
1278.493702
278.274229
2.000000
609.459756
378.217791
623.177500
386.056500
2.000000
593.782335
378.217791
609.459756
389.975855
2.000000
568.306525
376.258115
592.802497
390.955697
2.000000
537.931521
379.197630
560.467814
395.854889
2.000000
509.516196
377.237952
536.951683
397.814566
2.000000
479.141190
375.278274
509.516194
397.814566
2.000000
407.612955
373.318597
456.604898
405.653277
2.000000
456.604898
378.217791
476.201675
400.754084
2.000000
178.330667
372.338758
300.810526
419.371023
7.000000
693.725896
355.681498
705.483959
364.500047
7.000000
974.939642
335.104882
985.717871
344.903271
7.000000
329.225849
388.016179
339.024237
418.391183
7.000000
365.479886
387.036340
375.278274
411.532310
7.000000
394.875051
387.036340
406.633114
407.612954
7.000000
280.233907
388.996018
294.931490
417.411346
7.000000
135.217759
387.036340
156.774215
420.350861
7.000000
15.677421
387.036340
47.032264
426.229894
2.000000
635.915405
374.298435
648.653310
383.116985
2.000000
971.020287
372.338758
1024.911423
391.935533
2.000000
983.758191
349.802464
1021.971906
371.358917
2.000000
1046.467877
354.701659
1091.540463
380.177467
2.000000
1029.810617
354.701659
1044.508200
368.419401
2.000000
1131.517876
339.024237
1175.806603
358.621015
2.000000
711.167045
351.762143
735.663017
370.379080
7.000000
820.125105
319.427461
845.600916
343.923430
2.000000
1173.589722
322.562946
1200.045369
338.240367
