7.000000
113.545618
321.920543
137.252945
353.114394
7.000000
758.634458
212.118187
794.819325
247.055300
7.000000
786.085047
272.010381
816.031144
283.240168
7.000000
764.873228
290.726692
809.792374
303.204234
7.000000
895.887403
0.000000
1028.149331
92.333799
7.000000
46.166900
416.749850
74.865241
446.695947
6.000000
985.725694
154.721501
1053.104410
219.604713
6.000000
272.010381
42.423637
310.690755
122.279896
6.000000
159.712517
333.150329
177.181072
360.600916
6.000000
316.929527
48.662408
341.884608
122.279896
6.000000
134.757437
368.087443
154.721501
385.555999
6.000000
801.058095
321.920543
826.013178
343.132362
6.000000
788.580555
325.663805
799.810341
344.380116
2.000000
43.671391
431.722899
109.802358
470.403274
2.000000
190.906369
401.776802
415.502096
524.056698
2.000000
159.712517
405.520064
258.285085
482.880813
2.000000
399.281294
411.758834
481.633060
460.421242
2.000000
486.624077
406.767818
545.268515
446.695947
2.000000
686.264723
405.520064
756.138950
454.182470
2.000000
1095.528050
351.866640
1278.947894
455.430228
2.000000
544.020763
411.758834
572.719106
436.713917
2.000000
581.453384
413.006588
602.665203
429.227391
2.000000
601.417449
411.758834
611.399481
425.484131
2.000000
616.390497
409.263326
627.620283
422.988620
2.000000
636.354562
408.015572
661.309645
420.493112
2.000000
661.309643
404.272310
673.787183
416.749850
2.000000
702.485526
395.538032
751.147934
406.767818
