2.000000
1.605155
349.625565
85.501593
427.529401
2.000000
0.000000
380.958321
69.920826
536.765992
2.000000
329.293520
319.405726
373.638781
355.361342
2.000000
478.209697
308.978599
490.194903
320.963805
2.000000
488.996383
306.581559
512.966794
318.566765
2.000000
515.363835
304.184519
538.135724
313.772686
2.000000
654.392219
288.603750
666.377424
305.383038
2.000000
666.377424
276.858246
679.561151
307.780080
2.000000
677.164109
285.008189
690.347835
310.177121
2.000000
686.752274
282.611148
704.730081
312.574163
2.000000
702.333041
282.611148
720.310848
314.971203
2.000000
719.112328
277.817066
744.281259
319.765286
2.000000
734.693095
276.618547
783.832438
319.765284
2.000000
759.862025
277.817066
814.993970
322.162326
2.000000
787.427999
275.420025
870.125918
330.551970
2.000000
609.148069
297.233095
619.934753
305.622739
2.000000
583.979137
292.439012
607.949548
315.210904
2.000000
853.046999
266.071561
924.958231
337.982794
2.000000
887.804094
237.307068
1089.155544
354.762082
2.000000
1046.068719
250.490794
1278.581704
378.732493
7.000000
451.602545
270.865644
474.374437
276.858247
7.000000
501.940407
262.476000
512.727091
274.461205
7.000000
839.923184
220.527782
854.305432
232.512987
7.000000
485.400820
275.659726
498.584547
285.247890
