2.000000
250.132155
234.442123
290.093464
255.598109
2.000000
166.683542
216.812134
246.606158
265.000770
2.000000
441.711367
216.812134
464.042687
247.370782
2.000000
606.257931
214.461468
615.660592
234.442123
2.000000
619.186589
216.812134
628.589251
235.617455
2.000000
627.413916
213.286137
637.991910
234.442125
2.000000
637.991910
208.584805
654.446567
236.792788
2.000000
649.745237
194.480814
708.511865
240.318785
9.000000
685.539455
1.726270
1170.951814
329.644062
2.000000
553.367965
194.480814
609.783930
261.474771
2.000000
437.010037
200.250630
599.205934
327.186549
2.000000
340.632765
208.584805
433.484040
270.877433
2.000000
4.487646
241.494118
72.656935
269.702100
7.000000
100.864918
169.798831
140.826226
190.954818
