6.000000
573.981632
258.524817
585.794122
280.462302
6.000000
744.419015
253.462322
756.231507
278.774804
6.000000
671.856564
292.274794
681.981557
307.462284
6.000000
744.419015
295.649792
752.856510
310.837280
6.000000
584.106626
256.837318
592.544119
280.462302
6.000000
563.856639
304.087285
576.462368
322.649773
6.000000
847.356443
300.712288
862.543932
315.899778
6.000000
783.231488
314.212279
793.356481
327.712270
6.000000
651.606578
314.212279
663.419071
329.399768
7.000000
489.606690
273.712307
509.856678
287.212297
7.000000
843.981446
282.149802
859.168936
293.962294
7.000000
773.106495
314.212279
783.231487
327.712270
2.000000
673.544063
326.024770
692.106551
341.212259
2.000000
648.231581
327.712270
678.606561
347.962257
2.000000
638.106587
327.712270
653.294077
347.962257
2.000000
626.294096
331.087267
644.856583
349.649754
2.000000
525.044166
320.962274
557.106643
368.212242
2.000000
764.669000
327.712270
774.793995
347.962257
2.000000
771.418996
322.649773
783.231488
346.274757
2.000000
806.856471
320.962274
842.293947
368.212242
2.000000
827.106458
317.587277
874.356426
374.962237
2.000000
852.418940
307.462284
936.793882
390.149728
2.000000
881.106420
322.649773
1011.043831
403.649717
2.000000
973.918857
324.337272
1227.043684
476.212168
2.000000
609.419107
327.712270
636.419089
356.399750
2.000000
730.919025
322.649773
759.606505
342.899759
2.000000
779.856490
324.337272
811.918967
354.712250
2.000000
462.606708
320.962274
536.856657
374.962237
2.000000
224.669371
314.212279
384.981762
401.962219
2.000000
0.232026
314.212279
210.870433
425.484129
2.000000
1127.481251
314.212279
1279.356148
521.774636
2.000000
698.856546
320.962274
719.106532
341.212260
