7.000000
431.722899
175.933320
451.686962
184.667598
7.000000
116.041126
107.306848
129.766420
117.288880
6.000000
121.032142
121.032142
133.509683
170.942304
6.000000
930.824516
96.077061
945.797564
126.023158
6.000000
783.589539
182.172090
791.076063
202.136155
6.000000
436.713915
150.978239
442.952685
167.199042
6.000000
487.871831
200.888401
495.358355
219.604712
4.000000
67.378718
213.365941
97.324815
291.974446
4.000000
32.441605
220.852466
63.635456
301.956477
4.000000
0.000000
247.055300
24.955081
314.434020
4.000000
0.000000
217.109203
22.459573
255.789580
4.000000
97.324815
229.586744
118.536634
275.753643
4.000000
114.793372
229.586744
136.005191
279.496906
4.000000
229.586744
227.091236
247.055300
284.487922
4.000000
383.060491
232.082252
393.042523
262.028349
4.000000
396.785786
237.073268
405.520064
269.514873
5.000000
425.484129
222.100220
445.448192
275.753642
0.000000
426.731883
244.559792
441.704931
291.974446
4.000000
153.473747
225.843482
172.190058
273.258135
1.000000
0.000000
187.163106
149.730485
262.028349
2.000000
252.046317
217.109203
381.812737
305.699740
4.000000
970.752645
227.091236
983.230186
258.285087
2.000000
940.806548
108.554602
1277.700140
520.313436
2.000000
690.007986
238.321022
772.359751
293.222200
2.000000
588.939908
237.073268
641.345578
279.496906
2.000000
516.570174
239.568776
547.764025
263.276103
2.000000
557.746057
240.816530
588.939908
263.276103
2.000000
648.832102
232.082252
677.530445
263.276103
1.000000
678.778199
225.843482
716.210822
259.532841
