6.000000
542.017882
336.363160
548.412619
347.873686
6.000000
598.291566
336.363160
608.523146
345.315792
6.000000
644.333672
342.757897
653.286303
352.989476
6.000000
618.754724
356.826318
628.986303
368.336844
6.000000
1107.312622
269.857896
1145.681043
299.273686
6.000000
1072.781043
273.694738
1095.802095
304.389475
2.000000
715.954725
365.778949
732.581042
381.126318
2.000000
724.907357
364.500002
749.207357
399.031582
2.000000
636.659988
364.500002
655.844198
381.126319
2.000000
590.617882
372.173686
620.033672
410.542107
2.000000
552.249461
365.778949
597.012619
427.168423
2.000000
352.733669
369.615792
424.354723
443.794739
2.000000
397.496829
351.710529
553.528409
462.978950
2.000000
660.959988
355.547370
715.954725
402.868423
2.000000
750.486303
363.221055
788.854724
400.310527
7.000000
1076.617885
228.931579
1140.565254
251.952633
7.000000
906.517884
282.647370
924.423147
297.994738
