2.000000
607.403403
368.201310
621.564993
383.650316
2.000000
629.289497
368.201310
635.726581
388.799986
2.000000
635.726583
372.063561
653.750424
391.374819
9.000000
701.384859
363.051643
736.145123
399.099323
2.000000
652.463006
363.051643
710.396778
408.111243
2.000000
740.007374
357.901973
804.378233
410.686078
9.000000
279.112026
216.286085
603.541154
460.895346
2.000000
899.647103
271.645023
1279.356148
535.565543
9.000000
0.000000
363.051643
83.424617
439.009256
4.000000
902.221938
342.452967
917.670944
395.237072
4.000000
888.060348
351.464887
902.221938
408.111242
4.000000
823.689490
352.752306
852.012668
411.973496
7.000000
1041.262992
84.969532
1094.047096
135.178802
7.000000
920.245777
102.993373
944.706704
141.615888
7.000000
921.533196
245.896680
953.718626
258.770848
7.000000
933.119951
274.219857
947.281541
305.117870
6.000000
945.994121
310.267538
964.017962
328.291379
6.000000
915.096110
275.507276
927.970280
306.405288
6.000000
850.725252
122.304631
876.473595
169.939068
6.000000
881.623263
126.166884
904.796771
171.226484
6.000000
509.559699
204.699330
528.870957
227.137344
6.000000
488.961026
203.411913
501.835194
221.435753
6.000000
71.837862
164.789398
113.035211
230.447675
6.000000
76.987531
253.621184
120.759715
292.243697
7.000000
43.514685
187.962907
76.987531
222.723171
7.000000
35.790181
126.166884
60.251108
150.627810
7.000000
0.000000
110.717877
52.526606
131.316549
7.000000
56.388857
43.772184
96.298790
139.041053
7.000000
52.526604
1.012499
97.586205
54.071520
7.000000
1260.123911
157.064894
1278.147752
186.675489
