2.000000
1082.730433
311.322863
1279.284543
497.106886
2.000000
973.683289
318.054168
1175.622444
444.602705
2.000000
901.546163
324.000162
955.396603
371.119298
2.000000
504.040141
331.449461
525.580317
361.067204
2.000000
661.552662
330.103200
670.976488
343.565812
1.000000
520.195255
254.712583
666.937707
379.914857
1.000000
698.978743
243.942505
900.025971
331.180213
2.000000
385.030654
318.615117
504.847886
372.465559
2.000000
678.760341
280.653355
918.394805
477.207466
0.000000
65.966790
358.441999
133.279842
420.370009
0.000000
47.119136
357.095738
127.894799
420.370008
0.000000
0.000000
365.285506
20.193915
412.404642
4.000000
0.576967
321.756387
12.116349
373.491274
4.000000
16.155132
327.141430
45.772875
414.648397
4.000000
52.504181
328.487691
83.468185
407.917092
4.000000
78.083140
331.180213
99.623317
390.415698
4.000000
181.745239
323.102646
205.977937
367.529260
4.000000
223.479331
327.141430
243.673246
355.412912
4.000000
239.634463
331.180213
254.443336
356.759173
4.000000
270.598467
321.756387
282.714816
382.338134
4.000000
278.676032
329.833952
293.484903
389.069437
4.000000
290.792382
331.180213
306.947517
382.338134
4.000000
319.063864
336.565257
335.218996
382.338135
4.000000
340.604040
337.911519
358.105434
379.645609
7.000000
399.839526
220.113678
464.460055
234.922551
7.000000
751.886785
229.537505
807.083487
248.385161
7.000000
317.717603
242.326985
332.526474
263.867162
7.000000
1074.316300
176.360195
1138.936831
197.900371
6.000000
508.886669
210.016721
522.349279
239.634463
6.000000
494.077798
208.670460
510.232930
245.019506
1.000000
671.784254
314.351950
698.709471
345.315954
6.000000
319.602370
284.330325
335.757503
304.524241
6.000000
296.177426
280.358859
310.986298
303.245297
