2.000000
632.961135
405.659979
652.431101
422.134567
2.000000
646.440343
404.162290
665.910309
423.632258
2.000000
649.435723
404.162290
670.403380
423.632258
2.000000
658.421862
404.162290
682.384899
431.120707
2.000000
671.901069
405.659979
695.864107
437.111466
2.000000
683.882588
407.157670
709.343314
444.599915
2.000000
703.352556
365.222354
793.213945
459.576812
2.000000
731.808663
402.664599
823.167743
470.060641
2.000000
769.250908
413.148428
874.089195
498.516748
2.000000
814.181602
399.669221
1002.890518
541.949753
2.000000
933.996787
383.194633
1278.465443
621.327313
2.000000
502.662121
405.659979
525.127467
425.129945
2.000000
480.196775
405.659979
510.150571
428.125325
2.000000
460.726807
405.659979
492.178294
429.623016
2.000000
444.252219
405.659979
466.717565
437.111466
2.000000
418.791491
404.162290
454.736047
446.097604
2.000000
534.113608
404.162290
561.072025
428.125327
2.000000
564.067403
402.664599
589.528130
422.134567
2.000000
0.000000
413.148428
59.345937
491.028299
2.000000
230.082574
357.733904
439.759148
538.954371
7.000000
258.538681
350.245457
285.497098
380.199253
7.000000
538.606675
383.194633
558.076643
392.180771
6.000000
558.076643
378.701561
571.555851
393.678460
6.000000
591.025821
390.897037
604.505029
401.380864
6.000000
623.974997
381.910896
634.458824
395.390104
7.000000
664.412622
387.901656
679.389521
401.380864
2.000000
574.551231
383.408587
658.421860
465.781527
