1.000000
567.268695
328.305408
583.414864
339.607725
2.000000
547.893294
333.149259
567.268694
342.836960
2.000000
538.205593
333.149259
549.507909
346.066193
2.000000
526.903275
333.149259
539.820210
347.680810
2.000000
513.986341
333.149259
528.517892
346.066193
2.000000
480.079388
331.534642
515.600958
352.524661
2.000000
452.630902
334.763876
476.850153
358.983128
2.000000
417.109333
333.149259
459.089369
363.826978
2.000000
365.441595
334.225678
418.723949
369.747249
2.000000
283.879006
327.767211
370.285445
382.411898
2.000000
86.112888
330.996445
218.511466
406.883434
2.000000
0.022965
332.708870
73.195954
429.488070
4.000000
832.065851
334.763876
851.441253
371.900062
2.000000
935.401326
259.953305
1277.700089
607.095917
2.000000
677.062638
337.454912
731.959609
377.820332
2.000000
593.102564
326.152594
667.374936
390.737266
