2.000000
190.361312
239.903722
246.904276
256.058854
2.000000
78.621647
245.288766
174.206181
253.366332
2.000000
359.990212
247.981287
390.954215
260.097635
2.000000
588.854566
257.405115
606.355958
280.291550
2.000000
637.319964
243.942505
649.436313
254.712594
2.000000
443.458395
237.480449
463.235459
255.149911
2.000000
611.202507
259.020634
646.205294
292.677161
2.000000
518.310497
244.211765
600.432419
319.602383
1.000000
631.396423
236.134187
642.166512
249.596797
2.000000
1116.050393
287.022857
1278.947977
355.682170
9.000000
654.282861
107.431633
888.532279
349.758616
7.000000
621.972595
190.159369
646.205294
200.929458
7.000000
605.817463
198.236936
659.667903
225.162156
7.000000
661.014165
196.890676
670.437993
225.162157
7.000000
94.238273
200.929458
119.817233
231.893462
6.000000
189.822804
159.195366
198.449932
169.965455
6.000000
183.091499
159.195366
186.299934
169.965455
