7.000000
666.219754
366.111484
692.002251
411.230854
2.000000
604.341757
446.037230
621.100383
462.795855
2.000000
578.559258
443.458980
591.450508
458.928479
2.000000
557.933259
444.748105
565.668009
456.350228
2.000000
541.174634
448.615480
556.644133
461.506729
2.000000
532.150761
449.904605
542.463760
469.241479
2.000000
475.429264
448.615480
492.187888
467.952353
2.000000
564.378884
452.482855
588.872259
471.819728
2.000000
496.055262
448.615480
530.861635
475.687103
2.000000
423.864266
438.302481
474.140139
473.108854
2.000000
373.588391
446.037230
401.949140
457.639354
2.000000
222.760776
440.880730
274.325771
461.506729
2.000000
109.317780
446.037230
172.484903
464.084980
2.000000
273.036647
425.411231
377.455768
500.180478
2.000000
0.000000
431.856856
78.378782
559.480226
