4.000000
7.345092
370.927146
128.539110
718.594835
4.000000
26.932004
366.030418
190.972392
717.370654
7.000000
930.378321
281.561862
962.207053
314.614774
7.000000
927.929956
249.733130
942.620141
270.544222
6.000000
946.292687
72.226738
978.121419
145.677657
7.000000
1078.504343
31.828732
1178.887269
175.058026
6.000000
858.938265
331.857734
909.451664
379.309716
7.000000
872.714647
441.150354
901.798119
502.378717
7.000000
1025.785555
340.123554
1068.645410
361.553481
7.000000
880.368192
387.575536
907.920956
421.251136
