2.000000
0.311939
316.305650
323.480235
719.330204
2.000000
44.132851
307.853604
409.036249
491.919920
2.000000
677.842388
363.720303
767.680679
438.585549
2.000000
751.459872
371.206829
797.626772
407.391695
2.000000
802.617790
376.197841
833.811642
391.170888
2.000000
830.068377
372.454582
856.271212
393.666399
2.000000
862.509982
376.197841
883.721802
392.418644
2.000000
883.721802
378.693352
906.181375
397.409662
2.000000
907.429130
368.711319
964.825814
406.143940
6.000000
867.500999
55.525056
893.703834
120.408266
6.000000
722.761531
336.269715
736.486825
351.242762
2.000000
611.711420
378.693352
656.630563
404.896188
6.000000
872.492016
333.774207
883.721802
343.756238
7.000000
450.478088
326.152594
477.926574
353.601080
7.000000
994.603951
258.338688
1022.052436
290.631025
7.000000
976.197329
219.587885
1014.948132
284.172557
7.000000
917.425287
331.642306
935.186072
341.330007
7.000000
938.415306
330.027689
957.790707
342.944624
