2.000000
935.566003
336.144940
1278.698364
673.038542
2.000000
536.534237
409.263326
558.993810
420.493113
2.000000
607.656219
398.033538
627.620284
415.502095
2.000000
417.248954
428.229204
443.451792
441.954497
6.000000
519.065680
383.060491
531.543223
390.547016
6.000000
551.507287
375.573967
560.241565
386.803753
6.000000
567.728089
396.785787
577.710122
404.272311
6.000000
580.205631
385.555999
590.187662
395.538032
6.000000
606.408466
379.317228
617.638253
389.299261
6.000000
643.841086
363.096426
652.575365
374.326214
7.000000
690.007986
350.618886
701.237774
363.096426
7.000000
709.972049
363.096426
721.201837
379.317230
7.000000
470.403273
376.821722
485.376322
391.794771
4.000000
680.025952
388.051508
687.512478
399.281293
