2.000000
537.373844
372.118716
574.510031
420.557220
2.000000
509.925359
378.577184
559.978479
433.474155
2.000000
429.194519
368.889483
526.071527
460.922639
2.000000
396.902183
381.806416
493.779192
478.683425
2.000000
261.274371
383.421035
451.799154
519.048845
2.000000
631.021619
381.806416
658.470104
407.640285
2.000000
650.397021
380.191800
681.074740
409.254903
2.000000
676.230890
383.421035
703.679375
410.869520
2.000000
702.064758
380.191800
750.503263
417.327987
2.000000
747.274029
383.421035
834.463336
438.318005
2.000000
834.463336
367.274866
976.549615
470.610341
2.000000
931.340344
388.264885
1155.772079
499.673445
2.000000
1.321065
367.274866
359.765995
643.374339
2.000000
0.000000
526.975142
80.437288
714.270692
2.000000
1099.260492
351.128697
1278.482956
562.643499
2.000000
573.727162
382.125977
602.790265
398.272145
7.000000
354.139276
323.999772
386.431612
356.292108
7.000000
754.564244
351.448253
769.095796
372.438272
