6.000000
608.399964
300.239976
625.679962
315.359974
6.000000
645.119959
301.319975
659.159958
317.519975
6.000000
679.679957
291.599976
698.039955
311.039974
7.000000
93.028489
166.319986
174.028483
246.239979
7.000000
128.668485
258.119978
165.388483
304.559976
7.000000
0.000000
217.079983
74.668489
298.079975
7.000000
556.564457
325.079975
570.604455
339.119974
7.000000
546.628453
320.759975
562.828453
339.119974
7.000000
833.908429
305.639975
869.548426
329.399971
7.000000
722.668439
327.239974
741.028437
340.199973
2.000000
668.879958
337.679977
716.399954
380.879974
2.000000
573.839965
311.759981
675.359956
411.119972
2.000000
683.999956
321.479980
1046.879927
532.079962
6.000000
113.848926
95.486196
145.677658
139.556748
4.000000
441.230168
322.659401
460.817080
383.868501
4.000000
465.713808
320.211037
491.421630
374.075045
4.000000
495.094176
319.161737
519.577816
386.491748
