2.000000
567.771302
326.644829
596.865174
343.836662
2.000000
611.412107
327.967278
656.375364
358.383597
2.000000
409.077457
306.808098
440.816225
331.934622
2.000000
367.052965
300.071865
418.628465
343.712671
6.000000
348.538685
161.214751
376.310108
202.210659
6.000000
606.342727
208.946894
626.179458
240.685663
6.000000
529.640705
273.746881
546.832538
297.550957
6.000000
454.040713
272.424433
464.620304
288.293817
6.000000
202.775460
218.204034
229.224433
261.844842
2.000000
487.983569
316.065238
514.432544
335.901969
2.000000
431.873247
301.891974
452.837968
328.574345
2.000000
513.826245
315.233159
536.696848
332.386112
2.000000
884.330015
340.009647
920.541805
362.880251
2.000000
912.918270
340.009647
937.694757
362.880251
6.000000
186.776598
259.962533
222.988387
290.456672
6.000000
969.713638
305.703741
996.396009
326.668461
7.000000
1006.687769
232.517806
1039.087791
280.164897
7.000000
1056.240744
318.282570
1100.076068
367.835545
7.000000
1058.146628
367.835545
1088.640766
404.047335
