6.000000
562.998147
265.639812
573.243208
278.446139
6.000000
598.855863
270.762343
611.662191
286.129935
6.000000
473.353856
288.691201
484.879550
300.216896
6.000000
231.314268
270.762343
242.839963
287.410568
2.000000
488.347963
271.921021
533.170108
311.620636
2.000000
455.051512
296.253043
483.225431
321.865698
2.000000
416.632529
294.972410
457.612777
332.110760
2.000000
384.616711
298.814308
428.158224
330.830126
2.000000
339.794565
301.375573
425.387946
343.102206
2.000000
307.778746
301.375573
356.442790
339.794555
2.000000
284.727358
305.217472
328.268872
344.917088
2.000000
214.292557
302.656206
296.253052
353.881516
2.000000
103.731252
306.498105
234.355791
371.810374
2.000000
0.000000
304.005972
128.063274
399.984294
2.000000
532.316346
288.569246
560.490266
311.620636
2.000000
573.296593
286.007981
609.154310
312.901268
2.000000
609.154311
291.130513
639.889496
318.023800
2.000000
630.925067
293.691777
656.537721
319.304431
2.000000
642.450762
292.411144
670.624682
323.146330
2.000000
661.660253
298.814308
683.431008
326.988228
2.000000
677.027846
287.288612
738.498217
332.110758
2.000000
701.359868
297.533675
728.253155
341.075188
2.000000
716.727461
300.094941
776.917199
353.881516
2.000000
747.462646
294.972410
825.581243
360.284679
2.000000
813.201787
289.849879
972.000246
384.616701
4.000000
149.877618
288.000141
170.816403
303.428719
