2.000000
1012.499304
217.687337
1277.677701
340.874753
2.000000
275.062310
178.874877
423.562209
288.562302
2.000000
411.749718
200.812361
469.124677
259.874821
2.000000
469.124677
205.874859
501.187155
249.749828
2.000000
518.062144
214.312352
563.624612
253.124827
2.000000
614.249577
213.974858
691.874524
273.037317
2.000000
570.374608
202.162364
607.499581
239.287338
2.000000
588.937096
214.312352
610.874580
246.374832
2.000000
555.187119
209.249856
575.437105
232.874840
2.000000
237.937336
209.249856
261.562320
237.937336
2.000000
204.187360
200.812361
237.937336
237.937335
2.000000
173.812381
199.124863
200.812361
237.937336
2.000000
138.374905
204.187360
177.187379
246.374832
2.000000
82.687444
191.531118
136.687407
242.437335
2.000000
53.999964
184.781123
87.749941
243.843582
2.000000
0.000000
186.468622
57.374961
247.218580
6.000000
531.562134
182.249876
550.124620
199.124863
6.000000
431.999703
182.249876
448.874692
202.499861
6.000000
545.062125
171.281133
570.374609
188.156120
6.000000
461.690797
196.948471
478.020696
211.793835
