9.000000
908.016548
397.191682
1278.635552
716.063897
9.000000
1131.786513
110.486422
1278.635552
400.688086
2.000000
845.260454
325.165730
1024.446869
470.032673
9.000000
678.302705
368.870801
811.166121
442.295321
2.000000
657.324271
403.834859
748.230820
466.770160
2.000000
587.396157
402.086655
601.381779
414.324075
2.000000
566.417723
409.079466
582.151548
424.813292
2.000000
496.489609
409.079466
510.475231
421.316887
2.000000
486.000392
409.079466
498.237813
423.065089
2.000000
449.288133
410.827669
473.762973
424.813291
2.000000
437.050712
410.827669
452.784537
424.813291
2.000000
424.813292
412.575872
442.295321
428.309699
2.000000
410.827669
412.575872
430.057900
431.806103
2.000000
395.093844
417.820481
412.575872
435.302509
5.000000
606.626388
402.086655
618.863808
424.813291
0.000000
603.129982
418.519777
620.612011
432.505400
2.000000
589.144360
408.380196
606.626389
425.862224
2.000000
618.863808
406.631992
638.094038
429.358629
2.000000
538.446478
409.079466
571.662332
432.855036
2.000000
506.978826
405.583060
540.194679
431.806103
6.000000
1058.361993
158.387181
1077.592225
209.085063
6.000000
803.124379
207.336857
824.102812
249.293725
6.000000
481.455080
355.934096
490.196093
373.416125
6.000000
535.649367
361.178707
542.642178
378.660736
6.000000
630.052322
354.185893
637.045133
369.919720
6.000000
1098.570659
301.739810
1130.038309
334.955664
7.000000
804.173311
309.781553
825.151745
342.997406
7.000000
814.662527
342.647758
828.648150
356.633381
7.000000
659.072473
375.863612
667.813488
391.597437
