6.000000
266.688796
68.075776
300.470764
138.710802
6.000000
197.589316
161.743960
229.835741
198.597015
6.000000
257.475532
184.777120
269.759884
198.597015
7.000000
257.475532
158.672872
285.115324
181.706032
7.000000
389.532317
279.980849
409.494389
295.336289
7.000000
985.323391
177.099400
1034.460799
206.274735
7.000000
985.323391
209.345824
1031.389712
243.127794
7.000000
1049.816238
206.274735
1111.238000
226.236810
7.000000
839.446710
215.488000
854.802150
252.341058
2.000000
337.323822
299.942921
366.499158
321.440537
2.000000
383.390140
298.407377
423.314284
322.976081
2.000000
426.385372
295.336289
493.949310
336.795977
1.000000
478.593869
255.412145
592.224124
330.653801
2.000000
765.740597
283.051937
930.043806
350.615872
