2.000000
460.421272
310.313167
490.039015
339.930910
2.000000
484.653971
316.640590
503.501625
359.720942
2.000000
484.653971
313.948068
578.892243
386.646162
9.000000
0.185107
80.506403
347.335347
387.453923
7.000000
335.218996
328.487691
352.720390
347.335346
7.000000
333.872735
348.681607
352.720390
359.451695
7.000000
391.761960
327.141430
409.263353
340.604039
7.000000
393.108221
340.604040
407.917091
350.027868
7.000000
418.687180
327.141430
433.496051
336.565257
7.000000
418.687180
335.218996
432.149790
343.296562
7.000000
434.842312
324.448908
446.958662
335.218996
7.000000
433.496051
333.872735
446.958662
341.950301
7.000000
581.584765
274.637250
593.701114
288.099860
7.000000
612.548768
278.676033
632.742684
286.753599
7.000000
735.058522
172.321412
766.022526
193.861588
7.000000
733.712261
189.822805
766.022526
218.094287
6.000000
422.725963
255.789596
434.842312
271.944728
6.000000
504.847886
243.673246
514.271713
262.520901
6.000000
495.424059
243.673246
503.501625
258.482119
4.000000
621.972596
308.293776
634.088944
327.141430
4.000000
608.509985
308.293776
626.011379
358.105434
4.000000
704.094518
306.947515
725.634695
364.836739
4.000000
689.285647
301.562471
704.094517
372.914305
4.000000
675.823037
302.908732
693.324430
371.568044
4.000000
803.717834
304.254993
818.526707
378.299349
4.000000
783.523919
296.177426
807.756619
376.953088
4.000000
753.906176
293.484904
786.216441
385.030654
4.000000
871.030886
300.216210
910.072456
385.030655
