7.000000
576.912646
183.134397
631.931563
195.972144
6.000000
532.897513
173.964579
545.735260
197.806110
7.000000
948.159342
109.120853
977.502764
145.800132
7.000000
951.827270
147.634095
975.668801
160.471841
7.000000
953.661234
164.139770
977.502764
182.479409
4.000000
960.997090
250.336074
992.174476
303.521027
7.000000
1014.182043
224.660579
1036.189610
235.664363
4.000000
1019.683935
248.502110
1041.691501
279.679496
4.000000
1080.204744
235.664363
1115.050058
270.509678
4.000000
1242.327170
229.612282
1279.006448
302.970838
2.000000
1156.445242
328.017546
1277.417415
599.444203
6.000000
227.411525
172.759400
238.415309
200.268860
6.000000
216.407742
174.593359
227.411525
205.770745
4.000000
124.709546
282.797237
148.551077
321.310478
2.000000
317.275757
275.094587
331.947468
289.766298
7.000000
3.667929
210.905850
27.509459
234.747381
7.000000
418.143772
234.747381
462.158907
251.253056
2.000000
544.687281
266.536094
566.694848
286.709697
2.000000
585.034488
274.483275
608.876019
298.324806
2.000000
552.023137
274.483275
586.868453
305.660662
6.000000
66.022701
140.298239
93.532159
184.313373
6.000000
0.000000
173.309590
12.837746
209.988868
7.000000
93.532159
178.811482
130.211439
197.151121
2.000000
0.000000
230.162471
117.373690
441.068321
2.000000
216.407742
279.679496
300.770080
325.528593
2.000000
322.777648
270.509676
388.800349
320.026702
2.000000
403.472060
255.837966
570.362777
391.551295
2.000000
651.057188
259.505893
669.396829
290.683280
6.000000
523.596697
180.645445
536.434443
202.653011
7.000000
669.396829
200.819048
693.238358
222.826615
6.000000
894.974389
191.649229
937.155559
224.660579
2.000000
822.532814
266.841749
859.212092
303.521027
2.000000
805.110157
263.173821
966.498981
362.207871
2.000000
941.740468
259.505893
1279.189828
408.056970
