2.000000
75.004746
309.203236
122.456727
327.571746
2.000000
10.714963
301.549690
78.066162
330.633165
2.000000
225.014235
313.795363
261.751254
336.755997
2.000000
446.660917
312.264654
506.358571
335.225291
2.000000
500.235734
315.326071
549.218425
335.225290
2.000000
829.644325
316.856780
867.912054
336.755997
2.000000
831.175034
324.510326
860.258506
345.940253
2.000000
639.836398
318.387491
676.573416
333.694583
2.000000
641.367106
321.448909
668.919869
344.409544
2.000000
661.266325
307.672526
707.187598
362.778052
2.000000
551.055270
316.856780
567.893071
327.571744
2.000000
540.340307
322.979619
581.669452
367.370182
2.000000
593.915124
318.387491
607.691505
329.102454
2.000000
601.568672
315.326071
613.814344
326.041035
2.000000
618.406471
315.326071
635.244271
322.979617
2.000000
337.062135
306.141817
386.044824
336.755998
2.000000
410.536170
315.326071
464.110990
338.286707
2.000000
265.731106
316.856780
303.386535
338.286707
2.000000
925.772884
329.102453
979.347703
353.593799
2.000000
858.421683
322.979619
898.220120
344.409546
2.000000
555.647398
316.856780
664.327744
417.883578
7.000000
183.685088
229.606363
255.628415
318.387491
9.000000
697.391069
261.751254
833.624175
399.515071
2.000000
0.000000
480.642652
46.131741
673.511997
