7.000000
331.344991
292.824098
347.667405
298.536943
7.000000
328.080509
285.479012
341.138439
292.007978
7.000000
656.324251
283.030650
671.014423
289.559616
7.000000
567.203864
324.816026
577.813433
334.609474
2.000000
403.707695
330.800919
433.088039
354.468419
2.000000
389.017523
334.065402
412.685022
354.468419
2.000000
274.760629
330.528871
329.440714
369.702663
2.000000
550.391799
333.793353
578.956022
357.460853
2.000000
620.578176
333.793353
682.603347
385.208955
2.000000
866.230497
344.402922
911.933255
354.196370
2.000000
62.841291
315.022578
175.465944
346.035163
2.000000
45.702757
328.080509
181.178788
406.428093
7.000000
186.891633
274.216545
215.455856
306.045251
7.000000
93.037756
258.710252
130.579307
296.251803
2.000000
188.523874
331.617040
283.193872
382.216521
2.000000
508.443176
333.249281
555.778175
370.790832
2.000000
565.571623
336.513764
605.561536
365.894108
2.000000
654.528776
334.337450
756.543860
412.685035
2.000000
0.000000
331.889088
74.266981
421.662362
