7.000000
514.709369
254.908600
552.044467
267.782772
7.000000
515.996787
270.357606
552.044466
294.818532
7.000000
684.648436
185.388073
778.629889
294.818532
7.000000
240.489512
251.046348
263.663021
274.219856
7.000000
486.386190
269.070189
500.547779
280.656943
2.000000
432.314671
281.944360
442.614008
292.243699
2.000000
397.554407
284.519195
407.853744
296.105949
2.000000
378.243149
283.231778
391.117320
296.105948
2.000000
325.459045
302.543035
382.105401
336.015882
9.000000
8.754421
265.207937
142.645807
351.464889
