2.000000
0.000000
273.294707
291.026053
431.968159
2.000000
379.985846
226.391234
919.874755
613.594371
2.000000
213.186247
276.288545
316.972653
348.140674
2.000000
322.960332
294.964390
368.865860
326.898671
2.000000
362.878181
298.956175
385.830945
318.915098
2.000000
386.828891
295.962336
411.777547
317.917153
2.000000
412.775493
291.970551
427.744687
315.921260
2.000000
423.752901
288.976712
442.713880
311.929476
2.000000
438.722095
280.993143
462.672804
309.933583
6.000000
456.685127
242.073240
462.672804
254.048594
7.000000
740.101855
107.207932
766.048457
189.039522
6.000000
0.000000
153.113458
19.584679
198.021039
