2.000000
424.295065
242.706179
443.100387
254.459505
2.000000
400.788413
237.220181
425.256713
257.397838
2.000000
467.278655
247.827268
481.382646
257.229930
2.000000
999.994347
238.395515
1111.650943
305.389471
2.000000
1115.176942
257.200834
1153.962915
288.934815
2.000000
484.908645
234.394895
513.116627
256.726218
2.000000
439.070674
233.219565
469.629323
257.901550
2.000000
369.054434
229.693566
399.109367
261.427547
2.000000
192.446023
235.301581
267.667307
277.613554
2.000000
879.316712
234.596387
982.269524
329.764751
