7.000000
412.565476
86.502304
479.481697
157.274887
7.000000
266.688797
134.104168
298.935220
147.924064
6.000000
305.077395
129.497539
318.897292
144.852978
7.000000
844.053342
115.677642
874.764223
147.924066
2.000000
42.499373
150.995152
348.072630
327.582714
2.000000
715.067645
170.957224
797.987021
235.450073
2.000000
730.423085
141.781887
750.385156
157.137327
2.000000
705.854381
147.924064
722.745365
161.743961
2.000000
693.570029
149.459607
708.925468
166.350591
2.000000
681.285678
150.995152
702.783295
172.492768
2.000000
665.930239
157.137329
690.498943
175.563857
2.000000
653.645887
160.208416
681.285678
180.170488
2.000000
629.077181
166.350591
675.143503
200.132560
2.000000
782.631582
141.781887
807.200286
161.743959
2.000000
916.543896
138.710800
979.181215
187.848208
2.000000
1035.996342
140.246344
1163.446495
213.952456
7.000000
950.005878
74.217952
974.574583
86.502304
2.000000
879.418922
131.962404
908.106402
162.337383
