6.000000
278.589054
181.771704
290.834727
206.263049
6.000000
344.409543
130.492950
356.655215
165.699259
6.000000
356.655216
132.023659
376.554434
167.229967
6.000000
335.225290
133.554367
347.470962
164.168548
6.000000
263.281963
240.704004
281.650473
254.480385
6.000000
370.431599
259.072514
381.146562
274.379605
6.000000
456.151308
257.541805
466.866270
274.379604
6.000000
733.592329
167.229967
747.368711
194.782731
6.000000
935.645929
127.431532
950.953021
162.637840
6.000000
973.913656
229.989040
1004.527837
254.480385
6.000000
722.877366
171.822096
733.592329
193.252022
6.000000
747.368711
168.760677
758.083678
196.313440
2.000000
580.138743
296.957563
612.283633
313.795362
2.000000
557.688359
298.998511
583.710414
317.367022
2.000000
543.911976
302.059930
568.403324
321.959148
2.000000
511.767087
297.467803
553.096232
326.551276
2.000000
426.047378
289.814256
445.946595
300.529222
2.000000
289.814268
295.937095
315.836323
314.305605
2.000000
333.694580
292.875675
397.984362
343.389074
2.000000
456.661559
294.406386
513.297797
335.735530
2.000000
341.348126
295.937095
442.374925
360.226876
2.000000
55.105527
306.652057
163.785872
392.371766
2.000000
0.656015
286.679947
89.437143
465.772911
7.000000
736.271069
250.117865
757.700996
260.832832
7.000000
818.929360
217.360691
832.705742
235.729201
7.000000
959.754597
198.992181
978.123106
240.321326
7.000000
739.332487
261.751254
751.578159
272.466216
7.000000
714.841143
277.441023
734.740360
291.217405
9.000000
610.752925
231.519750
687.288378
337.138677
2.000000
636.774981
295.809531
704.126180
358.568603
2.000000
765.354543
292.748114
800.560852
308.055203
2.000000
728.617525
292.748114
766.885250
300.401659
2.000000
687.288379
291.217404
725.556108
298.870949
2.000000
846.482124
291.217404
884.749854
314.178039
2.000000
854.135669
297.340241
892.403396
315.708750
2.000000
889.341979
289.686694
910.771906
304.993786
2.000000
892.403396
286.625275
964.346723
309.585912
2.000000
893.934106
292.748114
970.469559
317.239459
2.000000
967.408142
277.441023
1071.496361
315.708750
2.000000
988.838069
309.585913
1031.697925
334.077258
2.000000
1002.614451
289.686694
1117.417633
340.200093
2.000000
1066.904232
294.278821
1166.400323
341.730802
0.000000
905.031748
332.546550
975.444366
353.976476
0.000000
904.649070
335.607967
975.061688
387.652075
0.000000
929.140415
343.261513
1008.737287
406.020586
0.000000
953.631760
350.915058
1017.921541
404.489876
0.000000
987.307359
347.853640
1050.066434
409.082003
2.000000
1048.098379
279.026399
1277.704742
537.716236
2.000000
664.983759
298.925617
804.278286
406.075253
