2.000000
0.000000
339.301716
188.611838
521.925877
2.000000
182.624159
365.248319
246.492718
478.016242
2.000000
243.498879
380.217512
307.367438
455.063479
2.000000
300.606820
390.824731
336.307876
449.075801
2.000000
327.606801
388.201082
357.264748
444.086071
2.000000
353.272965
388.201082
373.231889
434.106609
2.000000
366.246265
384.074738
393.419256
423.129200
2.000000
388.356759
401.174383
414.147685
420.135361
2.000000
646.669156
411.153844
839.272777
517.934091
2.000000
589.786219
412.151792
668.623971
485.999813
2.000000
556.853994
408.160007
610.743092
463.047049
2.000000
533.901231
414.147685
589.786219
460.053210
2.000000
515.938199
409.157953
556.853994
443.088125
2.000000
495.979276
411.153844
524.919716
435.104554
2.000000
484.003920
409.157953
500.969006
423.129200
2.000000
461.051157
407.162061
489.991596
421.133309
2.000000
429.116876
400.176436
449.075801
417.141522
2.000000
769.416541
413.149739
1264.397868
679.601381
7.000000
641.679424
337.305825
670.619864
366.246265
7.000000
234.517364
319.342793
258.468072
336.307879
6.000000
459.055264
391.194921
467.038834
399.178492
7.000000
347.856787
352.012260
366.419274
372.262246
7.000000
349.544286
340.199768
368.106773
352.012260
7.000000
518.294170
379.012239
531.794161
392.512230
