7.000000
411.029935
0.511839
627.981593
44.887469
7.000000
533.873453
270.767584
549.228892
279.980849
7.000000
515.446926
267.696497
529.266822
279.980849
2.000000
186.840508
292.265201
242.120093
321.440537
2.000000
45.570461
298.407377
126.954294
335.260433
2.000000
466.309518
286.123025
490.878222
309.824789
2.000000
0.000000
350.615873
60.925900
548.701049
2.000000
400.169251
295.336290
450.954078
339.867066
9.000000
1178.801935
393.611106
1246.365870
428.928619
9.000000
1218.726078
378.255666
1264.792399
408.966547
9.000000
1094.347016
392.075561
1178.801935
427.393074
2.000000
1031.389711
396.682193
1086.669296
427.393074
2.000000
966.896862
408.966545
1006.821007
424.321987
6.000000
991.465567
365.971313
1002.214373
385.933384
2.000000
491.506828
288.398488
510.716320
299.924182
2.000000
518.400116
288.398488
536.328975
298.643550
