6.000000
946.165253
263.463159
967.907358
305.699740
6.000000
934.654726
263.463159
951.281043
309.505264
6.000000
967.907358
266.021055
976.859990
308.226318
2.000000
722.349462
352.989476
814.433673
404.147371
2.000000
400.054723
359.384212
442.259987
427.168423
2.000000
871.986305
376.010529
901.402094
391.357897
1.000000
432.028408
212.305264
731.302092
451.468423
2.000000
1.023142
273.694738
416.681039
578.084215
2.000000
1040.626872
351.866640
1096.775804
389.299261
6.000000
949.540827
309.443003
970.752645
321.920543
2.000000
821.022160
373.078459
845.977241
386.803753
