6.000000
803.517708
245.497619
812.258722
268.224256
6.000000
348.984968
224.519185
361.222387
252.490430
6.000000
179.409291
198.296143
195.143117
226.267389
6.000000
168.920072
198.296143
182.905695
224.519185
6.000000
361.222387
194.799736
375.208010
229.763793
6.000000
873.445821
289.202690
887.431444
308.432921
6.000000
974.841587
306.684720
988.827209
320.670342
6.000000
401.431053
299.691907
417.164878
313.677530
6.000000
272.064040
255.986836
286.049663
275.217067
6.000000
258.078419
257.735039
270.315838
275.217068
6.000000
808.762316
245.497619
822.747939
266.476053
6.000000
964.352370
304.936516
976.589790
318.922139
7.000000
1.092601
98.648580
65.776106
215.778171
7.000000
350.733170
271.720662
373.459808
296.195502
7.000000
962.604167
254.238633
978.337991
271.720663
7.000000
957.359558
282.209879
981.834398
303.188313
7.000000
848.970982
278.713473
876.942227
292.699096
7.000000
359.474184
229.763793
376.956214
242.001213
7.000000
16.826426
231.511996
36.056658
255.986836
2.000000
481.848385
318.922139
515.064239
364.375413
2.000000
415.416675
320.670340
495.834005
371.368223
2.000000
499.330412
320.670340
518.560643
383.605644
2.000000
380.452618
303.188313
427.654095
378.361035
2.000000
807.014113
341.648776
826.244345
360.879007
2.000000
733.589594
318.922139
814.006925
380.109239
2.000000
838.481764
348.641587
864.704806
362.627210
2.000000
862.956604
348.641587
889.179646
362.627210
2.000000
939.877530
350.389789
962.604168
367.871818
2.000000
967.848775
353.886195
1004.561035
367.871818
2.000000
1181.129523
329.411356
1277.280679
371.368224
2.000000
999.316426
360.879007
1034.280483
367.871818
2.000000
1.092601
259.483242
142.697032
404.584079
2.000000
140.948828
275.217067
408.423863
437.799932
2.000000
513.316035
240.253010
731.841390
478.008598
2.000000
887.431444
334.655964
946.870341
373.116427
