6.000000
877.171093
53.902971
900.878420
112.547411
6.000000
94.829307
142.493508
113.545618
192.403670
6.000000
905.869435
52.655217
932.072270
113.795164
6.000000
858.454781
63.885003
875.923338
116.290673
7.000000
39.928129
148.732278
72.369733
179.926129
7.000000
0.000000
149.980032
24.955081
173.687360
7.000000
953.284089
142.493508
1050.608905
172.439605
6.000000
1050.608905
189.908162
1076.811740
216.110995
6.000000
1053.104412
262.277895
1074.316231
288.480731
7.000000
1055.599920
237.322815
1080.555000
253.543618
7.000000
255.789579
274.755436
279.496907
299.710517
7.000000
253.294071
263.525650
274.505888
272.259928
6.000000
671.291675
285.985223
676.282691
297.215009
6.000000
554.002795
285.985223
562.737073
299.710517
2.000000
598.921941
320.922337
617.638250
335.895386
2.000000
577.710123
327.161106
596.426431
344.629663
2.000000
462.916750
332.152123
499.101617
357.107203
2.000000
436.713915
332.152123
462.916750
359.602712
2.000000
415.502097
333.399876
436.713915
365.841484
2.000000
384.308245
334.647631
434.218406
365.841483
2.000000
281.992415
337.143139
379.317230
389.548807
4.000000
973.248154
327.161106
1003.194251
389.548808
6.000000
716.210821
312.188058
728.688361
324.665599
