6.000000
253.489414
210.133984
265.726834
224.119608
6.000000
326.913931
229.364214
340.899555
241.601636
6.000000
361.877990
224.119607
375.863614
234.608824
6.000000
403.834859
217.126796
417.820483
231.112420
6.000000
462.224834
231.462054
474.462254
245.447677
6.000000
381.807501
243.699473
395.793125
255.936895
6.000000
107.339655
245.447674
119.577076
259.433298
6.000000
551.383178
252.440488
567.117004
264.677908
6.000000
495.440687
257.685096
509.426310
268.174311
6.000000
227.965651
212.231827
240.203072
227.965654
6.000000
117.828871
219.224639
130.066292
233.210263
6.000000
103.843248
219.224639
114.332465
236.706669
6.000000
248.944086
240.203075
259.433304
257.685104
6.000000
430.757182
219.224639
442.994603
234.958466
6.000000
449.987413
227.965654
460.476631
245.447683
2.000000
312.928309
265.726833
335.654946
283.208862
2.000000
297.194484
263.978630
318.172917
281.460658
9.000000
251.741211
255.237617
302.439093
286.705268
2.000000
328.662134
263.978630
372.367209
284.957064
2.000000
225.518166
265.726833
241.251993
281.460658
2.000000
239.503789
260.482224
256.985818
276.216050
2.000000
185.309502
265.726833
223.769964
288.453470
2.000000
155.590053
265.726833
188.805908
290.201672
2.000000
108.388577
260.482224
159.086459
291.949875
9.000000
435.302509
253.489414
480.755783
288.453471
2.000000
0.437051
262.230425
28.408297
298.942686
2.000000
753.912479
253.489414
855.308242
307.683702
4.000000
87.410141
262.230425
101.395765
290.201671
2.000000
514.408689
270.097339
545.876340
294.572179
7.000000
569.914129
240.669254
585.647955
259.899486
4.000000
507.432969
230.834498
529.546817
257.037332
4.000000
490.866441
245.807545
509.582752
260.780594
4.000000
146.486325
215.861449
170.193652
234.577760
4.000000
299.960075
247.055300
309.942107
259.532841
