2.000000
72.899974
368.549871
121.499957
394.199862
2.000000
130.949954
359.099875
207.899926
394.199862
2.000000
117.449960
364.499873
137.699953
386.099863
2.000000
221.399924
368.549871
237.599918
390.149862
2.000000
291.599897
367.199871
311.849890
377.999870
2.000000
226.799922
361.799873
305.099893
417.149852
2.000000
0.000000
367.199871
60.749978
400.949861
9.000000
176.849937
345.599879
236.249919
388.799864
2.000000
525.149816
367.199871
571.049800
402.299858
2.000000
1046.789667
353.699877
1146.689632
386.099866
2.000000
1178.106216
340.874766
1265.856156
386.437234
2.000000
253.799912
357.749876
539.999811
598.049791
7.000000
518.129843
349.379881
543.779834
365.579875
7.000000
778.949728
278.999899
827.549711
316.799888
