6.000000
568.875777
150.915790
580.386303
186.726319
6.000000
290.065249
226.373685
300.296828
249.394738
6.000000
832.338936
248.115792
854.081042
269.857897
6.000000
845.128410
299.273686
860.475779
318.457896
6.000000
128.917880
318.457896
148.102090
337.642107
6.000000
809.317883
262.184212
829.781040
287.763159
6.000000
510.044198
324.852633
521.554724
335.084212
6.000000
462.723145
326.131581
471.675776
337.642107
6.000000
279.833669
227.652633
288.786301
248.115790
6.000000
300.296828
227.652633
310.528408
251.952633
6.000000
552.249461
152.194738
568.875777
186.726318
6.000000
584.223145
156.031579
595.733672
189.284211
2.000000
409.007356
350.431581
425.633672
363.221055
2.000000
391.102092
350.431581
403.891565
360.663160
2.000000
503.649461
335.084212
529.228408
352.989476
2.000000
644.333672
336.363160
671.191566
358.105266
2.000000
440.981039
335.084212
518.996829
407.984213
2.000000
990.928411
318.457896
1072.781043
367.057897
2.000000
310.528408
344.036844
347.617882
369.615789
2.000000
121.244195
345.315792
287.507353
428.447371
2.000000
507.486303
315.900002
658.402095
446.352634
4.000000
669.912619
326.131581
701.886302
402.868423
7.000000
804.202094
175.215790
834.896831
191.842107
7.000000
774.786303
239.163159
820.828409
257.068422
2.000000
1105.510082
400.529048
1277.700140
611.399481
