7.000000
190.919395
5.399991
271.919339
29.024974
7.000000
84.606968
27.337476
273.606838
108.337420
9.000000
476.106699
300.712288
523.356665
322.649773
9.000000
401.856751
297.337291
449.106717
315.899778
2.000000
666.794068
319.274775
688.731553
334.462265
2.000000
629.669093
317.587276
649.919080
334.462265
2.000000
693.794050
320.962275
720.794031
336.149765
9.000000
771.418996
180.899870
1073.481289
393.524723
7.000000
725.856526
288.899797
739.356518
297.337290
7.000000
1248.981168
23.962477
1279.356148
66.149949
7.000000
1230.418680
71.212446
1279.356146
118.462412
9.000000
10.357019
253.462322
118.356945
293.962293
