2.000000
567.221295
300.323418
642.175538
371.226079
2.000000
482.138100
314.503949
511.512061
346.916594
2.000000
466.944674
317.441355
478.086521
328.583204
2.000000
456.815722
313.389773
465.931778
324.531622
2.000000
444.660980
312.376879
454.789931
327.570307
2.000000
428.454656
312.376879
443.648082
329.596100
7.000000
515.418943
297.791179
525.547895
310.958816
7.000000
344.384357
279.993162
357.551995
290.122112
2.000000
413.261228
313.418702
429.467548
328.756830
6.000000
526.705488
304.302646
538.860230
320.508966
6.000000
495.884548
300.395769
511.077975
313.563405
6.000000
464.195392
299.816971
474.324343
308.933027
6.000000
340.332776
257.613002
358.564890
269.767742
2.000000
379.835688
310.621182
412.248334
330.879086
2.000000
278.771251
311.539120
321.312849
332.809916
