2.000000
195.897385
358.105410
386.803755
500.349370
2.000000
794.819324
329.407067
1081.802754
494.110600
2.000000
383.905318
369.335197
481.230140
437.961669
2.000000
516.167245
366.839689
548.608853
395.538032
2.000000
492.459920
371.830705
516.167241
406.767818
2.000000
463.761577
378.069475
494.955425
414.254342
2.000000
579.802703
366.839689
603.510029
389.299262
2.000000
599.766769
369.335197
618.483077
395.538032
2.000000
620.978586
361.848672
675.879764
408.015572
4.000000
736.174885
366.839689
763.625475
425.484129
