6.000000
921.865252
282.647370
933.375779
296.715789
6.000000
983.254726
283.926317
996.044200
300.552632
6.000000
568.875777
268.578949
591.896829
295.436844
6.000000
635.381040
274.973686
660.959987
300.552633
2.000000
77.759984
250.673686
375.754722
414.378949
2.000000
834.896831
309.505265
926.981042
404.147373
2.000000
424.354723
314.621054
508.765249
370.894739
2.000000
895.007359
305.668423
1218.581042
460.421055
9.000000
732.581041
248.115791
843.849464
376.010528
2.000000
1.023142
289.042107
140.428406
451.071694
9.000000
1034.486733
176.550508
1257.983402
357.877994
