2.000000
0.000000
402.504981
103.464149
471.363269
2.000000
252.158137
388.201082
418.815158
516.936144
9.000000
313.032857
336.640528
369.915792
391.527570
2.000000
173.320385
393.856108
217.230019
425.790385
2.000000
217.230019
394.854054
247.168406
412.817088
2.000000
267.127330
391.860217
284.092416
404.833518
2.000000
463.722737
359.925937
522.601567
419.802710
2.000000
436.778189
375.893076
471.706307
411.819140
2.000000
408.835694
364.915668
440.769972
404.833518
2.000000
390.872664
376.891022
408.835696
397.847892
2.000000
370.913738
375.893076
390.872662
393.856108
6.000000
282.096524
353.272964
290.080093
365.248319
6.000000
247.168406
375.227781
255.151977
383.211351
7.000000
532.581026
303.375653
545.554329
330.320200
2.000000
135.970173
411.652818
163.912669
427.619959
6.000000
302.627192
368.741130
311.608707
377.722646
6.000000
226.783280
378.720593
235.764796
389.698002
7.000000
655.900157
343.792475
677.854975
371.734969
