4.000000
577.925450
342.094994
588.167816
369.749379
9.000000
540.028699
328.779919
560.513429
353.361595
9.000000
511.350077
326.219328
543.101409
367.188788
9.000000
593.288998
319.049672
630.161512
355.922190
2.000000
527.737861
349.776768
575.876977
381.528096
2.000000
560.513429
331.340510
577.925450
352.849477
2.000000
468.332144
341.582876
495.986526
388.697755
2.000000
444.774704
338.510166
478.574510
393.818940
2.000000
380.247804
340.558639
462.186721
399.964357
4.000000
903.120541
325.195091
934.871873
353.873717
9.000000
38.152810
294.467996
383.320513
467.563966
2.000000
1.280296
380.503863
40.201283
545.405941
