7.000000
482.624669
244.687332
519.749644
290.249801
7.000000
1042.874285
322.312278
1061.436770
345.937262
7.000000
760.049468
303.074790
775.236957
319.949779
7.000000
706.049502
319.949778
724.611990
335.137268
7.000000
992.924307
333.449769
1006.424300
350.324758
7.000000
915.299360
328.387273
937.236843
336.824768
6.000000
896.736874
321.637277
911.924365
333.449769
6.000000
850.499414
315.562281
863.999407
327.374775
6.000000
815.061938
327.374776
830.249428
339.187269
2.000000
896.061884
359.437252
914.624372
371.249745
6.000000
876.486885
329.062273
888.299379
344.249763
6.000000
894.374384
340.874766
904.499379
356.062256
2.000000
936.561856
357.749756
951.749346
376.312241
2.000000
847.124417
359.437252
862.311908
369.562246
2.000000
917.999369
357.749756
936.561854
377.999740
2.000000
960.186838
357.749756
977.061828
376.312241
2.000000
862.311908
349.312260
894.374384
379.687239
2.000000
831.936929
357.749756
848.811918
369.562246
2.000000
801.561950
357.749756
831.936929
379.687239
2.000000
767.811972
350.999761
803.249447
381.374740
2.000000
722.249503
350.999761
774.561967
383.062237
2.000000
563.624613
354.374756
617.624575
388.124733
2.000000
465.749681
359.437252
565.312113
398.249725
2.000000
413.437216
356.062256
480.937169
408.374719
2.000000
300.374793
357.749756
381.374738
406.687220
2.000000
148.499899
364.499747
313.874785
431.999702
4.000000
239.624834
350.999761
251.437328
366.187251
2.000000
67.499954
362.812251
185.624874
426.937206
2.000000
0.000000
382.218487
33.749979
432.843451
2.000000
628.171443
341.718516
678.796409
385.593485
