7.000000
991.231015
230.762775
1038.432490
248.244805
7.000000
1010.461246
187.057704
1041.928897
202.791529
4.000000
85.661940
335.654947
101.395765
388.101031
4.000000
52.446084
332.158541
75.172723
386.352829
2.000000
554.180303
328.662136
569.914128
339.151351
2.000000
543.691086
326.913932
562.921318
339.151352
2.000000
531.453666
326.913932
541.942883
340.899555
2.000000
517.468043
328.662136
531.453666
342.647758
2.000000
508.727029
328.662136
522.712651
344.395962
2.000000
486.000391
328.662136
506.978825
340.899556
2.000000
473.762972
330.410338
489.496797
344.395960
2.000000
451.036335
330.410338
473.762972
347.892367
2.000000
435.302509
333.906743
458.029146
353.136975
2.000000
389.849235
328.662136
435.302509
358.381584
9.000000
295.446281
300.690891
344.395963
368.870801
2.000000
576.906940
321.669324
594.388970
339.151352
2.000000
594.388969
323.417527
604.878184
339.151351
2.000000
606.626388
328.662136
620.612010
339.151351
2.000000
641.590445
330.410338
650.331459
344.395960
2.000000
650.331459
332.158541
664.317081
344.395962
2.000000
690.540125
332.158541
720.259574
358.381584
2.000000
742.986210
321.669324
816.410729
374.115409
2.000000
659.072473
332.158541
709.770357
368.870801
2.000000
887.038115
312.928310
1060.110195
421.316884
2.000000
981.441068
305.935498
1266.398132
459.777350
2.000000
250.692292
339.151352
271.670726
361.877991
2.000000
273.418929
340.899555
296.145566
361.877987
2.000000
132.863416
328.662136
252.440495
386.352829
2.000000
75.172722
342.647758
146.849039
381.108221
2.000000
0.000000
318.172917
115.381388
384.604627
2.000000
1.748203
330.410338
22.726637
349.640569
2.000000
1192.973613
360.129788
1278.635551
501.734216
7.000000
584.336802
316.424715
607.063439
323.417528
