2.000000
592.384416
406.020585
616.875765
424.389094
2.000000
609.222216
407.551294
635.244271
432.042639
2.000000
626.060016
402.959167
678.104124
444.288312
2.000000
531.156053
398.367040
590.853707
425.919804
2.000000
502.072582
410.612712
615.345054
514.700930
2.000000
371.962307
409.082003
427.067834
438.165476
2.000000
332.163871
407.551294
355.124509
433.573349
2.000000
0.000000
392.244204
340.027884
598.813394
2.000000
685.757670
415.587517
803.622270
492.122970
2.000000
863.319924
415.970194
1241.405067
611.900955
7.000000
339.817417
251.648574
388.800108
291.447010
7.000000
482.173363
338.899006
502.072582
357.267516
7.000000
485.234780
354.206096
497.480451
364.921060
7.000000
508.195416
358.798224
523.502508
374.105315
7.000000
650.551361
361.859641
673.511997
380.228151
7.000000
655.143489
378.697442
668.919871
387.881696
2.000000
451.836904
403.634107
492.612432
424.572892
2.000000
432.000160
402.532066
452.938945
422.368809
