2.000000
39.838522
231.158854
523.092667
515.619817
2.000000
1143.634923
264.108001
1252.367106
337.694426
2.000000
573.589722
301.484689
617.521917
336.630445
2.000000
635.094795
302.582993
677.928686
323.450786
2.000000
750.416807
302.582993
782.267648
321.254176
2.000000
853.657465
291.599945
903.081184
311.369431
2.000000
680.125295
304.779603
700.993087
321.254176
2.000000
810.823575
301.484689
842.674416
314.664347
2.000000
951.406599
287.206725
974.471001
306.976214
6.000000
504.396514
28.006774
528.559223
85.118628
6.000000
967.332020
193.850811
994.789641
221.308433
6.000000
797.094765
288.305030
805.881203
298.189774
6.000000
668.593093
287.206725
677.379532
293.796554
6.000000
487.921941
35.694908
504.396514
86.216934
6.000000
527.460917
28.006774
549.427013
85.118628
6.000000
750.416807
272.928762
763.596466
283.911811
6.000000
830.593064
252.060969
837.182893
263.044019
6.000000
855.854075
264.142323
865.738820
277.321981
6.000000
858.050685
278.420285
865.738820
287.206724
6.000000
942.071008
193.850811
962.938799
223.505041
6.000000
562.606673
286.108420
570.294807
298.189774
7.000000
686.715125
282.813506
693.304954
291.599945
7.000000
793.250697
272.928762
800.938831
281.715201
7.000000
920.654063
165.294884
943.718465
188.359286
2.000000
798.742222
298.189774
811.921881
312.467737
2.000000
737.237148
301.484689
748.220198
314.664347
