7.000000
1163.605300
42.911688
1199.531365
62.870609
7.000000
1163.605300
67.860343
1198.533419
87.819268
7.000000
1164.603247
92.808999
1208.512878
111.769977
7.000000
608.747198
4.989731
646.669154
30.936333
7.000000
638.685585
174.640589
663.634241
199.589242
7.000000
638.685585
213.560494
679.601380
234.517361
6.000000
703.552090
281.420836
734.488423
308.365385
6.000000
676.607541
280.422890
700.558250
310.361273
7.000000
669.621918
246.492718
697.564412
271.441374
7.000000
679.601380
146.698095
704.550036
186.615944
7.000000
683.593165
205.576923
707.543877
234.517361
2.000000
382.213405
395.186706
511.946414
484.003920
2.000000
342.295556
392.192867
424.127144
474.024457
2.000000
321.338685
404.168222
370.238050
464.044993
2.000000
292.398244
407.162060
330.320201
453.067588
2.000000
272.439320
409.157953
293.396192
444.086071
2.000000
258.468072
409.157953
280.422890
435.104556
2.000000
248.488611
404.168222
266.451646
426.123040
2.000000
103.786408
408.160007
150.689878
454.065533
2.000000
60.874721
416.143577
95.802839
448.077856
2.000000
167.654966
413.149738
197.593353
435.104556
2.000000
198.591299
410.155899
227.531740
431.112771
