7.000000
404.107198
573.097472
476.050524
597.588817
2.000000
551.055271
616.875761
564.831653
627.590724
2.000000
538.809598
619.324904
552.585981
630.039869
2.000000
518.910379
613.202068
543.401724
636.162704
2.000000
502.072579
619.324904
531.156053
646.877668
2.000000
471.458397
610.140651
506.664706
654.531213
2.000000
384.207981
613.202068
414.822161
649.939086
1.000000
566.362362
602.487107
587.792289
619.324906
2.000000
564.831653
613.202068
596.976544
634.631995
2.000000
609.222217
614.732778
624.529308
633.101287
2.000000
619.937179
622.386324
635.244272
633.101287
2.000000
626.060016
617.794196
645.959233
640.754832
2.000000
638.305689
613.202068
662.797034
648.408378
2.000000
572.485198
614.732778
616.875761
651.469795
4.000000
645.959233
604.017815
682.696250
662.184759
3.000000
647.489943
642.285542
682.696254
685.145395
2.000000
399.515070
610.140651
491.357616
677.491852
1.000000
754.850047
413.903740
1276.821846
716.984138
9.000000
0.210468
0.000000
425.747594
716.371852
