6.000000
516.606671
223.087342
531.794162
260.212316
6.000000
719.106532
239.962330
732.606523
270.337309
6.000000
933.418884
329.399768
957.043868
349.649756
6.000000
64.356982
248.399824
104.856954
270.337309
6.000000
258.419349
172.462376
280.356832
219.712344
6.000000
530.106662
226.462339
548.669150
255.149820
6.000000
1238.856174
273.712307
1279.356147
312.524780
7.000000
93.044462
169.087379
157.169418
189.337365
7.000000
120.044444
194.399861
150.419423
219.712344
7.000000
123.419441
219.712344
152.106922
275.399806
7.000000
400.169251
246.712325
422.106735
275.399806
7.000000
911.481400
299.024789
945.231376
314.212279
7.000000
908.106402
275.399806
945.231376
299.024789
7.000000
816.981465
256.837318
849.043942
285.524799
7.000000
1205.106198
108.337420
1247.293670
137.024901
7.000000
1218.606188
148.837393
1240.543673
182.587368
7.000000
1181.481214
175.837374
1248.981168
211.274849
7.000000
1232.106179
148.837393
1275.981150
192.712362
7.000000
1218.606188
192.712362
1248.981170
258.524817
7.000000
1255.731163
192.712362
1279.356147
260.212316
7.000000
381.606764
297.337291
406.919246
310.837281
4.000000
1053.231302
366.524743
1090.356277
442.462191
4.000000
943.543878
374.962237
968.856360
427.274701
4.000000
928.356388
364.837244
951.981371
435.712195
4.000000
901.356407
380.024734
914.856397
408.712214
4.000000
894.606411
373.274738
909.793901
403.649717
2.000000
658.356574
376.649736
675.231562
401.962219
2.000000
702.231543
368.212242
717.419034
391.837226
2.000000
611.106606
373.274738
626.294096
398.587221
2.000000
621.231599
376.649736
654.981576
408.712214
2.000000
665.106569
369.899741
712.356535
415.462210
9.000000
0.000000
248.399824
266.856844
538.649625
2.000000
204.419386
256.837318
617.856601
530.212129
2.000000
1108.918764
371.587239
1248.981168
442.462192
2.000000
1227.043683
381.712233
1279.356147
445.837187
4.000000
1186.543710
351.337253
1215.231191
450.899684
7.000000
584.106625
351.337253
600.981613
363.149745
4.000000
796.731478
374.962237
813.606467
403.649717
6.000000
681.597273
337.305825
688.582896
353.272964
