2.000000
714.695240
292.513929
931.474033
388.800110
2.000000
205.593972
271.939619
435.834410
420.518424
9.000000
197.654645
209.559204
540.179826
354.735439
2.000000
788.285200
246.808627
1278.529650
566.745738
2.000000
331.206894
235.911385
757.662090
580.704945
2.000000
0.000000
249.521656
56.733073
358.024860
4.000000
79.416859
293.755040
99.832265
343.659372
4.000000
696.415863
285.815716
725.904788
336.854235
7.000000
662.522523
206.422462
714.695232
224.569490
7.000000
737.379020
242.716520
760.062806
251.790033
7.000000
755.526051
255.192602
780.478217
267.668684
7.000000
65.938931
221.166923
103.367179
234.777193
7.000000
38.718385
235.911385
70.475687
247.253277
7.000000
27.376490
187.141242
42.120953
204.154082
6.000000
61.402171
186.007052
75.012443
215.495976
6.000000
10.363654
77.124875
34.181629
129.297584
6.000000
39.852575
83.930012
62.536359
131.565965
6.000000
633.033601
190.543809
643.241305
215.495976
7.000000
263.567238
235.229965
275.755319
261.129636
6.000000
67.575941
250.097979
85.390377
273.850562
