2.000000
1.597393
367.333856
316.279302
660.451268
2.000000
218.839726
329.795660
527.132153
522.278755
2.000000
460.042610
342.574620
587.832217
461.578692
2.000000
561.475611
364.139117
610.195399
436.020771
2.000000
551.891391
348.964101
644.538857
423.241810
2.000000
682.004432
354.990544
701.172869
378.951099
2.000000
700.374187
358.185284
707.562349
376.555039
2.000000
737.912384
354.990544
749.892662
374.957670
2.000000
748.295289
353.393173
756.282140
367.769502
2.000000
755.483455
351.795803
770.658472
367.769504
2.000000
768.262414
354.191859
789.826913
373.360295
2.000000
789.028227
349.399748
842.540125
390.132687
2.000000
705.964982
351.795803
745.100549
386.937945
2.000000
642.868863
350.997118
693.984706
387.736631
2.000000
951.959977
351.795803
1035.023219
412.495867
2.000000
991.894228
357.386599
1074.158787
426.872198
2.000000
1044.825259
335.822102
1230.120189
445.241952
2.000000
1161.433275
357.749636
1278.839975
471.162913
7.000000
548.696650
295.089165
576.650627
304.673387
7.000000
917.510055
304.673386
937.801463
311.861546
7.000000
1151.849055
274.323354
1178.205660
290.297056
6.000000
666.103352
251.960172
673.291513
272.725984
6.000000
672.492832
251.960172
678.882313
269.531246
6.000000
727.602100
321.445772
733.991581
331.828677
6.000000
777.919258
317.452346
782.711367
327.036569
6.000000
745.971856
334.224732
752.361337
340.614213
6.000000
768.335038
335.023417
774.724516
339.815528
6.000000
927.273362
324.640512
945.643118
338.218158
6.000000
1046.422629
307.069440
1071.181866
324.640514
7.000000
1023.513726
283.874237
1056.752163
292.857598
6.000000
848.338168
223.386264
857.321530
248.539677
6.000000
860.016537
220.691255
871.694909
245.844670
