2.000000
577.356629
297.337291
590.856620
314.212279
2.000000
609.419107
307.462283
631.356591
341.212261
2.000000
622.919098
293.962292
678.606560
349.649754
2.000000
644.856583
307.462283
732.606525
361.462244
2.000000
712.356536
302.399787
847.356444
415.462209
2.000000
778.168991
292.274794
1130.856249
493.087158
2.000000
558.794142
297.337291
573.981632
310.837281
2.000000
536.856656
304.087286
555.419145
320.962274
2.000000
584.106625
300.712288
611.106606
322.649772
2.000000
1012.731330
287.212297
1279.356147
612.899575
