6.000000
534.490036
301.077683
543.306366
318.710344
6.000000
722.939100
302.179724
733.959513
319.812385
6.000000
694.286026
340.751170
702.000315
353.975666
6.000000
610.530886
345.159335
618.245176
357.281790
6.000000
420.979781
350.669542
428.694070
361.689955
6.000000
524.571664
299.975650
532.285953
317.608311
7.000000
415.469574
324.881782
429.796111
332.596071
7.000000
587.388019
345.820567
605.020680
352.432815
7.000000
749.388092
309.453204
782.449331
318.269534
7.000000
796.775868
323.779741
808.898322
331.494030
7.000000
789.061579
331.494030
804.490157
339.208319
7.000000
621.551299
356.840980
632.571713
363.453228
2.000000
666.734993
374.694046
679.959489
384.612418
2.000000
681.061530
363.673633
694.286026
384.612418
2.000000
688.775819
364.775674
704.204398
384.612418
2.000000
618.245176
372.489963
638.081919
386.816500
2.000000
558.734945
371.387922
578.571688
395.632831
2.000000
546.612490
372.489963
563.143110
397.836913
2.000000
443.020607
389.020583
471.673681
413.265492
2.000000
402.245079
384.612418
444.122648
420.979781
2.000000
360.367509
380.204252
407.755285
427.592029
2.000000
314.081774
375.796087
372.489963
437.510401
2.000000
784.653414
358.163426
821.020777
404.449161
2.000000
823.224859
355.959343
880.531008
401.143037
2.000000
242.449088
382.959356
346.040972
451.285917
2.000000
500.326755
374.143025
545.510449
407.204264
2.000000
591.796184
370.836901
618.245176
389.571603
2.000000
640.286002
366.428736
666.734993
392.877727
2.000000
732.857472
367.530777
759.306463
391.775686
2.000000
714.122770
368.632819
731.755431
388.469562
2.000000
1.836733
394.163442
162.734764
490.408383
2.000000
892.286121
296.449113
1278.000579
602.816597
