6.000000
1038.913094
83.870630
1056.885370
131.796705
6.000000
388.915715
236.634992
400.897232
259.100338
6.000000
168.755313
127.303635
185.229900
161.750500
6.000000
50.437817
125.805945
68.410093
161.750500
6.000000
11.497883
0.000000
38.456299
29.953795
7.000000
138.801516
128.801325
159.769172
146.773603
7.000000
1071.862269
91.359079
1082.346098
118.317496
6.000000
132.810755
236.634992
143.294584
251.611889
2.000000
0.000000
284.561065
62.419338
335.482518
2.000000
56.428575
287.556445
138.801516
323.501000
2.000000
138.801516
293.547203
173.248381
316.012552
1.000000
351.473471
278.570304
399.399546
314.514860
9.000000
514.721659
280.067994
540.182386
314.514860
2.000000
400.897234
293.547203
421.864890
310.021791
2.000000
409.883373
296.542584
433.846409
311.519481
1.000000
420.367202
287.556445
442.832548
299.537964
2.000000
433.846409
296.542584
445.827927
311.519481
2.000000
439.837170
296.542584
456.311756
310.021791
2.000000
451.818687
290.551823
466.795585
308.524101
2.000000
478.777104
293.547203
487.763243
311.519481
2.000000
486.265552
295.044894
505.735520
310.021791
2.000000
336.496571
293.547203
370.943437
319.007930
2.000000
364.952676
293.547203
381.427264
314.514862
2.000000
170.253003
287.556445
245.137492
322.003310
2.000000
246.635184
292.049513
305.045086
323.500999
7.000000
964.028603
244.123440
1016.447746
317.510240
7.000000
964.028603
314.514862
1011.954677
348.961727
7.000000
230.160595
257.602648
278.086669
281.565684
