2.000000
469.790964
435.827737
493.754000
450.804635
2.000000
489.260932
434.330045
508.730900
446.311563
2.000000
507.233210
431.334666
526.703177
446.311565
2.000000
529.698558
431.334666
547.670836
449.306945
2.000000
502.740140
443.316186
517.717038
458.293084
2.000000
580.620011
434.330045
598.592288
455.297703
2.000000
591.103839
440.320805
613.569188
459.790773
2.000000
610.573807
435.827737
640.527603
467.279222
2.000000
624.053018
432.832356
651.011433
467.279222
2.000000
645.020674
426.841596
680.965229
473.269980
2.000000
664.490642
420.850838
722.900544
474.767671
2.000000
703.430575
410.367009
793.291963
482.256120
2.000000
799.282723
425.343907
886.148732
489.744569
2.000000
865.181078
371.427074
1095.825308
491.242259
2.000000
323.017364
464.283842
337.994262
486.749189
2.000000
302.049704
467.279222
323.017362
485.251501
2.000000
275.091289
464.283842
303.547395
488.246878
2.000000
228.662904
473.269982
278.086668
500.228399
2.000000
541.680075
440.320805
594.099218
479.260740
2.000000
2.511743
510.712225
57.926267
552.647540
2.000000
851.701867
330.989448
1278.543464
654.490448
2.000000
454.814066
425.343907
472.786343
440.320805
2.000000
436.841789
431.334666
451.818687
449.306945
2.000000
415.874133
441.818494
436.841790
458.293082
