6.000000
585.196647
289.478939
593.930925
301.956479
6.000000
667.548414
284.487922
676.282692
298.213216
6.000000
621.381513
306.947495
631.363546
316.929528
6.000000
555.250549
301.956479
563.984827
315.681775
2.000000
640.097825
334.398083
657.566381
344.380117
2.000000
623.877022
333.150329
640.097825
341.884607
2.000000
611.399480
330.654821
626.372528
340.636855
2.000000
601.417450
326.911558
611.399481
336.893591
2.000000
587.692154
333.150329
606.408465
349.371132
2.000000
626.372529
343.132361
642.593332
355.609901
2.000000
505.340387
336.893592
525.304453
350.618887
2.000000
426.731884
341.884607
466.660012
358.105409
2.000000
425.484130
346.875624
461.668997
366.839690
2.000000
359.353164
343.132361
390.547016
354.362146
2.000000
379.317229
346.875624
434.218407
364.344180
2.000000
346.875624
344.380117
366.839690
356.857657
2.000000
345.627871
351.866640
376.821721
366.839689
2.000000
596.426433
339.389100
628.868038
370.582950
2.000000
270.762627
349.371132
340.636854
411.758833
2.000000
549.011779
336.893592
578.957876
351.866640
4.000000
539.029746
336.893592
546.516270
351.866640
4.000000
527.799960
335.645837
535.286484
353.114394
4.000000
466.660012
344.380117
471.651027
360.600918
4.000000
319.425035
344.380117
334.398083
361.848672
2.000000
13.725294
361.848672
87.342782
391.794769
2.000000
78.608505
336.893592
279.496908
446.695947
2.000000
623.877022
210.870433
1225.797521
543.580904
6.000000
273.258134
245.807545
280.744659
263.276102
4.000000
516.570174
338.141346
522.808944
356.857657
