6.000000
568.456011
130.187303
578.244531
151.722044
6.000000
433.374447
146.827786
442.184114
170.320230
7.000000
238.582918
188.918419
274.800439
197.728086
7.000000
633.256004
144.870082
659.685005
162.489416
7.000000
812.973220
107.673711
853.106148
119.419933
7.000000
854.085001
119.419933
899.112186
150.743194
7.000000
1044.961122
135.081562
1069.432420
174.235638
7.000000
984.272303
110.610266
1015.595564
131.166155
7.000000
827.655998
123.335340
858.000406
153.679749
2.000000
0.721907
230.030199
97.628246
338.682760
2.000000
0.000000
295.613275
54.558761
370.006021
2.000000
118.184135
234.924456
156.359358
267.226570
2.000000
34.981723
244.712976
109.374468
283.867051
4.000000
47.706799
241.776421
70.220391
267.226571
4.000000
67.283836
249.607235
87.839725
287.782459
4.000000
719.590746
241.776421
734.273525
274.078534
4.000000
764.617933
235.903309
781.258415
276.036237
7.000000
701.188328
199.685788
725.659624
209.474308
6.000000
554.752085
129.208450
567.477159
154.658601
6.000000
759.332131
94.948635
776.951467
127.250748
6.000000
526.561146
211.432010
534.391962
224.157085
4.000000
157.338210
246.670680
182.788359
302.465240
4.000000
783.607655
234.924456
803.184693
294.634423
4.000000
747.390134
239.818716
767.946023
287.782459
4.000000
737.601617
240.797568
756.199803
279.951644
4.000000
766.967173
247.649533
787.523062
316.169166
4.000000
683.373222
239.818716
699.034853
291.697868
4.000000
671.627000
242.755271
687.288631
293.655571
2.000000
578.990901
248.628383
589.758273
260.374605
2.000000
571.160087
245.691828
583.885161
262.332310
2.000000
539.836826
245.691828
552.561900
253.522643
2.000000
529.069454
249.607235
536.900271
261.353458
2.000000
519.280935
248.628383
531.027157
263.311160
2.000000
449.293024
252.543791
476.700879
271.141979
2.000000
382.731095
249.607235
415.033208
281.909349
2.000000
346.513575
246.670680
390.561910
287.782461
2.000000
213.389715
223.178234
361.196354
333.788500
2.000000
420.906318
244.712976
450.271874
274.078532
2.000000
477.679730
242.755271
520.749214
279.951646
2.000000
554.030178
246.670680
572.628364
265.268867
2.000000
537.389696
248.628383
551.093621
262.332308
2.000000
607.377607
252.543791
632.827756
269.184274
2.000000
635.764313
247.649533
678.833797
284.845905
1.000000
845.728046
196.749233
952.422902
283.867051
