4.000000
809.577368
265.522510
833.832445
334.694396
4.000000
787.118963
260.132492
809.577368
332.897724
4.000000
1041.989793
277.200880
1058.159846
304.150962
4.000000
14.036488
241.267432
35.596558
286.184242
4.000000
1109.749997
269.115855
1135.801747
346.372767
2.000000
150.583590
278.869215
184.720363
296.835943
2.000000
201.451891
278.933387
222.113623
288.815088
2.000000
207.740244
280.730060
262.538749
297.798447
2.000000
343.389008
280.730060
365.847413
294.205103
2.000000
478.139437
288.815086
486.224464
300.493453
2.000000
368.542423
287.916749
386.509146
302.290128
2.000000
890.475749
297.798447
964.139318
320.256849
2.000000
1082.270527
304.985137
1137.069034
323.850194
