6.000000
412.853378
190.720310
429.008511
229.761878
6.000000
66.864293
227.966870
95.135775
254.892090
6.000000
260.725882
89.750732
283.612319
142.254912
7.000000
263.418404
70.903078
279.573536
84.365690
7.000000
87.058210
291.689885
105.905865
315.922584
7.000000
159.756304
290.792381
192.066571
350.027870
4.000000
0.897504
268.354699
22.437681
345.091578
7.000000
385.928158
303.806235
410.160856
321.307630
2.000000
193.412832
300.216210
279.573538
352.720390
2.000000
334.770238
308.742524
375.158069
343.745307
2.000000
360.349200
307.845018
404.775815
345.540325
2.000000
423.623467
318.615106
447.856165
342.847805
2.000000
446.509904
322.653891
468.050081
340.155284
2.000000
468.050082
324.000152
488.243998
342.847806
2.000000
488.243998
326.692672
504.399128
341.501544
9.000000
507.091650
313.230064
527.285566
345.091578
2.000000
550.172004
323.551403
582.482267
346.437839
2.000000
641.717754
319.512618
729.224719
365.285492
7.000000
711.723327
262.072143
730.570982
276.881016
7.000000
711.723327
276.432265
733.263504
297.972442
2.000000
773.651335
311.435052
858.465778
370.670539
6.000000
1067.136240
249.507045
1088.676416
273.739743
6.000000
1094.061460
237.839446
1111.562852
272.842234
6.000000
1180.915706
8.708626
1215.918494
77.367940
5.000000
1149.313613
286.544026
1247.805238
475.454192
3.000000
1136.396678
344.670231
1275.253723
486.756509
