7.000000
464.589130
198.209998
475.609543
208.128370
4.000000
410.589105
236.624013
426.017684
277.399543
4.000000
444.752386
242.134221
462.385047
286.215872
7.000000
1028.755564
0.000000
1094.878043
74.938809
7.000000
1022.694337
77.659474
1106.449477
137.169705
7.000000
1077.947937
208.285808
1119.825508
256.775625
7.000000
1082.356103
258.979708
1108.805096
300.857278
2.000000
1071.918837
395.162164
1277.842730
630.410678
7.000000
0.000000
267.447821
22.653056
332.468257
7.000000
0.612230
334.672341
24.857138
350.100919
2.000000
637.530898
208.915546
671.694178
219.857241
2.000000
616.355969
216.629837
684.682531
236.624015
2.000000
617.458009
222.297477
682.478447
236.624013
2.000000
620.764134
235.521973
699.009068
261.970963
2.000000
640.600878
255.358716
700.111109
270.787295
2.000000
622.968217
267.481171
713.335602
293.930162
2.000000
627.376381
276.297501
753.009092
313.766907
2.000000
630.682506
268.583212
857.703016
342.419979
2.000000
642.490084
308.256699
876.122842
376.583260
2.000000
640.286002
341.790270
953.265734
436.824752
2.000000
677.755406
361.885943
999.551471
495.232943
