6.000000
528.094635
198.073759
546.463144
205.727304
6.000000
454.620597
197.461470
471.458399
209.707143
7.000000
616.875762
165.316582
629.121434
169.908709
7.000000
607.691508
172.970126
622.998600
180.623671
2.000000
500.541871
212.768563
515.848963
221.952818
2.000000
483.704072
220.422108
497.480454
228.075654
2.000000
469.927690
220.422108
488.296199
238.790618
2.000000
451.559181
221.952818
472.989108
243.382745
2.000000
431.659961
226.544945
454.620596
244.913454
2.000000
404.107199
225.014234
431.659961
246.444162
2.000000
376.554435
226.544945
405.637910
249.505580
2.000000
355.124508
228.075654
387.269399
251.036289
2.000000
296.957563
220.422108
347.470962
263.281965
2.000000
231.137072
221.952818
296.957563
269.404799
2.000000
136.233108
221.952818
234.198489
278.589055
7.000000
238.790616
192.869344
261.751253
200.522890
2.000000
0.000000
226.544945
169.908709
335.225289
2.000000
520.441089
214.299272
532.686761
231.137072
2.000000
528.094635
215.829981
555.647398
240.321326
2.000000
532.686761
218.891398
567.893071
241.852035
2.000000
567.893071
221.952818
604.630088
243.382745
2.000000
601.568671
215.829981
630.652144
252.566998
2.000000
622.998599
211.237852
671.981290
266.343379
2.000000
665.858451
211.237852
714.841143
275.527634
2.000000
699.534052
220.422108
766.885253
295.426855
2.000000
762.293125
218.891398
844.951415
298.488271
2.000000
833.930339
203.890452
1072.720955
343.184977
2.000000
1005.369755
210.013288
1277.835972
393.698378
