7.000000
1032.532280
175.569505
1095.467584
203.540752
7.000000
1027.287672
107.389594
1084.978367
179.065911
1.000000
1.092600
240.253010
160.179059
374.864630
2.000000
0.000000
334.655964
254.582013
500.735235
2.000000
479.007581
324.582996
508.727030
352.554241
2.000000
468.518363
329.827603
499.986013
357.798850
2.000000
437.050712
328.079402
475.511175
366.539864
2.000000
403.834858
326.331199
440.547117
356.050647
2.000000
209.784342
324.582996
304.187295
398.007515
2.000000
279.712456
328.079402
389.849235
410.244935
9.000000
499.986014
315.841982
526.209057
343.813228
9.000000
541.942883
314.093779
564.669520
347.309633
9.000000
561.173114
312.345576
594.388968
349.057836
2.000000
529.705463
326.331199
552.432101
349.057837
2.000000
590.892562
322.834793
610.122794
350.806039
2.000000
597.885374
321.086590
638.094039
354.302445
2.000000
608.374591
326.331199
638.094039
354.302445
2.000000
622.360214
322.834793
652.079662
363.043459
2.000000
639.842242
321.086590
662.568879
366.539864
2.000000
648.583256
319.338387
715.014964
371.784473
4.000000
890.272301
309.431904
918.243547
367.122598
4.000000
1118.267097
311.762842
1165.468574
369.453536
0.000000
1135.749125
333.906744
1193.439819
372.367207
3.000000
1254.626919
319.921121
1279.101759
384.604626
4.000000
363.626192
303.604562
416.072278
429.475167
4.000000
297.194485
324.582996
314.676514
345.561429
7.000000
737.741602
317.590185
748.230819
335.072214
7.000000
627.604822
294.863547
643.338648
308.849170
7.000000
1076.310229
308.266437
1093.792258
327.496668
