7.000000
267.226570
279.462219
296.592126
290.229590
7.000000
133.123860
310.785479
161.510565
321.552851
7.000000
1018.495408
233.456179
1051.776371
243.244698
7.000000
1016.537703
116.972803
1053.734076
159.063434
6.000000
1056.707344
222.199382
1071.390123
260.374607
6.000000
902.048743
146.827786
915.752670
185.981862
7.000000
901.069891
157.595158
940.223966
206.537753
6.000000
275.383664
298.223547
286.151036
328.567955
6.000000
439.830784
325.631400
448.640451
341.293030
6.000000
502.477306
337.377622
509.329268
351.128169
6.000000
553.377605
308.990918
560.229567
327.589105
6.000000
664.966737
306.054362
671.818699
321.715993
6.000000
714.888184
315.842883
719.782443
329.546809
7.000000
736.422925
298.223547
741.317185
313.885178
7.000000
733.486370
316.821733
746.211444
321.715993
2.000000
582.416883
351.128171
593.184255
367.768654
2.000000
586.332291
347.212763
605.909329
382.451431
2.000000
557.945585
353.085873
576.543771
371.684060
2.000000
526.622324
351.128171
563.818697
373.641764
2.000000
505.087583
354.064726
523.685769
377.557172
2.000000
495.299064
353.085873
515.854953
382.451430
2.000000
484.531694
356.022430
503.129880
389.303396
2.000000
451.250729
356.022430
494.320213
395.176506
2.000000
746.537724
319.432014
807.226543
369.353461
2.000000
576.108714
337.612139
789.498429
507.932370
2.000000
285.389698
321.950510
488.012041
496.186150
