2.000000
0.686423
233.311330
34.733874
297.013013
2.000000
6.177949
217.935063
162.137241
299.209622
2.000000
217.052484
213.541843
368.618556
314.585892
2.000000
510.299885
209.148623
563.430402
257.369442
2.000000
397.174484
230.016415
444.401594
257.474039
9.000000
362.028727
224.524892
391.682960
254.179124
9.000000
597.065972
175.101172
676.143923
253.080819
9.000000
572.903263
183.887610
598.164274
244.294379
2.000000
199.891487
233.206733
237.233852
266.155878
2.000000
494.237195
231.010124
507.416853
241.993173
2.000000
470.074488
232.108430
490.942280
246.386393
2.000000
452.501610
231.010128
468.976182
249.681311
6.000000
350.359255
180.488101
354.752473
193.667759
6.000000
396.488061
199.159282
404.176193
211.240635
6.000000
551.349047
182.684710
557.938874
192.569453
6.000000
507.416853
202.454197
515.104988
211.240635
6.000000
544.759218
204.650808
552.447353
213.437246
2.000000
561.233793
217.098264
575.511756
243.457580
2.000000
1183.606576
205.749115
1278.060798
294.711809
4.000000
1011.172711
183.783019
1040.826944
282.630459
