2.000000
667.995308
315.838956
794.086054
399.083334
2.000000
562.715657
311.350283
578.630022
328.488830
2.000000
581.078386
323.592103
612.907118
341.954833
2.000000
612.907118
322.367921
628.821484
348.075744
2.000000
625.148939
318.695375
669.219490
367.662655
2.000000
218.720516
316.247012
259.118520
334.609741
2.000000
305.637438
313.798647
343.587080
330.937196
2.000000
431.728183
302.781009
453.763460
316.247010
2.000000
403.571997
308.901919
429.279819
322.367921
2.000000
517.420922
274.624823
532.111108
286.866643
6.000000
590.871843
294.211735
600.665299
306.453555
7.000000
667.995308
272.176459
685.133855
285.642460
7.000000
551.698019
281.969915
563.939837
291.763372
2.000000
530.886925
274.624823
546.801290
289.315007
7.000000
949.959577
49.878846
1042.531047
206.368711
