6.000000
352.023480
147.043797
368.554098
183.411159
6.000000
552.594997
184.513201
564.717454
213.166278
6.000000
288.105085
286.530741
306.839787
301.959320
6.000000
333.288777
150.664782
350.921438
184.828065
6.000000
539.370504
184.828065
552.594999
213.481139
6.000000
803.545562
233.317882
828.577636
261.026353
6.000000
780.087818
239.930129
787.802107
264.175037
6.000000
75.411112
241.032172
105.166227
266.379123
6.000000
126.105011
244.338294
134.921343
268.583203
6.000000
672.717502
277.399533
685.941995
290.624027
7.000000
54.472326
176.798911
111.778474
191.125448
7.000000
93.043772
188.921366
151.451963
208.758111
7.000000
296.921413
263.860174
325.574487
273.778546
7.000000
645.796224
258.349969
672.245215
266.064258
7.000000
575.737865
260.711490
587.860320
277.084673
6.000000
489.778644
281.650274
496.390893
293.772728
4.000000
1044.577732
271.731902
1077.638973
363.201331
2.000000
975.306577
310.145910
1077.796420
360.839811
2.000000
666.735010
292.513248
834.245290
398.309215
2.000000
454.041037
315.656115
473.877781
339.901023
2.000000
349.347111
314.554075
390.122639
358.635730
2.000000
41.247829
329.195484
261.656091
440.501656
2.000000
12.594755
350.134269
76.513152
387.603676
2.000000
746.396862
317.230468
1110.070494
502.373409
2.000000
363.201331
307.312096
461.283010
392.169277
2.000000
449.160551
286.373311
689.405557
496.863202
2.000000
1050.245336
384.007822
1278.367888
638.579363
