6.000000
619.274458
205.374220
638.087364
238.296806
6.000000
261.829254
148.935504
279.074416
194.400026
6.000000
241.448605
144.232277
261.829254
191.264541
6.000000
608.300263
203.806478
619.274458
238.296806
6.000000
318.267969
307.277459
327.674421
332.361333
6.000000
170.900210
313.548428
195.984084
332.361333
6.000000
765.074478
310.412943
788.590611
327.658107
7.000000
744.693829
282.193585
776.048671
296.303264
7.000000
181.874404
269.651648
202.255051
277.490359
7.000000
976.719667
161.477441
1006.506768
175.587119
7.000000
961.042244
167.748409
979.855149
184.993572
2.000000
1161.713240
354.309722
1202.474535
373.122628
2.000000
1155.442269
362.148434
1210.313244
399.774245
2.000000
1108.410004
341.767785
1277.726155
551.845231
2.000000
791.726094
188.129056
1160.145497
495.406516
9.000000
636.519623
316.683911
692.958340
402.909729
2.000000
371.571201
355.877466
393.519591
407.612957
2.000000
311.996999
360.580692
368.435716
396.638761
2.000000
233.609892
362.148434
315.132485
409.180698
2.000000
181.874404
351.174239
257.126027
385.664566
2.000000
148.951819
354.309722
183.442147
382.529081
2.000000
1.584057
341.767785
54.887289
409.180697
2.000000
371.571201
250.838742
675.713175
547.142006
