6.000000
591.911852
348.911635
603.832618
369.085238
6.000000
468.119287
352.579562
477.289107
369.085235
6.000000
33.011350
121.500109
60.520808
172.851099
6.000000
66.022701
128.835965
88.030264
180.186954
6.000000
765.679933
171.017135
784.019572
204.028485
7.000000
951.368779
266.383259
980.712201
279.221005
7.000000
933.029139
290.224789
971.542385
303.062540
2.000000
590.994870
400.262624
609.334510
414.934334
2.000000
603.832618
391.092804
646.013787
420.436227
2.000000
454.364559
389.258840
498.379692
421.353209
2.000000
711.119508
349.828615
999.051842
456.198523
4.000000
1125.595351
360.832400
1175.112376
458.032487
2.000000
1204.455799
391.092804
1279.648320
440.609830
7.000000
283.347424
273.719114
305.354987
293.892717
