6.000000
295.544323
207.899852
320.021983
256.837318
6.000000
432.231729
248.399823
445.827928
275.399805
6.000000
577.356628
199.462358
591.103840
233.212335
6.000000
784.918987
177.524873
801.793975
207.899852
6.000000
771.418997
179.212372
784.918987
204.524855
6.000000
963.793864
142.087398
982.356351
175.837375
7.000000
288.794328
196.087360
320.856806
207.899852
7.000000
290.481826
138.712400
317.481808
177.524873
7.000000
1054.918801
111.712418
1081.918782
145.462395
7.000000
1048.168806
182.587368
1073.481289
218.024845
7.000000
854.106439
179.212372
894.606412
206.212353
7.000000
700.544045
253.462320
715.731533
270.337308
7.000000
503.106680
275.399805
514.919173
290.587294
2.000000
597.606615
288.899796
624.606597
310.837280
4.000000
982.356351
266.962311
1002.606337
302.399787
4.000000
958.731367
277.087303
995.856342
344.587258
4.000000
921.606394
285.524799
951.981373
337.837264
7.000000
930.043887
238.274831
962.106364
270.337308
4.000000
1139.293743
266.962311
1178.106216
331.087266
2.000000
1161.231228
282.149800
1245.606170
322.649773
2.000000
536.856658
293.962293
607.731608
351.337253
2.000000
658.356574
290.587295
733.384372
342.471738
2.000000
813.606467
272.024808
896.293910
354.712250
2.000000
982.356351
261.899815
1151.106236
358.087249
2.000000
1247.293669
270.337310
1279.356146
449.212187
7.000000
800.106475
251.774822
818.668963
265.274813
7.000000
813.606467
238.274831
825.418959
251.774821
7.000000
800.106475
221.399843
813.606466
241.649828
7.000000
619.544100
246.712325
651.606578
258.524817
6.000000
592.544120
233.212335
606.044110
251.774822
