6.000000
239.856861
162.337383
261.794346
204.524854
6.000000
616.169103
212.962349
633.044091
246.712325
6.000000
639.794086
233.212335
654.981576
268.649810
6.000000
1220.293688
212.962349
1252.356165
265.274813
6.000000
592.544119
204.524854
609.419107
243.337328
6.000000
1183.168713
212.962349
1210.168694
266.962310
7.000000
0.000000
201.149857
57.606987
243.337328
7.000000
0.000000
145.462395
50.856991
192.712363
7.000000
612.794106
300.712288
631.356593
314.212279
7.000000
617.856601
288.899797
643.169083
300.712289
7.000000
1184.856213
275.399807
1247.293670
312.524780
7.000000
221.294374
216.337347
265.169344
233.212335
2.000000
114.981947
366.524743
179.106904
413.774711
2.000000
179.106903
361.462245
280.356833
427.274701
4.000000
297.231821
363.149745
371.481770
435.712196
4.000000
533.481659
356.399750
560.481642
415.462209
2.000000
908.106402
381.712233
995.856342
437.399694
2.000000
595.919116
310.837280
908.106401
496.462153
2.000000
302.294318
359.774748
567.231636
617.962070
2.000000
0.232026
361.462245
116.669446
455.962181
2.000000
0.232026
361.462245
45.794495
415.462208
2.000000
838.918948
381.712233
1279.356146
719.211998
