7.000000
0.000000
158.048846
41.175883
201.720237
2.000000
215.393523
356.501156
400.061122
522.452443
2.000000
779.378350
386.803753
854.243595
466.660013
2.000000
841.587816
358.105411
1127.323493
530.295469
2.000000
1041.228462
340.993364
1278.301726
680.382463
2.000000
343.733954
304.808497
835.349045
710.328561
4.000000
94.426380
366.839689
138.097772
474.146534
0.000000
0.000000
421.740867
106.903919
556.498303
0.000000
22.056647
403.024555
111.894940
471.651027
7.000000
1253.589886
155.969254
1277.297213
197.145141
