2.000000
1111.296612
390.234110
1279.271398
640.147818
2.000000
0.000000
288.834695
272.446911
505.972835
2.000000
302.149770
316.489081
387.161400
373.846326
2.000000
398.428002
321.610264
486.512343
393.306820
2.000000
496.754707
319.561791
543.869585
361.555488
2.000000
576.645154
318.537554
605.323778
339.022284
2.000000
725.159448
318.537554
931.030986
427.106624
2.000000
679.068805
321.610264
775.347038
400.476475
2.000000
482.415396
320.586027
501.875889
342.094994
2.000000
534.651457
315.464845
553.087715
342.094995
2.000000
565.378553
318.537554
576.645154
336.973811
7.000000
215.089667
233.525924
241.719817
264.253018
6.000000
207.920011
272.446911
219.186613
289.858932
6.000000
50.187589
247.865235
66.575373
277.568094
6.000000
286.786222
250.937945
296.004351
274.495384
6.000000
337.998048
282.689276
349.264649
302.149771
6.000000
412.767313
245.816762
420.961205
270.398438
6.000000
386.137164
305.222480
395.355292
320.586027
6.000000
540.796876
238.647106
550.015005
264.253019
6.000000
635.026635
257.083364
643.220527
276.543858
6.000000
498.803180
288.834695
505.972835
304.198243
6.000000
543.869586
292.931641
552.063478
306.246715
7.000000
632.978162
285.761986
649.365946
294.980114
7.000000
638.099345
276.543857
654.487128
281.665039
7.000000
582.790573
301.125533
592.008702
307.270952
7.000000
588.935992
297.028587
601.226830
306.246716
7.000000
973.024683
100.375178
1010.921435
158.756659
6.000000
197.593353
299.383868
211.564600
316.348954
6.000000
471.030619
305.371545
479.014189
316.348954
