7.000000
466.526940
434.610248
492.955941
455.166137
7.000000
481.209719
466.912357
497.360776
485.999971
2.000000
571.160087
494.075499
615.208423
520.504500
2.000000
550.604196
497.012055
574.096643
519.036221
2.000000
643.105701
479.392720
698.900260
517.567944
2.000000
738.543761
494.075499
762.036206
514.631388
2.000000
763.504487
491.138943
816.362488
552.806612
2.000000
792.870043
486.734110
876.561881
567.489391
2.000000
844.259768
483.797554
971.999941
599.791506
2.000000
928.740791
472.785470
1160.728693
646.042256
2.000000
1093.481586
496.571568
1275.957472
697.273073
