7.000000
875.923339
129.766420
905.869435
164.703533
4.000000
606.408464
306.947495
631.363545
344.380116
2.000000
0.000000
326.911558
336.893591
612.647233
9.000000
300.708724
303.204231
489.119585
444.200438
2.000000
480.385307
333.150329
541.525256
393.042523
2.000000
517.817927
323.168298
554.002794
350.618887
2.000000
556.498303
320.672789
566.480335
345.627869
2.000000
561.489319
316.929527
586.444399
341.884607
2.000000
585.196646
318.177280
595.178677
331.902574
2.000000
583.948892
308.195249
607.656219
329.407067
2.000000
687.512478
313.186264
792.323818
396.785787
2.000000
666.300658
311.938511
701.237772
341.884607
1.000000
663.805151
286.983430
706.228788
328.159313
2.000000
656.318627
309.443002
666.300660
331.902574
2.000000
621.381513
305.699740
646.336594
330.654820
7.000000
894.606411
164.699887
928.356388
210.262355
7.000000
869.293929
174.824880
894.606411
200.137362
