2.000000
746.037126
287.385696
771.144144
308.905998
2.000000
444.752902
309.892350
471.653279
327.825935
2.000000
717.343389
292.317432
749.623845
310.251017
2.000000
690.443013
294.110791
720.930107
313.837733
2.000000
1085.430218
259.140300
1279.112933
336.254714
2.000000
0.000000
293.970860
97.324815
407.989053
7.000000
473.446640
269.003771
494.966938
292.317432
7.000000
477.033355
292.317432
491.380222
301.284225
7.000000
477.033355
303.077582
491.380222
315.631092
7.000000
772.937502
173.955772
796.251163
206.236227
6.000000
177.542489
122.396716
195.476073
161.850601
6.000000
240.310036
224.169811
267.210413
242.103391
6.000000
647.402408
147.503736
665.335993
177.990829
6.000000
790.871088
247.483470
810.598031
263.623694
7.000000
812.391390
249.276828
828.531614
267.210413
7.000000
772.937502
224.169811
796.251163
247.483471
6.000000
240.310036
267.210413
254.656904
281.557281
6.000000
195.476074
124.190074
208.029583
161.760929
6.000000
154.228829
120.603359
173.955772
161.850601
6.000000
663.542636
147.503736
676.096146
179.784188
6.000000
258.285087
267.768016
268.267119
278.997802
7.000000
1.247754
127.686829
41.175883
150.146402
