2.000000
736.874502
443.249703
745.311996
456.749695
2.000000
738.562002
444.937203
763.874485
468.562187
2.000000
758.811986
443.249703
792.561963
473.624683
2.000000
782.436969
434.812209
866.811910
497.249667
2.000000
856.686919
443.249703
878.624404
465.187189
2.000000
677.812043
433.124711
745.311998
495.562169
2.000000
632.249573
448.312201
655.874557
466.874687
2.000000
657.562059
448.312201
676.124546
468.562187
2.000000
560.924630
449.212186
596.362105
469.462174
2.000000
528.862152
447.524688
550.799638
474.524671
2.000000
483.299683
444.149690
530.549648
479.587166
2.000000
402.637233
439.087192
449.887200
494.774654
2.000000
333.449781
440.774692
412.762223
494.774654
2.000000
236.249839
440.774692
347.624764
503.212147
2.000000
114.749923
434.024696
156.937394
486.337160
2.000000
0.000000
432.337198
72.562453
486.337160
6.000000
136.687405
393.609103
160.312390
415.546587
6.000000
428.202831
307.546664
438.327825
336.234144
6.000000
443.390321
305.859163
455.202814
336.234144
6.000000
921.796239
407.109095
940.358727
423.984083
6.000000
751.358857
349.734134
759.796353
375.046616
6.000000
764.858847
349.734134
773.296339
378.421614
6.000000
1225.356183
359.859128
1271.108501
391.499729
