2.000000
0.000000
343.007979
170.639986
406.727976
2.000000
463.103983
349.919972
517.103978
396.359967
2.000000
827.495946
327.239974
934.415937
425.519966
4.000000
1001.181014
326.181068
1023.861011
392.061062
2.000000
515.181053
338.061066
581.061046
402.861061
2.000000
592.919952
321.861068
879.839950
571.679965
6.000000
1252.799899
269.999978
1270.079897
298.079976
6.000000
701.567949
148.679987
724.319964
198.071984
7.000000
1260.359898
330.479974
1274.399897
347.759972
7.000000
1230.119903
346.031981
1239.839900
363.311979
6.000000
294.623980
311.471985
315.143978
349.271981
4.000000
419.687973
349.055977
438.047971
386.855975
4.000000
153.359988
294.407983
161.999987
313.847981
7.000000
606.959952
357.695976
628.559951
377.135975
