2.000000
0.000000
301.956477
27.450589
380.564982
2.000000
471.651028
260.780595
872.180076
549.011779
7.000000
803.553604
262.028349
826.013175
270.762629
7.000000
784.837293
268.267119
831.004192
296.965462
7.000000
903.373927
275.753643
920.842484
291.974446
7.000000
899.630665
291.974446
919.594728
301.956477
7.000000
858.454781
288.231184
867.189061
306.947496
2.000000
814.783390
296.965462
835.995209
330.654820
2.000000
832.251946
296.965462
855.959273
326.911559
2.000000
859.702535
306.947496
889.648634
329.407067
2.000000
925.833500
304.451986
953.284090
341.884609
2.000000
950.788581
303.204232
1008.185265
346.875624
2.000000
993.212218
301.956477
1099.271312
356.857655
2.000000
1091.784787
305.699740
1237.772012
379.317229
2.000000
872.180076
304.451986
954.531843
353.114394
