6.000000
333.150329
86.095029
356.857656
134.757437
6.000000
360.600918
88.590537
375.573967
134.757437
6.000000
738.670393
4.991016
763.625474
62.387702
6.000000
741.165901
62.387702
769.864244
93.581553
6.000000
776.103015
2.495508
801.058094
68.626472
6.000000
791.076063
12.477540
808.544620
72.369734
6.000000
862.198044
187.163106
897.135157
203.383909
7.000000
818.526652
149.730485
879.666600
187.163106
7.000000
874.675584
172.190058
897.135157
180.924336
7.000000
228.338990
107.306848
252.046317
131.014173
7.000000
661.309643
212.118187
671.291675
224.595728
7.000000
686.264723
219.604712
697.494510
232.082252
6.000000
636.354562
200.888401
643.841086
213.365941
6.000000
527.799960
202.136155
535.286484
212.118187
2.000000
581.453384
229.586744
611.399481
252.046317
2.000000
546.516271
227.091236
565.232580
244.559792
2.000000
537.781992
234.577760
566.480335
254.541825
2.000000
457.925734
233.330006
479.137551
252.046317
2.000000
456.677980
237.073268
471.651028
262.028349
2.000000
411.758834
235.825514
456.677980
262.028349
2.000000
395.538032
250.798563
429.227391
272.010380
2.000000
340.636854
262.028349
385.555999
298.213216
2.000000
371.830705
269.514873
411.758834
311.938511
9.000000
481.633060
205.879417
536.534238
264.523857
9.000000
390.547015
264.523857
481.633060
338.141346
9.000000
611.399481
243.312038
641.345578
272.010381
2.000000
641.345578
227.091236
661.309643
250.798563
2.000000
648.832102
237.073268
676.282691
255.789579
2.000000
665.052905
245.807546
693.751248
272.010381
4.000000
691.255740
234.577760
701.237772
257.037333
2.000000
524.056698
262.028349
631.363546
361.848672
9.000000
0.000000
82.351767
336.893592
386.803753
2.000000
1235.276502
279.496906
1277.700140
306.947495
2.000000
1152.924735
267.019365
1231.533240
306.947496
2.000000
897.135157
277.001397
1004.442003
321.920543
2.000000
711.219804
296.965462
1013.176283
491.615093
4.000000
804.801358
264.523857
821.022160
293.222200
7.000000
843.481733
113.545618
862.198044
149.730485
