7.000000
606.257931
269.702098
625.063252
286.156754
7.000000
1133.341172
247.370782
1161.549155
272.052765
2.000000
782.462984
356.125775
797.742308
369.054434
2.000000
760.131664
353.775110
781.287654
373.755762
2.000000
737.800346
358.476440
766.008328
392.561085
2.000000
704.891033
350.249113
740.151012
406.665076
2.000000
590.604627
327.917793
703.715701
419.593735
2.000000
492.155834
331.443790
679.033716
460.730374
2.000000
104.016935
313.813801
529.487332
602.945621
2.000000
1.762999
372.580431
108.718265
609.997614
2.000000
803.713806
347.808292
822.519129
359.561618
2.000000
835.352950
351.894578
855.333602
370.699901
2.000000
847.106276
348.368581
881.190921
380.102561
2.000000
876.489591
342.491919
918.801563
395.381886
2.000000
899.996242
344.842584
972.866862
402.433881
2.000000
918.801563
356.595910
989.321518
413.011873
2.000000
963.131631
358.279437
1067.817207
434.676056
2.000000
1066.641873
324.437705
1278.201736
527.770243
