6.000000
609.139562
304.163403
630.078345
333.918518
6.000000
902.571851
296.965694
936.735132
331.557004
6.000000
468.734897
359.632814
479.755311
377.265476
6.000000
444.489989
387.183849
453.306319
400.408345
7.000000
581.405509
283.854358
605.650417
327.936010
7.000000
594.630003
392.169277
605.650417
415.312144
2.000000
435.017035
416.571616
458.159904
437.510401
4.000000
1171.621450
363.673633
1202.478607
416.571616
7.000000
926.968278
372.489963
945.702981
387.918543
7.000000
1084.560187
268.898079
1099.988767
315.183815
4.000000
540.157689
405.866079
553.382185
444.437526
2.000000
447.228413
388.435123
536.493759
465.578014
1.000000
0.000000
56.835482
455.755292
556.518027
2.000000
1096.645472
383.069567
1279.610302
480.049204
