2.000000
495.424060
440.900486
511.579192
453.016836
2.000000
511.579190
442.246747
533.119367
454.363097
2.000000
529.080584
438.207964
543.889457
457.055619
2.000000
375.606826
432.822922
415.994657
448.978054
2.000000
359.451696
435.515442
382.338133
454.363097
2.000000
337.911517
434.169183
363.490477
455.709359
2.000000
305.601254
434.169183
344.642823
455.709359
2.000000
220.786809
427.437878
262.520901
448.978054
2.000000
571.487806
442.246747
588.989200
458.401880
2.000000
583.604156
443.593008
602.451810
461.094402
2.000000
603.798073
447.631791
622.645727
461.094403
2.000000
621.299465
444.939269
632.069553
463.786924
2.000000
633.415814
444.939269
650.917207
459.748141
2.000000
648.224685
451.670575
660.341035
463.786925
2.000000
658.994773
442.246747
673.803645
466.479446
2.000000
665.726079
443.593008
681.881211
466.479446
2.000000
716.883998
454.363097
742.462957
481.288317
2.000000
737.077913
442.246747
789.582094
490.712145
2.000000
774.773222
438.207964
828.623664
496.097189
2.000000
0.000000
419.360311
100.969577
470.518231
2.000000
983.443682
454.363097
1278.274847
645.532165
2.000000
790.928355
438.207964
917.476890
525.714931
2.000000
673.803645
446.285530
700.728865
469.171968
2.000000
536.485020
439.554225
575.526590
470.518229
7.000000
200.212484
385.893416
216.358652
403.654201
7.000000
432.717303
408.498051
456.936555
421.414986
7.000000
1102.137440
389.122650
1127.971308
413.341902
