2.000000
535.286484
224.595729
596.426431
249.550809
2.000000
596.426431
218.356957
681.273707
252.046318
2.000000
510.331403
219.604712
532.790976
237.073269
2.000000
421.740867
215.861450
531.543223
267.019366
2.000000
263.276103
229.586744
368.087443
281.992414
2.000000
228.338990
225.843482
290.726692
262.028349
2.000000
101.068077
227.091236
173.437812
262.028349
2.000000
69.874226
230.834497
131.014174
267.019364
2.000000
23.707327
220.852466
93.581553
272.010380
2.000000
338.141346
228.338990
514.074666
293.222200
2.000000
788.580554
223.347974
850.968257
272.010380
2.000000
752.395689
223.347974
796.067080
259.532841
2.000000
1030.644840
212.118187
1096.775806
235.825514
2.000000
1098.023559
213.365941
1175.384308
255.789579
2.000000
848.472749
227.091236
1212.816931
339.389100
