2.000000
522.970714
350.887806
533.053696
371.053771
2.000000
514.904327
351.896106
524.987309
373.070369
2.000000
491.713466
352.904403
516.920921
377.103562
2.000000
472.555798
352.904403
492.721762
380.128458
2.000000
397.941726
362.987387
424.157483
384.161649
2.000000
325.344246
358.954194
409.033006
409.369107
2.000000
624.136644
346.047988
635.227925
368.230551
2.000000
631.194732
348.064585
645.310911
379.321833
2.000000
638.252821
349.072883
687.659438
386.379921
2.000000
648.335801
346.047988
708.833698
398.479497
2.000000
598.353019
344.405904
613.477492
365.580168
2.000000
571.032934
348.871210
581.115916
362.987389
2.000000
582.124212
347.862910
605.315073
367.020576
2.000000
534.291753
345.609995
584.706665
388.966822
2.000000
406.237870
353.676383
488.918329
410.141085
4.000000
89.877187
359.155852
114.076346
435.786522
4.000000
116.092942
381.338413
139.283803
430.745029
7.000000
708.165713
212.952601
754.547435
232.110267
6.000000
743.207509
241.455933
756.315388
255.572110
6.000000
737.087040
297.447997
765.319392
319.630560
4.000000
1189.812974
289.381609
1273.501731
497.091059
3.000000
778.854400
346.301444
810.111647
379.575291
3.000000
751.630344
345.293148
769.779714
373.525502
