2.000000
0.958579
242.041390
106.729485
266.823711
2.000000
286.231925
279.330152
294.859144
286.998790
2.000000
305.403519
282.205893
313.072157
289.874530
2.000000
278.946713
278.371573
288.532510
286.040212
2.000000
416.790486
304.253227
427.334864
318.631924
2.000000
470.662666
313.839025
479.289885
324.383403
2.000000
475.455565
309.046126
495.585741
325.341982
2.000000
490.792842
311.921864
509.005859
326.300562
2.000000
398.769184
303.294648
405.479242
311.921866
2.000000
401.453225
303.294648
419.666242
316.714765
2.000000
423.500559
302.336068
460.885171
331.093461
2.000000
539.488710
306.170388
631.512368
369.436651
2.000000
498.078054
313.839025
522.042549
330.134881
9.000000
429.060310
292.558542
457.817702
309.812978
9.000000
616.175063
274.345527
769.547825
357.741968
9.000000
985.420001
230.442584
1278.362013
432.127761
7.000000
383.431908
268.402336
397.810605
290.449670
7.000000
422.733678
277.508842
443.822433
289.970379
7.000000
395.893444
272.715943
423.692259
289.970379
7.000000
363.301732
273.674525
373.846109
289.011801
