2.000000
512.109619
312.433416
556.041814
337.694426
2.000000
547.255376
314.630026
586.794350
344.284258
2.000000
580.204521
302.548672
651.594338
354.169004
2.000000
612.055364
303.646977
666.970607
356.365610
2.000000
650.496035
291.565622
716.394326
354.169001
2.000000
665.872303
287.172403
742.753647
357.463915
2.000000
699.919752
294.860537
797.668887
364.053743
2.000000
720.787546
294.860537
929.465473
386.019842
2.000000
851.485826
286.074098
1135.676248
423.362208
2.000000
390.197778
317.924939
414.360486
337.694425
2.000000
212.272387
311.335110
300.136778
349.775779
2.000000
177.126633
302.548672
237.533405
353.070699
2.000000
120.014778
299.253757
206.780863
355.267302
2.000000
0.299548
288.270707
140.882570
373.938488
