6.000000
701.624607
7.345092
735.901707
50.191463
6.000000
938.626242
12.241820
977.800065
53.864007
7.000000
905.573329
0.000000
939.850425
8.569274
7.000000
657.064382
237.491309
685.220569
254.629856
7.000000
844.364228
246.060582
868.847866
263.199130
7.000000
1032.888257
264.423311
1051.250990
301.148771
2.000000
358.853647
225.249489
374.768013
238.715489
2.000000
418.838565
231.370398
429.856205
238.715490
2.000000
412.717656
242.388036
433.528750
257.078222
2.000000
464.133300
233.818763
477.599302
242.388035
2.000000
323.352371
252.181492
362.526195
282.786041
2.000000
745.205485
239.939672
756.223124
252.181493
2.000000
801.517857
255.854038
824.777316
269.320039
2.000000
1254.465198
281.561861
1271.603745
291.355316
2.000000
1222.636466
315.838956
1249.568470
340.322594
2.000000
1261.810290
298.700408
1278.948839
320.735685
2.000000
1228.757376
320.735683
1277.724656
352.564415
2.000000
448.218934
233.818763
467.805846
250.957310
2.000000
484.944394
244.836399
506.979672
266.871676
2.000000
396.803290
255.854038
440.873842
293.803680
2.000000
269.488362
254.629856
325.800734
295.027862
2.000000
731.004976
236.267126
744.470976
252.181492
2.000000
754.264435
243.612218
765.282073
257.078219
2.000000
809.352623
277.889314
884.960319
336.755999
1.000000
372.319650
221.576943
404.148382
261.974947
