2.000000
711.306739
348.152300
730.431737
372.902297
2.000000
695.556742
348.152300
713.556739
376.277297
2.000000
673.056743
342.527301
691.056740
374.027297
2.000000
656.181747
353.777300
686.556743
378.527296
2.000000
615.681752
349.277300
660.681745
385.277296
2.000000
499.806765
345.902301
594.306753
413.402291
1.000000
734.931735
333.527302
785.556729
375.152297
2.000000
796.806728
353.777300
814.806725
371.777297
2.000000
813.681725
360.527300
832.806723
374.027297
2.000000
833.931723
349.277300
863.181720
383.027297
2.000000
854.181720
359.402300
883.431717
388.652296
2.000000
882.306715
335.777303
932.931709
392.027295
2.000000
907.056715
352.652300
1018.431700
419.027292
