6.000000
604.508477
254.900304
613.721742
270.255744
6.000000
567.655421
251.829217
573.797598
267.184656
6.000000
303.541853
288.682273
317.361749
307.108801
7.000000
395.674492
267.184656
407.958844
277.933464
7.000000
698.176661
285.611185
710.461013
291.753362
7.000000
699.712206
291.753360
708.925470
304.037712
2.000000
635.219356
311.715434
653.645887
328.606418
2.000000
515.446926
305.573257
543.086717
322.464241
2.000000
469.380605
308.644344
503.162574
322.464241
2.000000
429.456460
305.573257
472.451695
325.535329
2.000000
401.816668
310.179889
435.598637
333.213048
2.000000
360.356982
308.644344
411.029935
340.890768
2.000000
288.186411
300.966625
355.750350
353.175120
2.000000
177.627243
299.431082
294.328588
362.388386
2.000000
45.570461
304.037712
180.698333
377.743824
2.000000
0.000000
313.250977
63.996990
400.776985
2.000000
662.859151
308.644344
711.996559
345.497400
2.000000
722.745365
302.502169
791.844846
362.388385
2.000000
767.276141
313.250977
859.408781
368.530561
2.000000
849.043942
304.037712
1043.674061
417.149712
9.000000
536.856657
211.274853
641.481585
374.962241
