6.000000
429.227391
305.699740
436.713915
316.929527
2.000000
354.362148
326.911559
431.722898
386.803753
2.000000
212.118187
336.893592
268.267119
361.848672
2.000000
321.920543
339.389100
351.866639
354.362149
2.000000
554.002795
338.141346
603.912957
378.069475
2.000000
545.268517
340.636854
562.737073
368.087443
2.000000
531.543222
341.884608
547.764025
363.096427
2.000000
521.561190
338.141346
541.525255
356.857656
2.000000
510.331403
338.141346
524.056698
353.114395
2.000000
427.979637
339.389100
444.200438
351.866640
2.000000
444.200439
339.389100
460.421242
349.371132
2.000000
487.871831
340.636854
501.597125
348.123378
