6.000000
619.069705
287.075863
637.032736
302.045056
6.000000
684.934156
290.069701
698.905403
305.038896
6.000000
670.962907
319.010141
681.940317
329.987551
7.000000
719.857818
314.210502
733.829067
328.181749
7.000000
736.822906
319.200233
751.792100
328.181749
2.000000
657.896049
342.794529
676.857027
355.767829
2.000000
642.926856
340.798636
657.896049
353.771937
2.000000
636.939179
345.788367
651.908374
359.759614
2.000000
616.980255
348.782206
639.933018
363.751401
2.000000
610.992578
349.780152
624.963825
369.739078
2.000000
593.029544
344.790421
615.982307
378.720594
2.000000
555.107588
339.800690
602.011060
392.691841
2.000000
493.234924
349.780152
557.103481
410.654872
2.000000
429.366365
326.827389
511.197955
445.582990
2.000000
104.584751
283.017548
465.841285
502.565718
2.000000
650.461338
350.877891
679.401778
366.845031
2.000000
679.939970
339.871974
691.915325
356.837059
2.000000
685.927647
342.865812
697.903002
361.826792
2.000000
693.911219
341.867866
712.872197
365.818577
2.000000
709.878356
343.863759
723.849605
370.808308
2.000000
715.866035
337.876081
732.831121
370.808308
2.000000
724.847551
335.880189
752.790045
374.800091
2.000000
739.816744
339.871974
775.742808
381.785715
2.000000
770.753077
309.933588
879.529215
398.750802
2.000000
800.691464
331.888404
888.510732
415.715887
2.000000
851.586721
307.937694
1011.258117
448.648112
2.000000
958.826739
311.957989
1278.169530
514.541073
