2.000000
675.713175
144.754858
732.151892
190.219380
2.000000
603.597039
161.477441
623.977685
175.587119
2.000000
581.648649
156.774214
606.732523
184.993572
2.000000
542.455095
153.638730
572.242194
175.587118
2.000000
503.261542
155.206472
534.616384
175.587118
2.000000
467.203472
163.045182
500.126056
183.425831
2.000000
426.442175
161.477441
465.635729
188.129058
2.000000
393.519591
164.612924
421.738949
188.129058
2.000000
288.480867
160.960272
359.029262
203.806478
2.000000
156.790528
164.612924
268.100220
219.483899
2.000000
644.358333
150.503245
675.713175
172.451636
2.000000
729.016410
156.774214
766.642222
191.264541
2.000000
761.938994
163.045182
801.132548
197.535510
2.000000
843.461585
175.587119
851.300296
206.941962
2.000000
851.300296
152.225993
907.739012
222.619384
2.000000
888.926108
152.225993
1015.913221
232.025836
2.000000
995.532571
144.739469
1221.551208
279.058100
6.000000
600.461553
119.148402
609.868006
136.393565
6.000000
569.106712
119.148402
576.945422
136.393565
6.000000
581.648649
141.096792
587.919617
159.909698
6.000000
597.326068
144.232277
603.597037
163.045182
2.000000
269.514873
170.942304
314.434019
205.879417
2.000000
1164.154522
175.933320
1278.947894
277.001397
