2.000000
0.000000
351.313122
113.690252
526.457564
2.000000
888.013052
278.592330
1279.271398
517.239437
2.000000
607.372250
340.046521
664.729494
387.161399
1.000000
477.294213
294.980113
593.032937
402.524947
2.000000
105.496360
352.337359
292.931641
480.366923
2.000000
274.495383
355.410069
390.234109
439.397463
2.000000
376.919034
359.507014
429.155096
421.985442
2.000000
415.840022
362.579725
476.269976
413.791550
2.000000
774.322801
302.149769
980.194340
448.615590
2.000000
746.668415
320.586028
809.146841
417.888495
2.000000
697.505062
324.682973
769.201617
390.234109
2.000000
680.093042
336.973810
713.892845
386.137164
2.000000
663.705258
340.046521
694.432354
374.870561
1.000000
588.935992
327.755683
615.566143
376.919035
7.000000
259.131836
311.367899
287.810459
344.143467
