6.000000
499.592071
192.489885
507.306360
205.714378
6.000000
635.143154
192.489885
639.551319
209.020502
6.000000
411.428766
191.387843
419.143057
202.408257
7.000000
627.428863
161.632727
645.061524
181.469471
7.000000
347.510370
134.081694
365.143031
162.734768
2.000000
480.049202
212.693974
514.212481
249.061337
1.000000
583.200260
178.971511
627.281913
219.747040
1.000000
542.424730
185.583758
583.200258
218.644998
9.000000
543.526771
201.012337
582.098218
220.849079
9.000000
391.445070
198.808254
464.179796
246.196031
2.000000
587.112508
215.173566
625.683955
244.928681
2.000000
541.928815
214.071525
590.418630
254.847053
2.000000
411.612430
210.214379
498.673692
267.520527
4.000000
87.061264
178.751096
110.204131
253.689908
4.000000
796.114637
201.893966
829.175877
285.649104
