7.000000
280.799902
122.849958
325.349885
175.499939
7.000000
302.399894
175.499940
332.099883
203.849930
7.000000
276.749902
175.499940
302.399894
207.899928
6.000000
357.749875
4.049999
387.449864
39.149987
6.000000
390.149862
5.399999
407.699857
37.799988
6.000000
657.449770
64.799979
683.099762
109.349962
7.000000
760.049733
64.799979
845.099705
95.849967
7.000000
927.449675
20.249993
955.799665
62.099979
7.000000
1012.499645
0.000000
1048.949632
44.549984
7.000000
896.399687
59.399978
917.999679
101.249964
4.000000
1054.079656
197.099931
1072.979650
269.999906
4.000000
1035.449638
199.799929
1051.649632
256.499909
4.000000
1008.449648
203.849929
1032.749640
263.249907
4.000000
971.999661
205.199930
993.599653
252.449914
7.000000
723.599747
178.199939
742.499739
199.799931
7.000000
480.599833
220.049922
496.799827
237.599917
6.000000
523.799817
221.399923
541.349812
232.199919
2.000000
436.049847
245.699914
458.999839
271.349906
2.000000
417.149853
255.149910
434.699848
278.099902
2.000000
379.349867
251.099913
418.499854
283.499902
2.000000
205.199930
264.599906
253.799913
307.799891
2.000000
319.949889
247.049913
377.999868
315.899888
2.000000
113.399960
298.349896
163.349942
322.649887
2.000000
163.349942
276.749902
217.349922
313.199891
2.000000
55.349983
301.049895
109.349962
338.849881
2.000000
0.000000
309.939901
51.299983
355.049875
7.000000
633.149778
211.949925
653.399771
218.699923
6.000000
612.899785
210.599926
626.399780
218.699923
2.000000
654.749770
242.999916
672.299765
261.899908
2.000000
676.349763
242.999916
689.849758
263.249909
2.000000
692.549758
240.299915
707.399753
267.299906
2.000000
707.399753
240.299915
724.949748
268.649905
2.000000
724.949748
236.249916
741.149743
271.349904
2.000000
739.799740
230.849919
766.799731
276.749904
2.000000
765.449732
218.699923
845.099705
280.799902
2.000000
539.999811
214.649926
658.799770
323.999888
2.000000
1088.433289
223.382734
1277.433221
487.982640
