6.000000
487.871831
298.213216
499.101618
319.425036
6.000000
422.988620
306.947495
437.961669
321.920543
6.000000
124.775404
91.086045
148.482732
145.987223
6.000000
527.799960
144.739469
546.516272
183.419844
6.000000
482.880815
326.911559
491.615093
339.389100
6.000000
442.952685
329.407067
452.934719
341.884608
6.000000
551.507287
144.739469
566.480335
180.924336
6.000000
152.225993
101.068077
182.172090
152.225993
6.000000
517.817928
152.225993
531.543221
187.163106
7.000000
112.297864
296.965462
147.234977
309.443003
7.000000
94.829307
254.541825
127.270912
265.771612
7.000000
641.345578
267.019365
670.043921
280.744660
7.000000
834.747455
155.969255
905.869435
188.410860
7.000000
776.103015
68.626472
860.950288
93.581553
6.000000
882.162108
193.401877
917.099221
232.082251
2.000000
471.651028
341.884608
510.331403
374.326213
2.000000
351.866640
354.362147
381.812738
379.317229
2.000000
336.893592
355.609902
350.618886
385.556000
2.000000
310.690757
349.371132
340.636855
394.290278
2.000000
76.112997
336.893592
315.681773
454.182472
2.000000
491.615093
291.974446
742.413655
487.871831
