6.000000
589.338935
126.615790
607.244198
149.636845
6.000000
683.981040
136.847368
695.491566
152.194737
6.000000
602.128409
161.147368
613.638935
177.773685
7.000000
686.538935
161.147368
707.002092
180.331579
7.000000
687.817883
184.168422
705.723146
202.073685
7.000000
657.123146
171.378948
685.259988
196.957896
2.000000
538.181040
217.421055
579.107357
255.789475
2.000000
582.944198
212.305264
604.686303
245.557896
2.000000
590.617882
204.631663
702.485526
253.231579
1.000000
472.954724
152.194738
540.738935
278.810530
1.000000
0.000000
0.000000
480.628409
459.142108
2.000000
531.786303
227.652633
852.802095
488.557897
