2.000000
373.168096
437.223723
404.902078
466.607037
2.000000
316.752133
431.347059
377.869428
479.535699
2.000000
37.022978
419.593735
199.218875
521.847670
2.000000
52.302300
412.541738
328.505458
541.828325
2.000000
524.786001
418.418402
582.377300
463.081040
2.000000
501.279350
421.944400
534.188662
472.483701
2.000000
393.148750
407.840410
513.032674
491.289024
2.000000
758.481292
425.470398
771.409950
441.925056
2.000000
773.155159
424.525456
790.785147
449.207442
2.000000
788.434483
425.700789
807.239804
453.908772
2.000000
803.713808
425.700789
826.045126
458.610101
2.000000
820.168461
423.350125
851.902443
459.785435
2.000000
829.571123
423.350125
874.233763
469.188096
2.000000
862.480435
419.824126
933.000391
489.168748
2.000000
898.915745
405.720135
1061.111645
503.272739
2.000000
718.995024
406.665077
728.397683
416.067737
2.000000
718.995024
425.470398
728.397683
437.223724
2.000000
696.663704
426.645731
711.943028
436.048391
2.000000
679.033716
412.541738
689.611709
420.769066
2.000000
653.176399
424.295065
667.280390
443.100386
2.000000
657.877729
425.470398
695.488372
448.977050
6.000000
615.565755
372.580431
624.968416
389.035087
7.000000
858.859602
372.110305
876.489592
394.441624
7.000000
570.036307
393.148750
581.789633
399.025413
6.000000
906.769093
2.350664
946.730399
50.539300
6.000000
869.158451
0.000000
905.593761
50.539301
6.000000
1239.388215
305.586473
1268.771530
340.846450
6.000000
1213.530898
345.547781
1232.336219
366.703768
