2.000000
610.174327
324.069900
641.008162
349.030623
2.000000
577.872213
327.006467
616.047439
350.498912
2.000000
557.316323
334.347855
577.872213
350.498912
2.000000
529.419043
335.816133
554.379767
353.435468
2.000000
486.838985
327.006467
525.014209
351.967190
2.000000
442.790649
327.006467
472.156207
353.435468
2.000000
466.283096
340.220967
483.902431
353.435468
2.000000
404.615425
325.538189
445.727205
356.372024
7.000000
653.873065
284.845904
665.619287
292.187294
7.000000
648.711867
291.407271
660.458090
301.685216
7.000000
592.917308
260.573436
623.751144
270.851380
7.000000
890.977714
165.135375
933.557772
198.905766
7.000000
901.255659
200.374044
933.557772
229.739602
2.000000
647.510535
316.413878
695.963703
367.803603
2.000000
668.066426
319.350434
716.519594
370.740159
2.000000
690.090593
309.072490
770.845875
383.954661
2.000000
734.977945
299.109187
877.400897
404.825193
2.000000
826.640446
291.767797
1076.247680
445.936973
4.000000
1213.586696
269.575818
1278.190921
353.267655
5.000000
989.233857
258.416902
1191.856201
585.842864
3.000000
989.233857
355.323241
1237.372815
660.725035
6.000000
569.012717
256.948624
583.695496
278.972792
6.000000
387.239936
243.734124
397.650120
270.084688
7.000000
328.508821
246.670680
375.493713
261.353458
2.000000
157.167926
323.491264
266.378925
370.358273
6.000000
399.176022
244.144350
409.857337
270.084688
