2.000000
7.143305
526.563925
154.681665
605.503873
2.000000
132.661450
528.094635
181.644140
574.015907
2.000000
353.083559
518.910380
374.513486
540.340308
2.000000
366.859940
514.318253
385.228448
534.217470
2.000000
385.228449
520.441089
405.127667
535.748180
2.000000
406.658377
520.441089
435.741850
534.217471
2.000000
443.395395
515.848962
472.478868
532.686762
2.000000
472.478867
517.379671
489.316667
529.625344
2.000000
484.724540
517.379671
504.623758
529.625344
2.000000
506.154467
512.787544
527.584394
529.625345
2.000000
529.115103
511.256835
545.952903
529.625344
2.000000
545.952903
508.195416
570.444249
526.563924
2.000000
597.997012
503.603289
616.365521
525.033217
2.000000
616.365521
494.419035
628.611194
525.033216
2.000000
624.019067
497.480453
643.918284
520.441089
2.000000
633.203321
492.888326
668.409630
523.502506
2.000000
656.163958
488.296198
709.738775
528.094636
2.000000
695.962394
471.458398
792.397067
541.871015
2.000000
282.670941
500.541871
356.144978
558.600400
4.000000
792.397066
459.212726
826.072665
528.094635
4.000000
282.670941
509.726126
294.916614
534.217470
7.000000
820.738389
368.661716
840.637608
385.499516
7.000000
814.615553
388.560934
846.760444
397.745188
2.000000
0.000000
554.125654
11.777204
622.714374
