7.000000
472.575361
283.741199
499.024352
309.088150
7.000000
806.033025
303.281765
824.767727
308.791972
7.000000
785.094240
296.669519
793.910571
305.485849
6.000000
526.555341
289.175650
535.371672
307.910352
6.000000
669.820713
293.583815
676.432961
303.502187
6.000000
800.963629
282.563403
809.779960
302.400146
2.000000
570.857398
301.077684
580.775770
307.689932
2.000000
584.081895
305.485847
597.306390
312.098096
2.000000
581.877812
312.098096
596.204349
322.016468
2.000000
584.081895
316.506261
607.224762
331.934839
2.000000
617.930317
300.070105
632.256854
311.090518
2.000000
642.175225
308.886436
663.114011
323.212973
2.000000
673.032383
308.886436
695.073208
325.417057
2.000000
624.542564
317.702766
649.889514
337.539510
2.000000
580.460912
325.417057
605.807863
346.355840
2.000000
690.665043
313.294601
706.093622
328.723180
2.000000
697.277292
316.600725
720.420159
336.437469
2.000000
716.011994
318.804808
745.767109
345.253799
2.000000
738.052819
326.519097
786.542637
356.274212
2.000000
494.265528
317.387898
519.612479
337.224642
2.000000
230.877655
328.408312
300.306256
385.714459
2.000000
0.551022
320.694022
217.653159
430.898152
6.000000
150.428640
297.551154
163.653135
320.694023
2.000000
917.982767
323.491264
1000.381485
364.690623
