6.000000
597.326069
219.483899
606.732521
235.161322
6.000000
506.397025
225.754867
512.667993
241.432288
2.000000
592.544119
272.787132
613.003490
302.574234
2.000000
471.906697
228.890351
576.945421
285.329069
2.000000
391.951847
268.083906
448.390565
327.658106
1.000000
611.106606
235.574840
685.119627
325.012278
2.000000
628.680913
264.948422
677.280918
322.954881
2.000000
663.171241
241.432288
794.861580
369.987145
2.000000
732.151892
274.354874
932.822885
415.451668
4.000000
835.622873
246.135516
851.300295
275.922616
4.000000
863.842232
247.703258
885.790622
274.354874
2.000000
860.706748
216.348415
1279.356147
556.548459
2.000000
363.732491
272.787132
630.248655
476.593610
9.000000
0.000000
1.567742
213.229247
437.400055
