2.000000
0.000000
334.398083
42.423636
427.979635
2.000000
37.432621
345.627870
127.270913
403.024556
2.000000
860.950290
336.893592
925.833499
390.547015
2.000000
808.544621
331.902575
870.932322
374.326212
2.000000
777.350768
333.150329
814.783390
368.087443
2.000000
761.129965
339.389101
787.332800
359.353163
2.000000
744.909164
336.893592
769.864244
365.591935
2.000000
361.848671
341.884607
411.758833
375.573965
2.000000
267.019365
350.618886
360.600919
385.555999
2.000000
193.401877
340.636855
269.514873
384.308246
2.000000
651.327610
329.407066
690.007985
366.839689
2.000000
694.999001
335.645837
723.697344
358.105411
2.000000
903.373927
308.195248
1056.847674
414.254342
6.000000
556.498303
295.717707
563.984828
316.929527
6.000000
692.503493
289.478939
701.237772
311.938511
7.000000
753.643442
291.974447
762.377721
306.947494
2.000000
546.516271
339.389101
582.701138
364.344181
2.000000
588.939908
345.627870
611.399482
364.344179
2.000000
621.381513
346.875624
638.850069
361.848671
7.000000
726.192852
299.460970
748.652426
309.443002
6.000000
758.634459
321.920543
771.111998
331.902576
6.000000
547.764025
299.460970
552.755041
316.929526
7.000000
711.219805
296.965462
721.201837
309.443001
7.000000
460.489290
312.433415
472.570644
322.318159
