2.000000
0.000000
268.501220
100.245291
337.694426
2.000000
100.245291
265.206306
200.191035
325.613073
2.000000
191.404596
276.189354
243.024924
310.236807
2.000000
240.828315
270.697830
280.367291
311.335110
2.000000
281.465595
267.402915
327.594399
301.450368
2.000000
327.594399
270.697830
352.855412
293.762232
2.000000
349.560497
266.304611
374.821510
292.663928
2.000000
512.109620
268.501220
530.780802
278.385963
2.000000
527.485887
266.304611
549.451985
281.680881
2.000000
545.058765
269.599526
573.614693
290.467319
2.000000
610.957058
259.714780
687.838401
314.630024
2.000000
571.418083
256.419867
632.923156
298.155452
2.000000
665.872302
263.009696
763.621436
326.711378
2.000000
720.787547
260.813086
860.272265
346.480867
2.000000
474.767253
260.813086
508.814705
281.680880
2.000000
377.018119
256.419867
435.228277
294.860535
2.000000
436.326583
258.616476
458.292681
281.680880
2.000000
458.292679
260.813086
475.865557
273.992745
