7.000000
71.621071
259.882173
117.663192
323.317980
7.000000
65.482122
321.271662
106.408450
371.406411
2.000000
1.023157
392.892733
219.979004
600.593840
4.000000
286.484285
417.448529
308.993765
467.583278
2.000000
150.404250
427.680111
311.040081
528.972769
9.000000
305.924290
347.873685
457.351697
496.231709
2.000000
450.189592
419.494846
478.838021
461.444332
2.000000
1076.362387
398.008525
1273.831912
494.185392
2.000000
944.374985
400.054841
1079.431865
465.536966
2.000000
480.884336
422.564321
519.764345
451.212749
2.000000
730.534928
405.170633
812.387575
458.374858
2.000000
687.562285
402.101158
757.137040
460.421173
2.000000
835.920217
398.008525
910.610763
458.374857
2.000000
902.425499
411.309581
977.116045
463.490645
2.000000
805.504526
397.464972
860.755066
448.622879
2.000000
519.764347
418.471689
544.320143
438.934850
2.000000
543.296984
416.425371
559.667516
434.842218
7.000000
881.962336
352.989566
897.309711
360.151671
7.000000
476.791702
367.313780
507.486448
377.545362
6.000000
697.793866
354.012724
712.118084
370.383256
6.000000
515.671713
350.943251
534.088559
371.406414
6.000000
640.497009
385.730627
652.774906
396.985366
6.000000
620.033846
399.031683
631.288586
406.193790
