6.000000
499.645176
270.399432
516.837009
296.848405
6.000000
516.837009
270.399432
531.383946
296.848405
7.000000
502.183366
341.191764
512.762955
354.416251
7.000000
424.158895
333.257072
441.350728
343.836662
6.000000
593.432328
329.289726
605.334366
341.191764
6.000000
406.967061
346.481559
425.481342
359.706046
2.000000
610.971300
355.738700
625.518236
370.285637
2.000000
597.746812
358.383597
609.648850
372.930534
2.000000
575.265184
362.350944
596.424363
372.930533
2.000000
564.685594
363.673392
580.554979
375.575431
2.000000
548.816210
366.318290
566.008044
376.897879
2.000000
518.399890
364.995841
548.816210
383.510123
2.000000
321.355034
366.318290
392.767263
431.118277
4.000000
393.742574
364.995841
417.546650
423.183584
2.000000
475.734393
363.673392
518.052750
394.089713
1.000000
11.661606
271.601655
334.339088
496.417934
1.000000
621.310456
189.609835
893.734889
496.417935
2.000000
0.000000
466.001614
23.563643
565.185266
2.000000
1239.869107
388.675928
1278.220120
522.243246
2.000000
894.856961
357.061149
950.399805
423.183584
2.000000
921.305934
363.673392
1056.195702
443.020314
2.000000
1013.706518
364.466869
1249.102385
482.164804
7.000000
413.686010
270.399434
441.457433
280.979023
