2.000000
476.542607
266.643199
736.618239
504.389105
2.000000
28.634574
370.410749
198.077789
442.653980
2.000000
186.256169
359.902641
266.380480
422.951280
2.000000
769.456070
331.005349
970.423604
449.221545
2.000000
733.991212
338.886430
795.726337
396.681015
2.000000
353.072357
361.216157
395.104782
396.681015
2.000000
280.829126
359.902641
357.012896
411.129661
2.000000
883.731728
306.048597
1279.356147
491.253972
2.000000
388.356759
362.137253
422.106736
394.199731
2.000000
411.981743
360.449752
442.356722
385.762235
