6.000000
438.423145
244.278949
452.491565
278.810529
6.000000
457.607356
246.836842
471.675776
281.368422
6.000000
742.812620
277.531579
759.438936
306.947371
6.000000
316.923145
301.831581
333.549461
333.805264
6.000000
346.338934
337.642107
360.407354
351.710527
6.000000
764.554725
331.247370
777.344199
345.315790
6.000000
93.107353
253.231579
117.407353
297.994737
6.000000
63.691564
303.110529
87.991564
335.084212
6.000000
87.991564
306.947370
128.917880
335.084212
6.000000
196.702091
202.073685
218.444197
237.884212
6.000000
875.823147
290.321055
916.749463
323.573686
7.000000
72.644195
237.884212
95.665250
255.789475
7.000000
45.786300
222.536842
98.223142
234.047371
7.000000
57.296827
196.957896
72.644195
208.468422
7.000000
30.438932
186.726316
63.691564
198.236842
7.000000
282.391565
294.157896
310.528408
328.689475
7.000000
410.286302
249.394738
434.586302
276.252633
7.000000
758.159988
260.905266
778.623146
269.857897
7.000000
746.649462
306.947370
772.228410
314.621053
7.000000
838.733673
254.510529
891.170516
273.694737
4.000000
217.165249
356.826318
236.349457
396.473686
4.000000
235.070512
363.221055
251.696828
429.726318
4.000000
287.507354
365.778949
304.133671
411.821055
4.000000
845.128410
365.778949
861.754726
434.842108
4.000000
84.154722
369.615792
125.081038
464.257897
4.000000
191.586301
381.126318
229.954722
450.189475
4.000000
300.296828
381.126318
346.338934
459.142108
4.000000
394.938934
360.663160
415.402091
399.031581
4.000000
439.702092
356.826318
492.138935
464.257897
4.000000
942.328410
360.663160
988.370516
452.747371
1.000000
573.991566
345.315792
594.454724
372.173686
1.000000
1.023142
326.131581
94.386301
407.984212
1.000000
929.538937
340.200002
1061.270517
410.542108
9.000000
548.412619
346.594739
566.317882
369.615793
2.000000
470.396829
364.500002
512.602092
397.752634
7.000000
323.317882
280.089475
348.896827
289.042107
7.000000
293.902091
258.347370
307.970512
292.878949
7.000000
429.470513
281.368423
443.538934
300.552633
