2.000000
436.349773
361.964406
721.864800
614.715412
2.000000
1129.074757
391.608042
1279.970517
514.863163
4.000000
762.429777
358.844023
835.758774
508.622398
9.000000
375.502309
209.065648
589.338935
486.779718
9.000000
695.341547
277.714070
898.166428
480.538952
2.000000
915.328535
361.964406
1079.148632
427.492445
6.000000
646.975613
308.917898
654.776570
330.760578
6.000000
272.529676
316.718855
283.451016
340.121726
6.000000
302.173313
271.473304
306.853887
296.436367
6.000000
308.414078
271.473304
319.335418
293.315984
6.000000
320.895610
273.033496
333.377141
296.436367
6.000000
656.336761
305.797514
664.137718
329.200385
6.000000
639.174656
307.357708
648.535803
337.001343
2.000000
696.770514
381.126318
710.838935
399.031581
2.000000
673.749462
384.963160
701.886304
406.705265
2.000000
301.575775
381.126318
338.665249
418.215792
7.000000
265.765249
345.315791
283.670512
355.547370
