7.000000
298.926249
270.718276
350.640883
367.095550
7.000000
293.049587
383.550206
347.114888
451.719494
7.000000
794.692765
389.706712
818.199418
400.284707
7.000000
779.413441
400.284706
820.550082
413.213365
2.000000
0.000000
480.543130
84.120229
594.550391
2.000000
269.822780
490.449506
355.622057
544.514806
2.000000
415.564023
475.170183
444.947339
506.904163
2.000000
500.187967
479.871514
523.694620
498.676835
2.000000
482.557980
473.994850
509.590629
501.027498
2.000000
432.018677
475.170183
487.259309
512.780825
2.000000
594.214576
475.170183
613.019900
491.624839
2.000000
608.318567
465.767523
642.403213
495.150835
2.000000
635.687032
462.241524
677.999005
509.254826
2.000000
669.771677
470.468852
726.187640
522.183489
2.000000
682.700336
464.592191
717.960313
473.994849
2.000000
518.993290
465.767523
593.039243
532.761480
2.000000
709.061368
438.734873
919.445901
596.229442
