7.000000
568.860974
441.337386
581.789633
456.616710
6.000000
547.704987
448.389383
552.406318
458.967377
6.000000
519.497004
444.863384
527.724333
455.441379
2.000000
451.327713
481.298694
470.133036
501.279350
2.000000
467.782371
481.298694
497.165687
509.506677
2.000000
403.139078
482.474029
434.873057
508.331346
2.000000
391.385751
481.298694
418.418402
507.156012
2.000000
378.457094
482.474029
410.191073
510.682010
2.000000
344.372449
488.350691
377.281761
518.909337
2.000000
297.359145
488.350691
332.619122
525.961333
2.000000
247.995175
493.052021
302.060476
533.013329
4.000000
232.715854
491.876690
253.871840
534.188664
4.000000
213.910531
488.350691
233.891185
531.837997
2.000000
131.637249
491.876690
223.313190
556.519983
2.000000
43.487306
501.279350
158.669901
570.623972
2.000000
551.230987
477.772698
570.036308
505.980679
2.000000
613.523613
474.246700
626.452270
494.227354
2.000000
619.400274
473.071367
642.906926
496.578021
2.000000
649.958923
470.720700
675.816240
500.104016
2.000000
672.290240
470.720700
711.076217
504.805345
2.000000
684.043567
470.720700
736.933535
504.805345
2.000000
714.602215
464.844040
769.842847
510.682012
2.000000
734.582869
469.545369
782.771506
516.558672
2.000000
753.388191
476.597365
794.524831
520.084671
2.000000
840.362803
463.668707
932.038744
534.188662
2.000000
903.830761
461.318040
1056.623999
545.941987
4.000000
1097.172974
440.162055
1120.679624
478.948029
2.000000
1034.880345
433.110059
1278.174189
584.727963
2.000000
0.000000
508.331345
50.539301
577.675968
2.000000
486.587692
478.948031
565.334976
535.363996
