6.000000
697.661565
184.993572
707.068019
203.806477
6.000000
529.913156
205.374220
537.751868
221.051641
6.000000
526.777671
228.890352
536.184125
241.432289
6.000000
912.442240
175.587119
923.416435
197.535510
6.000000
957.906762
172.451635
965.745472
192.832283
7.000000
968.880957
133.258082
1003.371284
180.290346
7.000000
437.416371
222.619384
457.797019
232.025835
6.000000
415.467980
216.348415
424.874434
232.025836
6.000000
478.177668
210.077446
487.584119
224.187126
2.000000
553.429289
228.890352
602.029295
266.516163
2.000000
600.461553
228.890352
691.390597
294.735522
2.000000
920.280951
214.780674
1091.164842
304.141976
