7.000000
493.084414
210.453160
511.682600
229.051347
7.000000
473.507377
312.253758
494.063266
332.809647
7.000000
581.768394
117.462229
600.366582
133.123862
6.000000
578.244522
134.102711
598.800412
182.066454
6.000000
495.042119
231.987901
512.661452
269.184271
7.000000
1218.217908
336.725056
1242.689205
375.879133
2.000000
1148.719422
311.274906
1278.906725
381.752242
5.000000
89.797430
283.867052
205.301955
446.694073
3.000000
89.797430
351.407833
204.323102
458.102687
6.000000
1210.387093
54.815707
1239.752650
118.441079
2.000000
556.314162
302.138956
575.891200
313.885179
2.000000
536.737123
297.244697
553.377608
307.033217
2.000000
517.160085
294.308141
533.800567
309.969771
2.000000
508.350417
297.244697
530.864012
315.842882
2.000000
441.788489
294.308141
455.492414
307.033211
2.000000
434.936525
296.265844
453.534707
318.779440
2.000000
385.993930
299.202400
402.634412
314.864032
2.000000
347.818705
302.138956
378.163115
327.589104
2.000000
191.202400
308.990918
279.299072
353.039254
2.000000
535.105713
309.969771
561.534716
327.589104
1.000000
646.042256
271.468264
716.519593
345.861009
2.000000
274.404813
304.749227
357.607225
357.607231
2.000000
401.655560
298.876116
435.915379
324.326266
2.000000
770.682743
291.697867
1083.915352
471.806618
