6.000000
449.814507
222.383540
460.206262
240.197975
6.000000
723.859911
231.290758
731.282592
249.105193
6.000000
425.468108
260.981485
432.890790
277.311385
6.000000
440.313472
220.899010
447.736152
237.228910
6.000000
714.952692
231.290765
723.859910
249.105200
6.000000
311.158814
268.404172
323.035104
281.764998
6.000000
426.952645
277.311390
435.859862
290.672217
6.000000
847.076424
272.857780
857.468179
289.187680
7.000000
311.956748
248.214470
326.802110
258.606224
7.000000
813.730027
258.606224
828.575389
270.482514
2.000000
724.453729
298.815953
731.876409
310.692243
2.000000
712.577437
300.300490
725.938264
315.145854
2.000000
730.391874
298.815953
746.721774
313.661315
2.000000
672.494956
301.785025
684.371247
315.145853
2.000000
662.103202
303.269562
672.494956
316.630390
2.000000
763.051672
300.300490
792.742399
328.506682
2.000000
766.020744
304.754098
804.618689
337.413899
2.000000
792.742399
307.723170
861.031069
350.774725
2.000000
852.123851
306.238635
917.443449
356.712870
2.000000
745.237236
300.088415
761.567136
316.418315
2.000000
684.371247
300.088415
715.546509
325.325533
2.000000
546.309367
282.273978
673.979494
398.067811
2.000000
656.165057
292.665731
672.494956
301.572949
2.000000
855.864731
302.613451
1140.895704
451.067084
2.000000
0.771807
292.221698
327.369799
474.819666
2.000000
1090.421472
284.799016
1277.473050
433.252649
4.000000
344.412427
297.331417
353.319645
328.506680
4.000000
406.762954
297.331417
418.639244
322.568535
2.000000
532.235812
299.644379
554.503857
321.912424
