2.000000
67.499975
351.385593
89.099968
378.385584
2.000000
1.349999
345.985594
76.949971
402.685574
7.000000
71.549975
316.285601
83.699971
332.485595
7.000000
59.399978
281.185614
90.449967
290.635612
7.000000
0.000000
294.878467
10.799995
307.028463
2.000000
373.949869
336.728452
390.149862
358.328445
2.000000
388.799863
327.278454
431.999848
362.378440
2.000000
404.999859
339.428449
438.749847
362.378440
2.000000
429.492711
339.428449
465.942698
371.828438
2.000000
326.892746
280.028470
379.542727
393.428432
9.000000
70.199975
183.985651
340.199882
507.985537
7.000000
375.299870
269.035617
414.449855
282.535615
7.000000
404.999859
312.428460
418.499856
325.928455
2.000000
456.299840
340.585596
510.299822
377.035583
2.000000
542.699809
325.735601
557.549804
339.235598
2.000000
572.399800
321.685604
600.749790
333.835598
2.000000
568.349801
341.935597
652.435495
394.585577
2.000000
570.085523
316.285605
1030.435361
610.585502
2.000000
965.635384
326.445576
1244.780086
486.385545
7.000000
1165.435315
204.235644
1209.985301
233.935633
2.000000
1174.885311
309.728461
1220.785296
338.078451
