2.000000
609.187094
321.106927
629.437080
344.731910
2.000000
570.374621
322.794426
609.187095
344.731911
2.000000
541.687140
322.794426
573.749618
343.044412
2.000000
521.437154
321.106927
551.812134
348.106908
2.000000
492.749674
321.106927
528.187150
361.606899
2.000000
435.374714
309.294435
499.499669
368.356894
2.000000
416.812226
310.981934
469.124690
368.356894
2.000000
627.749581
322.794426
701.999529
356.544402
2.000000
683.437043
316.044430
820.124449
445.981841
2.000000
470.571606
343.044412
776.249479
592.293630
1.000000
649.687053
291.214088
718.874506
321.589068
2.000000
37.124974
321.106927
163.687386
378.481886
2.000000
307.124789
321.106927
463.959358
424.783350
4.000000
15.187490
317.731928
38.812473
383.544383
