2.000000
369.450643
242.999943
700.814203
520.714166
2.000000
670.833691
291.915518
768.664837
380.279135
7.000000
233.006435
70.480499
300.857067
144.642819
7.000000
244.051888
141.486976
296.123304
190.402550
7.000000
229.850591
193.558392
313.480444
275.610324
7.000000
264.564872
34.714278
285.077854
69.428555
7.000000
239.318122
23.668826
266.142792
47.337651
6.000000
474.428460
193.558392
488.629756
226.694748
6.000000
649.577768
137.805154
665.356986
183.564886
6.000000
670.090754
140.960999
682.714127
175.675275
2.000000
802.636176
307.168757
859.441358
341.883034
1.000000
744.253072
285.077841
813.681631
337.149255
2.000000
70.480499
311.902520
165.155803
367.129779
2.000000
139.909056
314.532389
237.740203
361.870040
2.000000
221.960984
298.753171
300.857070
342.934981
2.000000
300.857072
312.954466
329.259664
336.623293
2.000000
304.012916
317.688232
367.129783
355.558352
9.000000
0.000000
274.558380
199.870080
370.811604
2.000000
859.441358
278.766166
1083.506243
401.844062
2.000000
1061.415340
299.279149
1140.311424
382.909001
2.000000
1149.778954
168.311645
1279.168537
382.908999
6.000000
1048.791964
135.701266
1062.993262
175.149310
7.000000
1127.688052
220.909041
1152.934801
230.376571
7.000000
1127.688052
238.266180
1141.889348
258.779163
