2.000000
510.906007
180.293833
549.257019
214.677499
2.000000
500.326419
189.550973
522.808046
221.289741
2.000000
467.265200
181.616282
505.616213
226.579538
2.000000
415.689701
184.261179
483.134585
239.804023
2.000000
321.795843
173.681589
432.881535
258.318306
2.000000
140.325412
180.293833
366.759098
297.991767
2.000000
710.816176
177.869350
720.073317
200.350977
2.000000
718.750868
181.836697
730.652906
204.318324
2.000000
726.685559
179.191800
751.812084
212.253017
2.000000
733.297803
177.869350
757.101879
210.930567
2.000000
754.456982
176.546901
815.289622
240.024439
2.000000
788.840649
184.481594
891.991647
266.387554
2.000000
898.603891
192.548530
1279.469116
417.232565
2.000000
1123.227259
292.261163
1278.870025
564.685595
2.000000
668.592278
160.583055
689.751457
181.742234
2.000000
558.073351
180.514247
625.518235
226.799952
