2.000000
0.000000
87.153971
95.480578
522.258525
2.000000
137.394322
260.463965
191.283418
293.396191
2.000000
275.110900
263.457805
348.958921
298.385922
2.000000
379.895255
268.447536
408.835694
287.408515
2.000000
550.544059
277.429051
566.511198
291.400298
2.000000
650.338681
285.412622
667.303767
295.392084
2.000000
616.408511
279.424943
632.375650
291.400298
2.000000
414.823372
263.457805
489.669339
324.332525
2.000000
524.597456
280.422891
552.539950
297.387977
2.000000
591.459854
279.424943
612.416725
296.390030
