6.000000
728.688361
366.839689
743.661410
393.042522
6.000000
646.336594
466.660013
653.823118
476.642045
6.000000
398.033540
395.538032
409.263325
421.740865
6.000000
872.180076
460.421242
884.657616
472.898782
6.000000
554.002795
469.155520
561.489318
481.633060
6.000000
641.345578
481.633060
650.079856
492.862847
6.000000
577.710122
486.624077
586.444400
496.606109
6.000000
691.255740
486.624077
701.237772
496.606109
6.000000
953.284089
385.555999
975.743660
424.236376
6.000000
723.697345
366.839689
736.174885
395.538032
7.000000
389.299262
436.713914
417.997604
447.943700
7.000000
840.986224
376.821721
865.941305
394.290278
7.000000
843.481733
432.970653
873.427830
442.952685
9.000000
620.133759
486.624077
636.354562
511.579158
2.000000
635.106808
499.101617
648.832102
512.826912
2.000000
648.832102
499.101617
668.796166
515.322420
2.000000
666.300659
497.853863
681.273707
516.570174
2.000000
675.034937
497.853863
693.751248
519.065682
2.000000
685.016969
500.349371
707.476542
526.552206
2.000000
706.228788
495.358355
738.670393
535.286484
2.000000
610.151727
502.844879
621.381512
515.322420
2.000000
588.939908
495.358355
611.399481
526.552206
2.000000
571.471352
495.358355
602.665203
542.773009
2.000000
167.199042
511.579158
222.100220
541.525255
2.000000
140.996207
520.313436
175.933320
542.773009
2.000000
72.369734
514.074666
127.270912
535.286482
2.000000
249.550809
500.349371
284.487922
511.579158
4.000000
822.269914
491.615093
832.251946
527.799961
4.000000
807.296866
501.597125
818.526651
537.781992
4.000000
792.323817
501.597125
807.296866
532.790976
4.000000
773.607506
496.606109
784.837292
531.543223
5.000000
686.264724
495.358355
707.476542
539.029746
0.000000
691.255740
524.056698
704.981034
546.516271
2.000000
719.954083
491.615093
781.094032
546.516271
2.000000
471.651028
487.871831
583.948892
577.710122
2.000000
210.870433
506.588141
376.821721
556.498302
2.000000
874.675584
505.340387
1051.856659
617.638252
2.000000
1028.149331
494.110601
1090.537034
524.056698
2.000000
994.459972
489.119585
1277.700140
676.282691
2.000000
1245.258534
606.408465
1277.700139
716.210821
