6.000000
631.124566
341.718515
639.562060
360.281003
6.000000
462.374682
350.156009
469.124677
367.030998
6.000000
624.374571
338.343517
632.812065
360.281002
6.000000
735.749493
399.093475
754.311981
412.593466
7.000000
732.374496
373.780993
749.249485
382.218487
7.000000
659.812046
350.156009
698.624520
361.968502
7.000000
764.436973
367.030998
791.436956
375.468492
7.000000
91.124938
326.531025
128.249913
338.343515
6.000000
165.606913
320.962274
179.106904
344.587258
2.000000
646.312056
424.912211
674.999536
470.474678
2.000000
671.624538
421.537212
705.374516
451.912191
2.000000
712.124510
414.787217
777.936965
473.849676
2.000000
384.749735
428.287207
406.687221
445.162196
2.000000
440.437197
426.599708
462.374682
441.787198
2.000000
560.249614
426.599708
578.812102
441.787198
2.000000
236.249838
387.787235
371.249744
468.787179
2.000000
746.106513
362.137253
955.356370
525.824639
2.000000
516.606670
420.524706
560.481641
454.274683
2.000000
575.669131
408.712214
651.606578
488.024659
2.000000
0.000000
320.962274
295.544324
702.337012
2.000000
962.106365
366.524743
1279.356146
617.962070
2.000000
894.639649
411.758834
953.284089
491.615093
