2.000000
718.344502
221.428913
766.164830
264.051379
2.000000
805.668580
203.756183
874.280358
281.724112
2.000000
213.112334
198.558322
305.634275
252.616085
2.000000
502.113452
219.349768
528.102762
235.982925
2.000000
585.279239
213.112334
615.426837
237.022499
2.000000
699.632197
215.191479
734.977659
241.180789
2.000000
762.006541
215.191479
778.639700
239.101644
2.000000
762.006541
216.231050
792.154141
228.705919
2.000000
794.233284
214.151907
825.420455
241.180787
7.000000
760.966970
191.281315
790.074996
201.677037
7.000000
828.539171
154.896283
887.794796
173.608585
7.000000
741.215094
173.608584
751.610816
188.162596
7.000000
461.570131
46.780757
490.678156
93.561513
7.000000
880.517792
173.608584
900.269666
188.162596
7.000000
798.391573
188.162599
813.985159
200.637467
7.000000
680.919897
171.529440
710.027924
188.162599
7.000000
613.347692
170.489868
677.801179
195.439603
7.000000
983.435454
79.007500
1016.701771
133.065262
7.000000
944.971278
178.806446
954.327429
192.320886
