2.000000
230.232143
243.509881
349.633586
288.226577
2.000000
470.760911
258.572342
534.462595
293.718098
2.000000
536.345412
258.886150
626.720206
297.013013
2.000000
625.621898
262.965562
672.849005
297.013013
2.000000
788.171020
261.867257
855.167618
325.568936
2.000000
1007.047509
253.080818
1049.881403
284.931659
2.000000
966.410229
264.063866
1007.047509
297.013015
2.000000
870.073202
266.574284
928.283362
310.506479
9.000000
662.964264
234.723442
803.547292
354.438674
7.000000
1008.616517
227.819806
1030.582614
249.785903
2.000000
358.706379
166.942341
398.245354
182.318609
2.000000
583.858879
193.301658
621.201244
206.481317
2.000000
711.262245
206.481317
742.014781
217.464365
2.000000
813.184940
213.071146
845.035782
225.152501
2.000000
868.100184
215.267756
885.673062
227.349110
7.000000
367.273151
130.698280
387.042638
137.288110
