2.000000
653.079521
357.733587
766.204923
396.174258
2.000000
493.138890
367.199933
599.674462
403.443993
2.000000
337.179596
364.271122
471.172791
411.498233
7.000000
59.994887
232.213026
131.384703
300.307928
7.000000
291.737217
292.619794
337.866022
318.979111
7.000000
286.245692
190.477439
338.964326
258.572342
7.000000
920.595226
269.869198
939.266407
295.130210
7.000000
940.050911
312.703089
955.427180
328.079357
7.000000
943.345825
325.882747
955.427178
341.259016
7.000000
181.906728
358.988798
212.659266
375.463371
6.000000
287.343997
120.656632
310.408400
148.114254
6.000000
816.099359
206.324412
834.770542
226.093899
6.000000
964.370518
183.260010
984.140005
200.832887
6.000000
1185.443603
59.151559
1223.884273
91.002401
6.000000
268.672814
330.432863
280.754166
340.317608
6.000000
260.984679
355.693877
271.967728
366.676925
7.000000
729.573985
2.711440
763.621435
32.365672
