6.000000
308.538558
0.631061
351.618911
77.367940
6.000000
458.305717
98.277033
485.230937
162.897563
7.000000
700.632701
142.703649
743.713054
184.437740
6.000000
982.001257
115.970766
1027.774132
165.782425
7.000000
529.657551
254.635653
568.699121
277.522090
2.000000
794.870974
294.446522
998.156390
408.878708
2.000000
1011.234371
283.676433
1227.982397
373.875923
2.000000
551.197728
281.176239
864.876548
535.619574
6.000000
697.940180
206.170256
723.519140
239.826781
7.000000
279.564195
270.599271
418.660704
340.985457
