7.000000
832.338936
283.926317
854.081040
317.587277
7.000000
772.228411
309.505266
806.759990
341.478948
7.000000
543.296828
352.989475
558.644199
369.615790
2.000000
214.607354
370.894737
318.202091
427.168423
2.000000
705.606541
367.057898
767.112620
430.649699
2.000000
438.423145
377.289475
555.419144
441.236844
2.000000
554.807355
341.478948
696.770514
480.884212
2.000000
727.465250
363.221056
903.959989
498.789478
9.000000
1.023142
226.373685
231.233670
665.052635
2.000000
696.641118
383.886001
711.996558
434.558954
