6.000000
235.364082
331.186614
252.432470
346.458329
6.000000
542.894514
272.794761
550.081204
286.269804
6.000000
533.911152
271.896425
538.402833
288.066477
6.000000
489.293797
327.593269
501.870504
337.474967
6.000000
814.491499
228.776288
824.373197
248.539684
6.000000
796.524775
229.674624
808.203145
249.438020
6.000000
942.953574
279.083115
955.530281
293.456494
6.000000
538.103379
272.420450
542.595060
287.692165
6.000000
805.807564
226.605304
813.892587
249.063709
6.000000
890.251166
259.843743
897.437855
275.115459
7.000000
230.872401
294.354830
255.127478
304.236528
7.000000
488.994343
316.813235
503.367725
322.203252
7.000000
821.378761
223.386271
890.550648
236.861314
7.000000
933.670785
235.962978
962.417543
244.946339
7.000000
891.448984
280.879787
911.212380
286.269804
7.000000
912.410143
189.848384
941.156902
223.086823
7.000000
510.554411
308.428768
523.131118
327.293825
4.000000
545.290068
353.405452
562.358453
376.762193
4.000000
521.933327
337.235401
536.306706
383.948886
4.000000
916.662272
319.987349
926.543970
346.039099
2.000000
559.663447
335.079399
608.173602
370.114511
2.000000
212.007341
366.521166
335.079399
416.827993
2.000000
890.251166
325.197701
919.896260
344.961098
2.000000
1056.443361
302.739297
1096.868490
326.096038
2.000000
1061.833378
296.091611
1174.125405
330.587718
2.000000
1198.739836
288.365917
1275.996748
309.027650
2.000000
1245.453318
296.450943
1278.691754
335.079399
2.000000
632.204095
271.746698
929.553374
547.535909
2.000000
962.791813
305.883473
1066.100475
372.360348
2.000000
1069.693820
306.781809
1279.006153
395.717092
4.000000
372.270526
359.334477
383.948896
372.809516
4.000000
337.235415
380.894545
354.303802
393.471252
4.000000
626.140326
349.093450
638.717029
366.161837
9.000000
618.234978
295.013600
673.033486
352.507119
