6.000000
450.673712
139.381257
472.681279
170.558644
6.000000
551.541727
137.547293
568.047402
161.388825
7.000000
630.402175
128.377474
659.745597
172.392607
7.000000
509.360558
139.381257
544.205873
155.886932
2.000000
953.179824
247.585128
1070.553514
313.607829
2.000000
280.115067
242.083237
355.307588
304.438009
2.000000
28.862013
210.905850
320.462274
386.966385
2.000000
351.639661
205.403958
659.745599
440.151340
2.000000
903.662798
212.739814
1279.604152
662.927452
2.000000
0.000000
219.507540
51.389725
310.540767
6.000000
959.519579
34.504530
993.289970
106.450145
6.000000
920.610216
59.465253
948.507496
122.601201
7.000000
630.625340
218.039262
648.244674
241.531707
9.000000
330.362518
212.166150
394.966744
278.238654
