2.000000
277.268811
249.811718
441.054685
347.777100
2.000000
437.993266
255.934555
509.936593
304.917244
2.000000
542.081485
262.057390
561.980703
300.325118
2.000000
549.735031
240.627463
698.213811
352.369226
2.000000
678.314593
254.403844
704.336646
277.364482
2.000000
701.275228
258.995973
724.235864
274.303061
2.000000
719.643738
255.934555
733.420119
269.710936
2.000000
725.766575
248.281009
774.749264
291.140865
2.000000
765.565011
252.873136
783.933521
275.833773
2.000000
770.157138
254.403844
791.587065
274.303063
2.000000
786.994938
249.811718
806.894156
272.772354
2.000000
794.648482
248.281009
851.284719
301.855827
6.000000
797.709902
229.912500
805.363448
245.219592
6.000000
738.012247
234.504626
745.665793
248.281007
7.000000
670.661047
231.443209
684.437428
242.158172
7.000000
996.702084
162.561299
1015.070593
180.929809
7.000000
1004.355628
182.460518
1024.254846
199.298318
7.000000
985.987118
187.052646
1005.886336
193.175481
7.000000
915.574500
220.728247
935.473718
223.789666
7.000000
866.591809
242.158174
880.368190
252.873137
