6.000000
628.714567
2.204084
651.857435
79.368498
6.000000
602.265576
7.714289
627.612526
76.040850
6.000000
647.449270
15.428577
669.490098
77.583707
7.000000
719.432616
73.251308
886.942896
106.312550
7.000000
931.224908
213.061322
986.527351
232.947112
6.000000
979.645849
251.706247
1011.605047
283.665446
6.000000
949.959611
257.142976
970.898395
285.796050
4.000000
900.735100
328.408312
924.980010
383.510376
4.000000
1217.755648
296.081771
1268.449549
423.918565
4.000000
1158.402882
300.857294
1219.015154
428.694087
5.000000
840.490178
321.061368
855.918757
348.612401
0.000000
840.490178
339.796072
858.122839
361.836898
4.000000
829.837107
327.673617
844.163645
369.551187
7.000000
815.510570
283.591965
844.163645
315.551163
6.000000
558.734945
310.040956
568.653317
322.163412
6.000000
660.673765
290.387885
670.592137
301.408301
2.000000
585.845168
342.734847
596.865581
355.959341
2.000000
562.702300
341.632806
585.845168
361.469550
2.000000
540.734934
340.530766
571.592090
368.081798
2.000000
507.673696
343.836889
542.755347
386.816501
7.000000
521.816561
336.122600
530.632892
346.040973
2.000000
483.245115
354.857301
525.122685
396.734871
2.000000
413.816512
350.449138
493.163489
409.959369
2.000000
90.367389
390.122624
201.673560
459.551227
2.000000
165.306197
375.796087
308.571568
457.347144
2.000000
596.939067
342.000165
613.102328
355.592002
2.000000
654.888049
335.296070
664.806421
343.010358
2.000000
637.255389
335.296070
651.581926
344.112400
2.000000
632.847223
343.010358
642.765596
352.928730
2.000000
689.051331
336.398110
712.194198
347.418523
2.000000
706.683992
333.091986
747.459520
367.255268
2.000000
710.449321
339.704235
755.173808
374.326706
2.000000
295.347070
346.591993
444.122648
447.979793
2.000000
612.000286
337.959341
634.408471
360.000169
2.000000
650.939090
343.469548
668.571751
355.592002
2.000000
729.184024
334.653218
784.286089
390.857325
2.000000
741.306477
339.061381
822.857534
405.183860
