6.000000
576.868686
166.350591
584.546405
184.777120
6.000000
626.006094
166.350591
632.148270
180.170488
7.000000
742.707437
167.886136
754.991789
184.777120
7.000000
893.190750
9.725105
914.688366
31.222721
7.000000
914.688366
20.473912
968.432408
34.293809
7.000000
890.119662
63.469143
942.328158
87.074942
7.000000
911.617279
88.037847
940.792615
107.999921
0.000000
1011.043831
221.630176
1071.313855
267.696497
0.000000
1151.162143
246.198880
1238.688152
278.445304
2.000000
596.830757
210.881369
630.612726
240.056705
2.000000
578.404229
218.559089
595.295213
230.843441
2.000000
547.693349
217.023544
564.584334
240.056705
2.000000
536.944540
215.487999
555.371069
244.663336
2.000000
513.911381
218.559089
538.544156
246.198880
2.000000
503.162574
226.236808
524.660190
255.412145
2.000000
447.882989
212.416912
515.446926
261.554321
2.000000
325.039467
217.023544
449.418532
290.729658
2.000000
630.612726
217.023544
644.432622
227.772353
2.000000
641.361533
218.559089
656.716974
235.450073
2.000000
653.645887
212.416912
673.607959
241.592248
2.000000
661.323607
220.094633
679.750135
243.127793
2.000000
675.143503
209.345824
702.783295
250.805512
2.000000
685.892311
207.810280
748.849615
261.554320
2.000000
724.280909
215.487999
836.375622
295.336288
6.000000
616.169103
160.649884
626.294097
179.212372
