7.000000
80.626133
318.799101
178.918192
365.604845
7.000000
685.980398
364.044654
703.142504
374.965992
7.000000
607.970828
354.683504
626.693123
368.725226
2.000000
609.531019
387.447525
626.693125
399.929056
2.000000
595.489295
384.327140
611.091209
399.929054
2.000000
579.887383
378.086375
593.929105
399.929054
2.000000
562.725277
393.688289
579.887383
403.049437
2.000000
467.553603
379.646568
526.840876
403.049439
2.000000
376.934196
384.327140
425.428434
404.875482
9.000000
113.390153
342.201972
308.414078
410.850394
2.000000
653.216379
392.128097
670.378484
403.049437
2.000000
675.059058
387.447525
685.980398
403.049439
2.000000
679.739634
396.808675
701.582314
412.410589
2.000000
695.942126
393.688289
731.225949
424.345447
1.000000
761.840478
347.963268
854.481070
432.693074
2.000000
721.864801
385.887332
799.874372
443.614414
2.000000
632.933890
395.248482
662.577527
415.530970
2.000000
985.537146
389.007718
1196.162986
501.341499
