6.000000
787.301205
209.177344
802.278103
240.628832
6.000000
806.771172
292.049514
821.748072
311.519481
6.000000
670.481399
5.990759
688.453677
52.419143
6.000000
697.439816
310.021791
704.928267
327.994069
6.000000
649.513742
320.505620
655.504501
333.984828
6.000000
713.914404
338.477898
718.407473
350.459416
6.000000
700.435196
338.477898
706.425955
351.957106
7.000000
734.882061
326.496379
748.361270
341.473277
7.000000
1107.806825
173.732018
1163.221348
209.676574
2.000000
691.449057
351.957106
703.430575
365.436314
2.000000
667.486020
348.961727
683.960608
363.938625
2.000000
645.020673
351.957106
661.495261
369.929384
9.000000
603.085358
329.491759
648.016052
372.924764
2.000000
704.928267
354.952486
728.891304
371.427074
2.000000
736.379753
316.012551
1056.885373
452.302324
