6.000000
491.615093
300.708724
501.597126
311.938511
6.000000
662.557397
284.487922
672.539429
294.469955
7.000000
806.049112
259.532842
829.756437
278.249153
7.000000
803.553604
280.744661
826.013175
291.974447
7.000000
1135.456178
57.396686
1205.330405
109.802356
7.000000
1164.154522
133.509682
1200.339390
195.897384
7.000000
719.954083
296.965463
736.174885
311.938513
2.000000
461.668995
335.645838
525.304451
390.547016
2.000000
195.897384
328.159313
309.443001
417.997603
2.000000
92.333800
364.344180
217.109203
440.457178
2.000000
0.000000
356.857657
102.315832
469.155520
2.000000
726.192852
318.177280
781.094031
348.123376
2.000000
471.651028
323.168297
786.085046
573.966860
4.000000
771.111998
294.469953
784.837293
315.681772
4.000000
398.033540
346.875624
408.015572
369.335197
4.000000
389.299261
341.884609
399.281295
371.830705
4.000000
376.821720
344.380117
386.803753
371.830705
4.000000
406.767818
343.132363
416.749851
361.848672
2.000000
441.704932
339.389099
471.651028
380.564982
