6.000000
427.007439
238.508342
444.218225
254.899568
6.000000
651.567232
237.688781
667.958457
248.343077
6.000000
504.685844
268.816103
515.340141
280.289961
6.000000
601.394076
270.455225
609.589689
278.650838
6.000000
591.559341
281.109522
600.574516
289.305134
6.000000
536.648734
277.011716
546.483469
284.387766
6.000000
553.039960
281.109522
559.596451
290.124696
6.000000
557.957328
286.846451
564.513818
292.583380
6.000000
746.456424
281.929082
760.388966
295.042064
6.000000
839.886411
277.011716
862.834129
291.763818
7.000000
360.243999
239.430463
396.949388
252.424877
7.000000
484.642446
270.455225
501.033672
278.650838
7.000000
618.230936
272.913909
637.900407
280.289961
7.000000
502.672794
284.387768
511.687968
292.583380
2.000000
577.626811
295.861625
590.739793
304.876799
2.000000
567.792076
293.402941
577.626810
304.057237
2.000000
561.235586
293.402941
571.070321
304.876799
2.000000
589.920231
296.681187
607.131018
310.613728
2.000000
613.687508
298.320309
625.161366
308.155044
2.000000
621.883121
299.959432
639.093907
313.891974
2.000000
639.093908
302.418116
653.026450
316.350657
2.000000
649.748205
300.778993
676.793727
322.907147
2.000000
520.257521
300.778993
539.926991
316.350658
2.000000
511.242346
299.139870
521.077081
310.613728
2.000000
503.866295
299.959432
516.159714
310.613728
2.000000
485.835947
299.959432
506.324980
313.072412
2.000000
460.429547
303.237676
480.099018
318.809341
2.000000
448.136128
304.876799
465.346914
321.268025
2.000000
436.662270
306.515922
453.053495
323.726709
2.000000
411.255870
301.598554
440.760076
328.644077
2.000000
403.879818
308.155046
419.451483
327.824516
2.000000
392.405960
308.974606
410.436308
327.824515
2.000000
360.443070
304.876799
397.323329
334.381005
2.000000
829.232101
318.809341
915.286036
386.832928
2.000000
890.699198
309.794167
1059.528824
408.961083
2.000000
984.301662
301.598554
1278.524164
449.119587
2.000000
107.097875
311.433290
161.188921
350.772232
2.000000
166.925849
312.252851
257.077591
364.704773
2.000000
0.554906
327.824516
68.578494
376.178632
6.000000
300.779018
286.411059
314.711560
300.343601
6.000000
145.881934
287.230620
163.912284
299.524040
7.000000
389.898231
267.561150
418.795845
283.952375
7.000000
839.230785
251.169924
862.178501
266.741589
