2.000000
265.719100
376.297856
290.475540
394.452577
2.000000
231.060087
368.045710
255.816527
397.753436
2.000000
181.547211
371.346569
240.962662
407.656010
7.000000
380.148862
335.060569
406.713593
358.143135
7.000000
469.272039
339.988414
487.426761
351.541418
2.000000
485.776329
364.744850
518.784914
392.802147
2.000000
439.564313
363.094423
500.630194
417.558586
2.000000
282.773540
366.395281
490.727618
490.177471
2.000000
513.833627
341.638843
609.558520
437.363736
6.000000
543.541352
259.117382
553.443926
282.223391
7.000000
583.151655
272.320817
644.217535
282.223391
2.000000
570.106081
209.604508
968.801936
576.023231
6.000000
227.759229
250.865238
256.524536
268.143165
6.000000
351.541418
211.254937
364.744852
232.710516
6.000000
410.956869
252.515667
423.217884
281.123110
2.000000
0.000000
250.865238
122.131760
681.627257
2.000000
967.151508
368.045710
1041.420821
417.558586
2.000000
1096.710199
273.971246
1279.907840
414.257728
6.000000
282.931403
247.587822
294.484407
265.742543
2.000000
1195.332005
309.433420
1279.193935
368.536113
