6.000000
598.959452
360.367510
611.081907
379.102213
6.000000
468.918579
350.449137
484.347157
374.694047
6.000000
581.326792
402.245079
590.143122
419.877741
6.000000
578.020667
407.755285
589.041081
420.979780
6.000000
536.143098
391.224666
549.367593
403.347120
7.000000
737.816658
333.918518
758.755443
360.367510
7.000000
747.735031
362.571592
767.571775
376.898129
7.000000
742.224824
380.204252
757.653402
390.122625
7.000000
746.632988
393.428748
764.265650
405.551203
7.000000
636.428856
380.204252
646.347229
394.530789
7.000000
629.816608
403.347120
638.632940
416.571616
2.000000
476.894605
417.673657
493.425226
432.000194
2.000000
323.265446
426.489987
377.265471
467.265516
2.000000
248.860975
423.913334
331.514074
481.219482
2.000000
381.105933
421.709252
430.697792
460.280699
2.000000
449.432495
418.403127
481.391693
441.545996
2.000000
508.942724
416.199045
532.085593
431.627625
2.000000
558.534583
412.892920
594.901948
442.648037
2.000000
532.085593
412.892920
557.432544
441.545996
2.000000
619.146856
413.994963
647.799930
440.443955
2.000000
634.575436
411.790879
678.657088
442.648037
2.000000
647.799930
411.790879
699.595873
448.158242
2.000000
751.102363
419.185134
860.204454
505.144355
2.000000
662.623862
417.152770
726.542258
463.438506
2.000000
798.268171
423.183863
987.819276
533.387994
2.000000
1050.635631
449.632854
1277.656140
670.041116
