2.000000
174.164682
392.346659
373.459807
551.433118
2.000000
355.977778
383.605644
411.920269
429.058918
2.000000
76.265322
388.850252
158.430856
443.044541
1.000000
175.912886
369.620021
223.114363
397.591267
9.000000
112.977582
373.116427
167.171871
390.598455
9.000000
245.840999
341.648776
301.783490
390.598455
2.000000
189.898508
387.102050
280.805056
446.540946
2.000000
43.049468
394.094861
83.258134
418.569701
2.000000
65.776106
383.605644
100.740163
397.591267
2.000000
312.272707
387.102050
348.123378
401.776802
7.000000
380.452618
68.929131
460.869949
98.648580
7.000000
287.797868
95.152174
548.280092
247.245821
2.000000
229.586744
376.821721
245.807546
386.803753
2.000000
152.225993
391.794769
192.154123
422.988620
2.000000
697.494510
393.042523
727.440607
409.263326
