4.000000
119.452054
305.013336
138.745066
353.705224
4.000000
98.321614
298.582331
117.614626
352.970247
4.000000
83.622175
305.013336
97.402896
350.214105
2.000000
501.744636
312.546792
532.062225
329.083662
4.000000
331.782387
287.741494
355.668972
334.595952
2.000000
554.111388
297.847356
575.241830
311.628078
2.000000
606.478136
296.928641
625.771148
310.709364
2.000000
615.665287
302.440931
634.039585
320.815229
2.000000
624.852437
303.359646
654.251311
329.083662
2.000000
637.714437
310.709364
676.300460
340.108239
