7.000000
786.863902
246.338710
858.947338
319.548450
7.000000
573.992504
308.623670
590.162359
327.432575
7.000000
329.584602
239.580886
411.804772
312.790627
7.000000
211.322714
263.233263
239.480306
288.011944
7.000000
4.082834
349.574759
22.103693
381.495152
7.000000
245.111825
329.685182
258.627469
352.211256
2.000000
378.888564
319.870250
404.793548
343.522625
2.000000
402.540942
316.491339
441.891201
357.262892
2.000000
568.107584
322.122857
604.440323
371.540857
2.000000
427.319623
291.712657
581.375920
434.928731
2.000000
853.476742
341.913637
1278.093236
630.247383
2.000000
189.219021
315.365035
227.513347
359.290877
