2.000000
0.000000
339.958817
11.876292
357.773253
2.000000
40.082481
336.989746
81.649498
369.649548
2.000000
123.216514
334.020674
149.938168
353.319647
2.000000
439.422753
327.785621
464.659869
348.569130
2.000000
549.278443
321.847474
601.237214
372.321709
2.000000
408.247490
327.785621
448.329969
361.929957
2.000000
469.113478
326.301086
510.680498
363.414494
2.000000
587.876386
320.362939
676.948565
378.259855
7.000000
688.824856
252.371176
706.639292
265.732003
7.000000
687.340320
262.762931
714.061970
290.969123
7.000000
1245.229101
80.164962
1277.888900
151.422705
2.000000
885.971308
283.546439
1277.888899
469.113478
7.000000
375.587692
302.845412
400.824810
322.144385
7.000000
383.010372
273.154684
400.824808
289.484585
7.000000
377.796567
324.611613
396.136206
344.785216
2.000000
80.694413
344.785214
106.369908
359.456927
