7.000000
208.165807
193.056999
238.383425
235.025912
7.000000
562.047685
283.709850
573.798981
302.176172
7.000000
536.866337
290.424876
545.260120
303.854929
6.000000
476.766849
280.352337
485.160632
293.782390
6.000000
512.020736
282.031094
520.414519
295.461146
2.000000
493.554414
312.248711
512.020736
324.000007
2.000000
508.663223
312.248711
525.450788
327.357520
2.000000
522.093275
312.248711
540.559597
329.036276
2.000000
530.487058
312.248711
552.310892
332.393789
2.000000
538.880840
312.248711
565.740944
335.751302
2.000000
453.264258
307.212442
481.803119
332.393789
2.000000
384.435241
303.854929
416.331615
330.715033
2.000000
349.181354
307.212442
386.113998
335.751302
2.000000
876.310899
335.751302
978.715046
377.720215
2.000000
940.439418
332.393789
1094.885017
391.150267
2.000000
273.637311
293.782390
352.538867
345.823841
2.000000
408.945096
298.818659
454.271522
339.108815
2.000000
551.639400
310.569955
595.287069
345.823841
2.000000
1002.553409
350.860111
1183.859112
412.974102
