2.000000
677.647103
430.807126
698.625538
444.792750
2.000000
695.129131
426.311745
709.114753
442.045570
2.000000
702.121942
429.808152
717.855768
450.786587
9.000000
709.114753
428.059950
738.834201
459.527600
2.000000
714.359362
447.290180
740.582406
468.268615
4.000000
752.819825
440.297369
765.057245
464.772209
2.000000
756.316230
447.290180
800.021300
487.498846
2.000000
111.229379
352.887225
230.107174
517.218292
7.000000
436.395109
316.174966
464.366355
338.901603
7.000000
826.244344
356.383632
848.970981
373.865660
