2.000000
514.992109
329.856926
578.886914
379.375396
2.000000
372.027484
332.252979
518.985535
433.685979
2.000000
596.457982
329.058239
671.534376
400.939895
2.000000
314.522162
327.460868
364.839320
364.200379
2.000000
376.819594
340.239828
391.994610
359.408272
6.000000
511.957139
307.069440
522.340044
319.848401
6.000000
578.247996
306.270755
588.630902
317.452346
6.000000
621.376989
304.673385
630.961210
313.458924
7.000000
636.552004
306.270755
661.311241
315.056291
7.000000
722.809990
299.881277
737.985007
317.452346
