2.000000
127.740174
320.451643
140.954674
329.995449
2.000000
140.954674
316.780947
158.574009
332.932004
2.000000
118.196368
323.388197
127.740174
332.932004
2.000000
149.764341
334.400283
164.447120
348.348923
9.000000
162.978843
318.983364
203.601193
365.234116
2.000000
115.626881
334.767351
155.270384
387.625354
1.000000
1.101207
214.368568
125.170686
426.534718
9.000000
203.601191
342.598169
222.688804
360.951643
4.000000
223.912372
340.787300
234.190317
365.013883
4.000000
235.658596
342.255577
244.468264
366.482162
4.000000
248.138957
341.521439
254.746207
369.418719
4.000000
254.012069
344.457993
261.353459
368.684578
4.000000
365.601186
328.527170
386.891215
377.714479
4.000000
387.625354
322.654059
405.978826
381.385172
5.000000
337.703908
324.856476
368.537743
401.206925
0.000000
335.501490
358.626868
367.803602
412.953148
4.000000
524.775861
317.692359
554.141418
425.143599
4.000000
556.343835
312.086204
591.582503
348.793150
4.000000
651.648410
305.478954
686.887078
471.394352
4.000000
667.799466
289.327898
727.264718
481.672297
4.000000
806.007115
301.011300
864.738230
455.180475
4.000000
857.244850
300.507533
906.432157
415.033206
4.000000
894.441216
297.570979
950.969913
438.525652
4.000000
903.985020
288.761313
949.501636
435.589097
4.000000
926.743328
296.836840
994.284109
462.018099
4.000000
950.969912
288.761313
1014.105859
453.208433
