2.000000
472.749421
310.565007
510.680497
334.630231
2.000000
512.758861
312.171827
558.989695
353.913472
2.000000
545.418638
313.968499
625.466573
371.727911
2.000000
705.154755
331.348504
757.113527
364.701098
2.000000
840.841367
319.769138
934.367154
389.542347
2.000000
909.130083
315.315529
1004.140407
431.109362
2.000000
383.010371
298.688716
391.917589
310.565005
2.000000
388.948518
303.142325
396.371199
316.503155
2.000000
378.556763
309.080468
393.402128
328.379443
2.000000
659.134129
325.410359
715.843436
374.993885
2.000000
420.123781
305.814483
460.206260
320.659847
2.000000
406.762954
314.721701
463.175335
334.020675
2.000000
562.639268
323.628919
671.307348
410.622756
2.000000
316.948506
286.886646
351.092840
328.453662
2.000000
360.742327
304.701083
391.917588
334.391809
7.000000
289.484584
225.055704
351.538208
254.226845
7.000000
118.967025
197.443331
162.018578
252.371175
7.000000
97.979397
229.806228
108.371152
249.105200
7.000000
823.917662
286.218609
832.824880
302.548508
6.000000
494.647500
269.888709
502.070181
281.764999
6.000000
266.919631
254.746431
274.342313
275.529939
2.000000
149.641266
302.251593
182.301067
315.612423
2.000000
207.538182
305.220667
232.775299
317.096959
7.000000
235.744373
251.777360
250.589737
281.468085
7.000000
228.321691
287.406232
243.167054
296.313450
7.000000
277.311391
253.261895
304.033045
265.138186
7.000000
278.795927
277.014475
293.641290
285.921693
7.000000
232.775301
232.478387
249.105200
239.901069
7.000000
620.239304
269.591796
626.177451
281.468085
2.000000
734.165253
326.004187
855.389848
415.076366
2.000000
934.367201
314.127896
1278.779631
578.672286
