2.000000
0.997946
247.490664
478.016246
553.860156
9.000000
0.000000
24.948655
594.775951
373.231889
2.000000
591.782112
261.461911
746.463781
329.322258
9.000000
743.469939
225.535847
801.350820
294.394137
2.000000
735.486370
181.626214
1153.625839
548.870429
4.000000
1129.675129
265.453696
1140.652537
292.398244
4.000000
1138.656645
263.457804
1152.627892
295.392083
2.000000
1237.453322
261.461911
1279.367063
301.379760
6.000000
1109.716204
206.574869
1116.701829
225.535847
6.000000
1100.734687
206.574869
1105.724419
220.546116
