2.000000
1.350000
386.292724
18.899993
495.642684
2.000000
985.885378
376.842728
1278.835276
557.742663
2.000000
496.799827
376.842728
589.949794
460.542697
2.000000
722.056896
380.892726
811.156865
447.042703
2.000000
163.349942
387.449864
265.949906
463.949844
2.000000
673.649765
391.499863
715.499751
427.949848
2.000000
695.249758
386.099865
730.349743
438.749846
2.000000
858.406848
372.792730
1052.806780
490.242689
2.000000
445.114132
410.592715
453.214131
421.392710
2.000000
430.264138
406.542717
443.764130
421.392709
2.000000
415.414143
407.892717
427.564138
422.742712
2.000000
384.364152
402.492719
412.714143
425.442710
4.000000
400.949861
401.528431
411.749856
420.428421
4.000000
849.149704
377.228436
859.949698
431.228417
7.000000
298.349897
353.892727
323.999888
370.092724
7.000000
357.749875
347.335591
368.549870
356.785588
6.000000
409.049857
328.242744
413.099853
343.092739
6.000000
606.149787
328.242744
612.899785
347.142737
6.000000
294.299897
368.742730
309.149892
383.592725
1.000000
472.499834
382.628434
507.599821
419.078424
2.000000
21.599991
391.049870
161.999942
476.099841
4.000000
294.299897
391.949867
303.749894
414.899858
