7.000000
304.102619
306.761806
322.907940
325.567127
7.000000
570.903117
290.307150
587.357774
309.112470
7.000000
900.466372
148.091906
929.849685
182.176551
7.000000
927.499021
109.305930
972.161660
157.494566
7.000000
955.707003
176.299888
969.810996
193.929877
7.000000
959.233000
190.403880
1003.895639
202.157204
6.000000
127.802732
256.222505
145.432721
298.534477
6.000000
185.394027
270.326497
197.147353
287.956484
6.000000
291.173960
228.014522
304.102619
246.819845
6.000000
630.845079
199.806540
646.124402
225.663856
6.000000
970.986327
249.170509
1000.369642
276.203158
6.000000
276.594930
224.880303
290.698920
251.912952
6.000000
612.740051
197.847654
631.545372
227.230969
6.000000
787.864606
223.704970
804.319262
268.367609
6.000000
855.119739
160.910368
873.925061
194.995013
2.000000
383.830043
313.189405
469.919350
362.674062
2.000000
444.062033
327.293397
491.075338
355.501380
2.000000
609.493899
322.712754
637.701882
347.394737
2.000000
208.705488
335.641413
295.680099
381.479385
9.000000
0.000000
316.869669
126.627399
366.233637
7.000000
121.926068
298.534477
136.030059
327.917793
2.000000
0.000000
364.353104
199.498019
693.446230
2.000000
628.280549
314.487167
709.378497
450.825748
1.000000
1131.322899
253.369872
1277.064140
315.800952
2.000000
640.033875
305.476276
1093.712256
628.692739
2.000000
231.018135
300.383174
470.785983
495.488385
