2.000000
43.276647
266.715522
200.868553
327.327795
2.000000
0.000000
282.144100
47.684811
374.715570
4.000000
129.235868
255.695108
153.480778
332.838000
2.000000
349.644130
286.552264
409.154361
317.409422
2.000000
399.235988
277.735934
445.521724
314.103297
2.000000
690.174895
260.103274
812.501482
380.225777
2.000000
811.399441
299.776762
847.766804
328.429836
2.000000
838.950472
303.082885
883.032126
341.654332
2.000000
875.317837
300.878803
963.481140
355.980869
2.000000
938.134189
303.082885
1057.154651
369.205363
2.000000
1027.399536
275.531852
1270.950664
398.960480
2.000000
1230.175137
325.123711
1278.347643
421.001306
2.000000
410.256402
242.470612
761.807582
509.164611
7.000000
974.501554
162.021597
1049.440364
185.164468
7.000000
999.000450
196.163353
1026.551483
219.306222
