7.000000
145.031658
163.280674
170.644312
178.648266
7.000000
106.612674
174.806368
143.751025
192.735227
7.000000
311.513913
181.209532
334.565301
201.699655
7.000000
1112.549689
147.913081
1136.881711
194.015858
2.000000
670.197810
275.762920
681.723504
286.007981
2.000000
662.514016
278.324184
676.600973
287.288613
2.000000
653.549586
279.604817
666.355914
291.130514
2.000000
636.901360
283.446713
656.110852
297.533674
2.000000
625.375665
286.007981
643.304524
306.498105
2.000000
618.972502
284.727346
633.059463
306.498103
2.000000
594.640481
286.007981
627.936932
311.620635
2.000000
572.869723
279.604817
601.043643
315.462533
2.000000
517.802517
270.640387
580.553521
324.426961
2.000000
690.687935
271.921020
702.213629
291.130512
2.000000
694.529832
271.921020
704.774894
293.691775
2.000000
697.091098
271.921020
707.336160
296.253041
2.000000
703.494262
273.201652
717.581222
300.094939
2.000000
713.739326
259.114692
730.387550
305.217470
2.000000
720.142488
257.834061
757.280837
306.498106
2.000000
744.474511
247.589000
831.557536
321.865697
