2.000000
379.653232
312.979731
414.918554
336.673620
2.000000
715.775832
252.367460
932.877970
342.734847
2.000000
321.506780
320.694022
369.734860
354.857302
2.000000
384.323135
324.000145
621.274465
511.443976
2.000000
214.608773
322.898103
252.078177
346.040971
2.000000
558.445662
300.857277
608.037520
324.000145
2.000000
411.061409
325.653207
438.612441
337.775661
2.000000
519.061458
312.428712
531.183913
323.449125
2.000000
461.755309
303.612381
515.755334
324.551165
2.000000
639.183959
290.387886
719.632974
328.959332
7.000000
0.000000
297.551154
36.918384
309.355879
