2.000000
870.786615
362.651015
1270.455581
583.200524
2.000000
545.461064
413.814502
704.306452
509.620113
2.000000
311.752629
442.020691
408.247490
518.527331
2.000000
492.866060
442.020691
558.185658
504.371216
2.000000
448.329970
453.896983
512.165033
498.433072
2.000000
411.216564
449.443374
469.113478
501.402146
2.000000
388.948519
449.443374
430.515536
491.010391
2.000000
1.484535
407.876356
154.391777
584.536180
2.000000
47.505162
396.742334
213.773230
542.226896
7.000000
272.412416
425.319658
290.226852
444.618631
7.000000
277.608293
456.494921
289.484585
465.402139
6.000000
215.257767
427.546463
227.134059
445.360898
4.000000
714.061973
411.216564
751.175384
544.824833
2.000000
700.701146
416.659858
920.412523
547.299053
