6.000000
430.475145
69.874226
442.952685
111.050110
6.000000
668.796168
134.757438
678.778200
167.199044
6.000000
452.934718
71.121979
472.898781
116.041126
6.000000
682.521461
137.252944
696.246757
168.446795
6.000000
1011.928529
182.172091
1035.635854
213.365942
6.000000
1035.635855
182.172091
1060.590937
213.365942
7.000000
395.538032
192.154123
425.484130
199.640648
7.000000
413.006588
202.136156
441.704930
212.118188
7.000000
782.341785
210.870433
807.296867
220.852468
7.000000
968.257137
112.297865
1030.644839
129.766420
7.000000
999.450988
24.955081
1028.149331
52.405671
7.000000
1001.946496
56.148932
1059.343182
71.121979
7.000000
716.210821
247.055301
726.192853
273.258135
7.000000
53.653424
214.613695
74.865242
247.055301
7.000000
731.183869
286.983431
741.165902
300.708725
2.000000
521.561191
289.478937
541.525256
303.204231
2.000000
476.642044
293.222200
535.286485
333.150329
2.000000
701.237772
293.222200
717.458575
321.920543
2.000000
742.413655
254.541825
938.311040
391.794768
2.000000
0.000000
260.780595
147.234978
359.353164
2.000000
893.391895
202.136156
1278.482957
474.146536
2.000000
92.333799
272.010380
361.848672
416.749849
2.000000
535.286485
219.604713
708.724296
403.024557
6.000000
396.785786
248.303056
410.511080
263.276103
6.000000
414.254343
248.303056
425.484130
263.276103
7.000000
452.934718
244.559792
461.668995
260.780596
7.000000
989.468956
145.987224
1019.415053
172.190058
