2.000000
217.360691
380.228151
264.812672
426.149421
2.000000
445.742481
375.636024
456.457445
387.881696
2.000000
451.865317
374.105315
464.110989
386.350988
2.000000
457.988154
369.513187
477.887372
387.881696
2.000000
471.764536
369.513187
506.970845
403.188787
2.000000
390.636954
377.166734
409.923899
389.412406
2.000000
370.125462
371.962307
395.229080
390.330818
7.000000
505.133998
335.735530
528.094634
357.165457
7.000000
589.322998
321.959148
605.970091
345.219323
7.000000
679.124605
246.954403
748.006514
306.652057
7.000000
694.431696
303.590638
737.291550
328.081986
2.000000
491.051479
372.472548
527.788497
422.475706
2.000000
0.000000
383.168966
142.355946
478.655164
2.000000
145.417363
375.823874
244.913454
443.905635
2.000000
269.404799
376.554434
324.510326
413.291452
2.000000
497.174316
370.431599
593.608988
437.782798
2.000000
403.801061
376.554434
419.108152
388.800107
2.000000
359.410498
378.085144
380.840424
393.392235
