6.000000
587.692154
391.794769
598.921941
410.511080
6.000000
673.787183
421.740866
681.273707
435.466161
7.000000
801.058095
395.538032
817.278898
410.511080
7.000000
806.049112
411.758834
817.278898
426.731883
2.000000
620.133759
429.227391
631.363546
441.704931
2.000000
631.363546
431.722899
641.345578
441.704931
2.000000
637.602316
435.466161
646.336594
450.439209
2.000000
642.593332
440.457177
656.318626
455.430226
2.000000
652.575364
441.704931
672.539429
461.668996
2.000000
663.805151
457.925734
688.760232
477.889797
2.000000
686.264723
459.173488
721.201838
486.624077
2.000000
726.192853
460.421242
762.377720
504.092633
2.000000
738.670393
462.916750
816.031144
516.570174
2.000000
835.995209
466.660012
1005.689757
558.993811
2.000000
607.656219
435.466161
621.381513
446.695947
2.000000
592.683170
430.475145
606.408465
441.704931
2.000000
546.516271
440.457177
571.471352
455.430226
2.000000
519.065682
446.695947
541.525255
459.173488
2.000000
526.552206
456.677980
556.498303
475.394289
2.000000
501.597125
451.686963
530.295468
476.642044
2.000000
489.119585
456.677980
511.579158
481.633059
2.000000
471.651028
445.448193
491.615093
476.642044
2.000000
449.191455
446.695947
476.642044
484.128570
2.000000
416.749850
451.686963
462.916750
486.624078
2.000000
540.277500
447.943701
621.381513
511.579159
2.000000
351.866640
441.704931
426.731883
500.349371
2.000000
178.428828
449.191455
321.920543
526.552206
2.000000
0.000000
434.218407
114.793372
556.498303
