7.000000
664.657701
112.442093
707.135825
122.436946
6.000000
682.148692
157.418928
694.642259
182.406061
6.000000
680.899337
184.904774
700.889042
204.894479
6.000000
402.292818
164.915068
412.287671
186.154129
2.000000
179.907348
207.393192
266.112951
251.120673
2.000000
161.166998
207.393192
217.388044
253.619385
4.000000
238.627107
221.136115
261.115526
262.364883
2.000000
244.873890
252.370030
332.328851
316.087215
2.000000
147.424077
249.871316
267.362308
326.082068
2.000000
827.074058
238.627107
857.058615
268.611664
2.000000
674.652554
234.879037
774.601080
308.591075
6.000000
837.068911
167.413781
852.061189
194.899626
6.000000
788.344003
161.166998
797.089500
182.406059
7.000000
779.598507
184.904774
802.086925
206.143836
6.000000
760.858157
128.683727
773.351724
164.915068
2.000000
714.631965
252.370030
829.572769
327.331425
2.000000
574.704026
193.650269
587.197593
207.393192
2.000000
592.195019
202.395766
602.189871
214.889332
2.000000
594.693732
212.390619
608.436654
223.634829
2.000000
608.436656
216.138689
648.416066
248.621960
2.000000
573.454671
212.390619
588.446951
222.385470
2.000000
552.215608
214.889332
584.698879
226.133542
2.000000
542.220755
211.141262
552.215608
222.385472
2.000000
522.231051
211.141262
537.223330
222.385472
2.000000
467.259362
217.388045
492.246495
239.876465
2.000000
452.267082
217.388045
477.254215
242.375178
2.000000
419.783811
217.388045
463.511292
248.621960
2.000000
453.516439
223.634829
639.670570
387.300540
4.000000
397.295393
218.637402
407.290246
244.873890
2.000000
1099.433792
299.845580
1279.341138
545.968827
2.000000
0.000000
227.382899
243.624533
559.711748
