7.000000
928.259990
214.863159
989.649463
280.089475
2.000000
0.000000
306.947370
212.049459
491.115792
2.000000
213.328407
294.157896
388.544198
438.678950
2.000000
384.707355
322.294739
462.723146
387.521056
2.000000
778.623145
309.505265
1006.275777
496.231582
2.000000
781.181041
345.289394
813.326174
388.800003
2.000000
874.544200
228.529686
1279.970515
688.582896
2.000000
504.928408
328.689475
681.597274
393.190812
7.000000
833.285100
268.447535
855.239916
278.426997
2.000000
106.780246
314.353061
208.570761
340.299664
