2.000000
0.000000
450.535060
148.164283
552.989097
2.000000
142.910230
450.535060
271.634533
528.032344
2.000000
261.126427
451.848572
358.326411
514.897211
2.000000
342.564251
449.221547
404.299376
500.448566
2.000000
395.104784
447.908033
447.645315
491.253972
2.000000
434.510182
445.281006
473.915581
482.059378
2.000000
870.596595
443.967494
958.601985
516.210725
2.000000
835.131736
446.594519
890.299295
496.508025
2.000000
815.429036
443.967494
853.520921
484.686405
2.000000
752.380398
443.967494
782.591203
496.508025
2.000000
711.661486
442.653980
768.142558
497.821539
2.000000
600.012855
436.086413
636.791228
471.551272
2.000000
584.250697
455.789113
605.266910
470.237758
2.000000
568.488538
446.594519
588.191237
467.610731
2.000000
557.980432
446.594519
572.429077
470.237758
2.000000
521.202059
447.908033
557.980432
470.237758
2.000000
899.493887
450.535060
1025.591163
534.599911
2.000000
597.385830
443.967494
783.904717
602.902603
1.000000
687.044054
397.574727
745.812833
449.221545
2.000000
783.904717
445.281006
816.981465
470.137177
6.000000
530.396652
354.648588
540.904758
375.664802
6.000000
760.261478
370.410749
769.456070
386.172908
6.000000
519.888546
354.648588
527.769626
371.724261
6.000000
753.693911
369.097235
762.888504
386.172908
6.000000
882.418215
412.443174
903.434428
428.205335
6.000000
400.358837
415.070202
418.748023
428.205335
6.000000
488.364226
420.324255
505.439899
433.459388
7.000000
864.029028
358.589129
888.985781
375.664802
7.000000
866.656056
388.799935
888.985781
401.935068
7.000000
498.872332
404.562094
510.693952
411.129661
7.000000
410.866942
378.291829
435.823695
390.113449
4.000000
1015.083057
443.967494
1042.666835
505.702619
6.000000
833.856453
414.449717
849.043942
429.637206
