7.000000
469.196356
193.486398
481.921431
200.338361
7.000000
446.682762
196.422954
484.857987
205.232621
7.000000
505.413877
198.380658
517.160101
204.253768
7.000000
486.815691
202.296065
519.117803
208.169177
2.000000
1.779740
175.673328
274.879422
359.697486
2.000000
1175.957079
305.860631
1278.736528
345.993559
2.000000
877.407249
246.150665
984.102106
303.902927
2.000000
302.900282
211.992809
392.954657
284.427850
2.000000
394.912361
208.077402
576.978815
352.947484
2.000000
620.048299
243.316070
757.087565
331.412742
2.000000
1000.899014
276.074474
1076.270611
304.461178
