4.000000
1.014053
178.225089
42.949370
335.482519
4.000000
89.377753
193.201986
131.313068
272.579547
4.000000
224.169836
211.174264
273.593600
332.487139
4.000000
263.109771
253.109578
290.068187
308.524102
4.000000
327.510432
260.598029
343.985019
301.035651
4.000000
92.373132
203.685816
176.243761
384.906281
4.000000
986.493950
244.123440
1022.438506
332.487139
4.000000
748.361270
268.086477
764.835858
317.510240
2.000000
363.454989
233.639611
387.418025
319.007931
2.000000
382.924956
158.755120
666.471967
422.348524
6.000000
920.595599
157.257430
932.577117
190.206607
6.000000
953.544774
161.750500
968.521672
190.206607
7.000000
938.567877
191.704296
974.512433
203.685816
7.000000
920.595599
209.676573
949.051706
221.658093
7.000000
1137.760622
119.815185
1194.672835
142.280534
7.000000
1140.756000
145.275912
1193.175146
164.745879
6.000000
902.623321
235.137302
922.093287
254.607268
2.000000
1259.073496
272.080317
1278.543463
330.490219
7.000000
77.396234
44.431465
146.289967
66.896812
7.000000
96.866201
15.975358
119.331548
39.938396
7.000000
21.981710
1.497690
98.363890
14.477669
6.000000
360.459608
108.832127
373.938815
144.776682
6.000000
571.633872
96.850608
583.615391
138.785923
6.000000
583.615391
98.348298
606.080738
137.288234
6.000000
236.151354
15.975358
260.114390
56.912213
6.000000
98.363891
107.334437
123.824618
144.776682
6.000000
143.294585
116.320575
176.243761
150.767441
7.000000
290.068187
192.702756
305.045085
234.638071
7.000000
111.843099
65.399122
131.313066
96.850608
1.000000
0.000000
177.725858
215.183697
304.530263
6.000000
379.929576
214.169643
388.915714
232.141921
