7.000000
874.675583
222.100221
900.878419
270.762626
6.000000
678.778199
330.654820
687.512478
350.324761
6.000000
708.724296
331.902576
718.706330
348.637260
2.000000
1177.879816
365.591936
1279.356147
583.948892
2.000000
880.914354
331.902576
1199.091635
510.331403
2.000000
824.765422
356.857656
913.355959
461.668995
2.000000
782.341784
346.875625
865.941305
414.254343
2.000000
763.625475
361.848672
796.067080
399.281294
2.000000
748.652426
359.353165
774.855262
396.785787
2.000000
734.927130
358.105410
752.395688
390.547015
2.000000
723.697345
366.839689
736.174886
386.803752
2.000000
712.467559
371.830705
724.945099
381.812737
2.000000
137.252944
330.654820
274.505889
389.137234
2.000000
314.434020
356.857656
373.078460
390.547015
2.000000
371.830705
363.096425
396.785786
386.803752
2.000000
399.281294
363.096425
432.970653
383.060490
2.000000
434.218406
364.344181
465.412258
384.308245
2.000000
467.907766
365.591936
495.358356
383.060492
2.000000
546.516272
365.591936
573.966861
381.812738
2.000000
606.408464
373.078459
626.372529
386.803752
2.000000
631.363546
371.830705
648.832102
386.803752
2.000000
661.309643
364.344181
683.769214
381.812738
2.000000
693.751247
369.335196
711.219803
383.060490
2.000000
585.794123
368.887247
607.731608
384.074737
