6.000000
461.702885
138.710800
471.044202
163.279504
6.000000
300.470763
141.781887
309.684028
163.279504
6.000000
149.987452
193.990385
165.342891
206.274737
6.000000
447.882989
140.246344
457.096253
163.279504
6.000000
598.366300
190.919295
610.650652
209.345824
6.000000
613.721742
190.919295
629.077181
209.345824
6.000000
153.058539
163.279504
177.627243
172.492768
7.000000
510.840293
169.421681
530.802365
186.312665
7.000000
529.266821
166.350591
549.228892
183.241576
7.000000
497.020397
169.421681
513.911381
190.919297
7.000000
480.129413
144.852977
497.020397
164.815048
6.000000
595.295213
126.426450
607.579565
149.459609
7.000000
606.044022
163.012390
638.290446
174.028311
7.000000
295.864133
177.099400
309.684029
190.919297
1.000000
312.755115
181.706033
380.319054
256.947689
2.000000
358.821437
221.630176
418.731738
298.012297
2.000000
260.106847
218.559089
340.394908
274.387311
4.000000
243.655635
221.630176
260.546620
258.483232
4.000000
217.551389
213.952456
243.655637
253.876602
2.000000
71.674708
218.559089
232.906828
316.833905
7.000000
0.000000
138.710800
21.001757
150.995152
4.000000
28.679476
203.203647
48.641548
243.127793
4.000000
7.181858
197.061472
25.608389
233.914530
2.000000
0.000000
224.701265
57.854813
306.085097
2.000000
386.461227
183.241576
541.551173
355.222505
4.000000
561.513244
218.559089
583.010861
263.089864
4.000000
604.508477
210.881369
647.503710
308.137288
4.000000
641.361533
212.416912
672.072416
296.871833
4.000000
1037.531886
152.530696
1174.195303
409.387220
