2.000000
1.741176
424.618702
174.711303
649.632938
2.000000
186.956975
350.532381
529.835813
552.585981
4.000000
532.897230
329.102453
563.511412
424.006417
4.000000
554.327157
345.940253
566.572829
416.352871
4.000000
560.449992
341.348127
603.309848
417.883580
7.000000
468.607447
261.751254
511.467303
304.611108
7.000000
459.423195
247.974873
514.528721
261.751254
2.000000
595.656302
304.611108
848.223302
558.708816
2.000000
805.363448
350.532381
837.508338
408.699327
7.000000
823.731955
322.979617
835.977627
341.348127
7.000000
940.065847
324.510326
952.311519
339.817418
7.000000
924.758757
315.326071
950.780810
321.448907
7.000000
992.109955
269.404800
1024.254846
296.957564
7.000000
992.109955
232.667781
1034.969811
266.343380
7.000000
982.925701
194.400054
1031.908392
211.237854
7.000000
903.328828
217.360689
929.350883
235.729199
9.000000
858.938265
321.448909
930.881592
401.045781
4.000000
933.943010
342.878836
949.250101
402.576490
4.000000
952.311519
352.063090
969.149320
401.045779
4.000000
949.250101
352.063090
958.434356
402.576490
4.000000
961.495774
350.532381
976.802862
394.922944
7.000000
940.065847
321.448909
955.372935
338.286709
7.000000
633.924030
284.711890
658.415376
295.426853
2.000000
604.840557
365.839471
632.393319
388.800109
4.000000
995.360994
320.943684
1035.708200
421.811700
4.000000
971.519463
324.611612
1002.696850
412.641880
