7.000000
1.919525
118.124919
45.794495
148.837393
7.000000
597.606615
219.374849
607.731608
241.312334
7.000000
710.669038
234.562339
725.856527
258.187322
7.000000
422.106736
217.687350
447.419219
234.562339
7.000000
452.481715
224.437346
479.481697
231.187341
6.000000
450.794216
229.499842
454.169214
246.374831
6.000000
499.731683
229.499842
506.481678
246.374831
6.000000
536.856657
234.562339
541.919154
251.437327
2.000000
471.044202
263.249819
487.919191
286.874803
2.000000
584.106625
263.249819
609.419107
283.499805
2.000000
617.856601
266.624817
638.106587
285.187304
2.000000
638.106587
268.312316
660.044072
283.499805
2.000000
665.106569
266.624817
698.856546
281.812306
2.000000
471.044202
259.874821
599.294114
374.624742
