6.000000
589.153037
356.758049
595.295212
375.184577
6.000000
512.375837
382.862297
526.195732
419.715355
6.000000
930.043806
375.184577
940.792614
405.895457
6.000000
1098.953647
382.862297
1112.773543
408.966545
6.000000
879.370854
405.895457
885.513029
419.715355
6.000000
309.684028
301.478466
328.110555
332.189346
6.000000
378.783508
353.686961
389.532315
373.649033
7.000000
312.755116
292.265201
325.039469
304.549553
7.000000
512.375837
369.042401
527.731277
379.791209
7.000000
827.162358
350.615873
874.764222
385.933386
7.000000
874.764222
333.724889
939.257070
381.326753
7.000000
509.304749
421.250899
527.731277
442.748515
7.000000
512.375837
451.961777
529.266821
470.388305
7.000000
547.693349
441.212971
563.048789
459.639499
7.000000
922.366086
412.037633
942.328158
435.070796
7.000000
1012.963182
407.431001
1039.067429
431.999707
7.000000
1016.034270
436.606339
1035.996343
453.497323
7.000000
1198.764007
389.004473
1220.261623
412.037633
2.000000
97.778955
439.677427
222.158020
501.099187
1.000000
0.000000
407.431001
122.347660
491.885921
2.000000
480.129413
442.748515
513.911381
470.388307
2.000000
834.840078
435.070795
862.479870
455.032867
2.000000
1204.906183
419.715355
1280.000000
482.672659
