6.000000
518.294169
140.399897
536.856657
165.712380
6.000000
810.231469
158.962386
830.481455
194.399862
6.000000
467.669205
253.462322
489.606688
270.337310
6.000000
1009.356331
266.962311
1026.231321
283.837300
6.000000
258.419349
77.962441
287.106829
123.524911
2.000000
602.669112
304.087286
627.981593
324.337271
2.000000
980.668852
315.899778
1164.606226
407.024714
2.000000
381.606765
283.837300
455.856713
346.274758
2.000000
261.794347
270.337310
334.356797
315.899779
2.000000
172.356908
263.587314
219.606875
300.712288
2.000000
244.919359
278.774803
271.919339
312.524780
2.000000
449.106717
290.587295
474.419199
319.274775
2.000000
582.419126
300.712288
602.669112
319.274775
2.000000
1.023142
228.931580
174.959985
370.894739
2.000000
648.170514
310.784212
666.075777
332.526318
2.000000
666.075777
304.389475
701.886304
338.921054
2.000000
793.970515
315.900002
829.781041
331.247370
2.000000
819.549462
319.736844
865.591568
345.315791
