7.000000
647.644015
244.192961
669.178758
252.023777
7.000000
586.955196
258.875740
613.384201
271.600814
7.000000
775.606651
253.981481
793.225987
262.791148
7.000000
973.334735
135.540399
1032.065848
184.482995
7.000000
976.271291
229.510181
1018.361925
278.452776
7.000000
930.888161
246.670681
941.655532
250.586089
7.000000
928.930456
249.607236
939.697827
254.501492
6.000000
725.329261
246.018121
738.054335
257.764347
6.000000
926.972753
236.229603
935.782420
246.018120
6.000000
854.864037
232.314195
862.694852
241.123860
2.000000
158.574009
301.486387
228.072495
333.788500
2.000000
111.589117
307.359497
166.404822
338.682759
2.000000
45.027189
316.169165
109.631414
345.534722
2.000000
291.697867
306.054368
354.344389
324.652554
2.000000
350.428982
302.138959
401.329281
321.715996
2.000000
429.063428
295.939569
459.407837
312.580052
2.000000
478.984875
290.066457
505.413878
305.728087
2.000000
572.628366
284.193346
596.120811
298.876125
2.000000
596.120811
283.214493
622.549811
297.897272
2.000000
791.238663
275.057385
806.900293
284.845903
2.000000
764.809660
276.036237
784.386699
285.824756
2.000000
811.794554
272.120829
837.244702
282.888200
2.000000
891.734084
269.184275
922.078490
287.782461
2.000000
851.927481
250.586087
893.039261
278.972791
2.000000
0.978853
315.190312
54.815707
359.238648
2.000000
1038.888194
265.268866
1106.428975
295.613272
2.000000
993.534683
270.163126
1040.519577
295.613272
2.000000
930.888161
267.226570
957.317164
292.676718
2.000000
950.465200
264.290014
991.576980
293.655571
2.000000
540.265074
282.105121
568.651778
302.661010
