7.000000
418.869511
270.163126
473.519609
344.468657
9.000000
0.000000
190.206606
132.810757
477.763049
2.000000
373.523840
367.533083
416.956844
404.975329
2.000000
316.611627
366.035393
385.505358
410.966087
2.000000
222.257167
354.053874
319.607005
424.445295
2.000000
102.441982
363.040014
192.303371
439.422194
2.000000
540.666023
366.035390
555.642921
384.007667
2.000000
563.131370
366.035390
573.615198
378.016907
2.000000
569.122128
369.030769
584.099027
384.007669
2.000000
585.596717
366.035390
602.071305
382.509978
2.000000
658.983519
370.528460
687.439624
392.993807
2.000000
747.347217
369.030769
763.821805
395.989186
2.000000
756.333356
369.030769
790.780222
404.975326
2.000000
777.301013
366.035390
820.734019
410.966084
2.000000
799.766360
363.040011
868.660092
415.459154
2.000000
832.715536
367.533080
910.595407
428.938362
2.000000
876.148541
366.035390
989.972968
440.919880
2.000000
1141.239638
366.035390
1253.566374
412.463773
2.000000
995.963726
373.523839
1241.584855
469.375986
2.000000
1207.137990
381.012288
1279.027101
466.380607
1.000000
603.568994
331.588524
657.485827
398.984565
2.000000
596.080545
367.533080
652.992758
413.961464
7.000000
993.904380
384.050451
1046.323523
436.469595
7.000000
717.767843
333.235983
734.242432
346.715192
2.000000
707.284013
366.185159
732.744740
390.148196
6.000000
633.039155
302.533342
643.522983
323.501000
6.000000
628.546085
322.003309
640.527604
335.482517
