2.000000
0.718658
217.038026
480.430184
623.085984
2.000000
477.315972
275.190322
507.859402
290.462038
2.000000
503.367722
268.901969
559.064566
290.462037
2.000000
556.369557
265.308624
611.168065
287.767027
2.000000
586.912988
259.020271
659.678219
284.173687
2.000000
642.609830
259.918607
692.018322
280.580339
2.000000
707.589492
250.036909
777.659715
287.767029
2.000000
853.718864
250.935245
889.652312
268.901971
2.000000
886.058967
250.036909
912.110714
266.206959
2.000000
906.720699
245.545228
929.179102
264.410288
2.000000
926.484095
243.748556
939.959139
263.511952
2.000000
1053.448926
228.776285
1092.077381
258.421381
2.000000
1195.386044
226.081276
1208.861086
240.454652
2.000000
1175.622648
223.386267
1189.996024
243.149664
2.000000
1223.234466
222.487931
1231.319491
237.759647
2.000000
809.400909
239.855763
852.521045
275.789211
4.000000
405.748518
271.297530
416.528550
295.552607
4.000000
403.053509
271.297530
408.443526
295.552607
4.000000
677.345488
255.127478
686.328850
278.484218
4.000000
669.260463
256.025815
680.040497
279.382556
4.000000
801.615337
255.726374
807.903690
272.794760
4.000000
796.225321
253.929701
802.513675
271.896425
4.000000
540.498946
264.110840
549.482307
288.365917
4.000000
528.820577
263.212504
538.702277
288.365918
4.000000
521.633886
263.212504
530.617249
286.569243
7.000000
896.124646
216.818031
906.507551
232.791734
6.000000
1228.522819
159.312708
1241.301780
177.682465
2.000000
1010.151194
237.551748
1024.527523
251.928076
7.000000
761.417837
140.112172
780.586278
168.864834
