2.000000
1.397853
116.935147
82.672412
253.124951
2.000000
66.197839
82.887696
403.377436
304.745281
2.000000
379.214728
108.148709
501.126572
198.209709
2.000000
492.340132
130.114806
543.960460
168.555474
2.000000
545.058765
127.918196
641.709595
206.996147
7.000000
626.333326
58.724989
671.363826
81.789390
7.000000
652.692643
47.741940
665.872301
58.724989
7.000000
804.258716
70.806342
825.126506
80.691086
7.000000
804.258716
82.887696
830.618033
104.853794
7.000000
876.746839
79.592782
899.523132
105.437268
7.000000
729.960862
117.989318
744.238825
126.775757
6.000000
570.706656
104.809659
578.394788
114.694403
6.000000
577.296484
112.497794
587.181228
124.579146
6.000000
619.032069
108.104574
628.916811
115.792708
6.000000
615.737154
115.792708
627.818507
125.677452
6.000000
609.147326
116.891012
619.032067
124.579146
6.000000
523.170663
120.813536
531.957102
129.599975
