7.000000
516.759034
232.404640
586.615304
272.322509
7.000000
279.425083
200.687089
311.858351
215.656289
7.000000
270.942536
217.652183
297.388125
232.122410
7.000000
266.451774
242.600852
286.410710
256.073132
7.000000
945.754124
171.746633
991.659672
186.715834
7.000000
960.723324
238.110089
990.661725
256.073129
7.000000
951.242830
108.776193
981.181231
151.687903
6.000000
1001.716755
39.418895
1026.166450
85.549673
6.000000
290.080222
271.441510
302.055583
295.891205
4.000000
341.973454
353.938440
370.414934
434.273151
4.000000
306.546345
348.449732
342.472427
443.753644
4.000000
359.936494
307.533916
400.852309
433.275202
2.000000
68.030200
298.060405
244.223543
418.459189
2.000000
204.256805
312.856298
282.096649
390.696143
2.000000
541.895467
153.184822
1008.435562
575.482613
4.000000
40.132921
358.259797
92.990923
532.984862
4.000000
0.000000
337.703907
43.069476
537.389696
7.000000
44.537754
0.000000
107.673702
44.048336
7.000000
31.323253
54.326281
122.356481
86.628394
6.000000
0.000000
139.486396
37.196365
182.066454
