7.000000
719.954083
177.181074
801.058094
273.258135
7.000000
573.966860
451.686963
601.417449
522.808944
3.000000
344.380116
477.889798
625.124775
707.476542
7.000000
41.175883
465.412258
62.387702
490.367339
2.000000
0.000000
491.615093
42.423637
590.187662
2.000000
32.441605
512.826912
61.139948
570.223598
2.000000
43.671391
516.570174
78.608506
557.746057
2.000000
51.157916
506.588141
92.333799
551.507287
2.000000
77.360751
515.322420
102.315832
545.268517
2.000000
88.590537
516.570174
109.802356
544.020763
2.000000
106.059094
516.570174
128.518665
540.277499
2.000000
245.807546
486.624077
440.457177
661.309643
2.000000
222.100220
500.349371
291.974446
611.399481
2.000000
200.888401
505.340387
248.303055
586.444400
2.000000
184.667598
507.835895
219.604713
565.232581
2.000000
173.437812
505.340387
207.127171
552.755041
2.000000
159.712517
506.588141
195.897386
545.268518
2.000000
122.279896
516.570174
145.987223
527.799960
