2.000000
570.468813
501.180123
607.194273
542.802311
2.000000
384.393148
503.750893
399.083332
514.768531
2.000000
369.702965
507.545865
389.289878
523.460231
2.000000
412.549335
503.750893
426.015336
518.441076
2.000000
423.566974
504.975076
451.723159
520.889442
2.000000
605.358000
495.181620
697.171650
550.269810
2.000000
709.413470
489.060710
881.411041
599.237090
9.000000
507.627467
448.458676
605.562028
541.496508
7.000000
416.221881
439.175293
432.136247
452.641295
7.000000
408.876789
459.986387
419.894427
469.779843
7.000000
320.735684
489.366755
331.753322
494.263482
7.000000
486.612346
482.595156
501.302529
492.479900
7.000000
1188.435910
251.936660
1260.662647
302.128123
7.000000
379.496420
471.922162
389.289877
480.491435
4.000000
343.769426
514.281258
349.260951
530.755831
4.000000
333.884682
515.379563
342.671121
535.149051
