7.000000
161.740281
143.203675
227.846057
193.803155
7.000000
197.649592
197.883758
243.352348
244.402636
2.000000
616.319495
264.805653
648.148201
297.450480
2.000000
607.342166
278.679704
632.641906
305.611687
2.000000
580.410184
277.863584
626.112943
319.485736
2.000000
548.581478
273.782980
577.961824
288.473152
2.000000
454.727601
271.426659
535.523547
324.382460
2.000000
0.148390
288.398961
124.198732
410.000939
2.000000
475.872545
284.392549
623.590384
404.362287
2.000000
198.391516
254.196084
418.744098
405.178408
