6.000000
561.489319
316.929527
570.223598
330.654821
2.000000
87.342783
306.947495
426.731883
517.817928
2.000000
525.304452
349.371132
681.273708
471.651028
3.000000
394.290278
358.105410
446.695947
461.668996
2.000000
960.770613
356.857656
1277.700140
588.939908
2.000000
811.040128
331.902575
1058.095429
489.119585
2.000000
406.767818
360.600918
486.624077
446.695948
2.000000
474.146536
361.848672
517.817929
422.988620
2.000000
496.606109
361.848672
534.038729
396.785787
2.000000
482.880815
351.866640
537.781993
386.803754
2.000000
718.706329
366.839689
806.049112
424.236375
2.000000
691.255740
356.857656
764.873228
413.006588
2.000000
666.300659
366.839689
701.237773
396.785786
4.000000
30.936333
308.365384
65.864451
434.106609
