2.000000
662.956580
200.099217
682.793321
225.446169
0.000000
956.571859
199.986059
1042.531081
280.435075
0.000000
1037.020874
193.373810
1110.857641
284.843240
0.000000
1075.592321
192.271771
1142.816840
307.986109
0.000000
1131.796427
192.271771
1189.102576
310.190190
0.000000
1175.878079
195.577895
1276.163838
325.618768
0.000000
886.041214
212.108513
955.469817
272.720783
7.000000
627.963186
171.332986
646.697888
183.455442
2.000000
684.167294
185.659524
740.371403
231.945259
7.000000
1045.939972
67.540780
1069.432418
93.969781
7.000000
1163.402205
67.540780
1188.852351
86.138967
7.000000
896.175632
109.631415
911.837263
150.743197
7.000000
721.939993
155.637452
732.707366
181.087601
2.000000
574.676298
197.974610
600.797948
210.348023
2.000000
530.681940
197.974610
549.929472
207.598376
