7.000000
22.035276
297.721059
51.415648
314.859608
7.000000
23.259458
318.532153
57.536554
338.119067
7.000000
115.073106
264.668146
189.748208
324.653063
7.000000
128.539110
327.101427
172.609659
336.894887
7.000000
1024.395520
256.098871
1051.327524
289.151780
7.000000
1007.256973
287.927612
1088.052981
314.859616
7.000000
808.939490
391.983074
840.768220
400.552347
7.000000
977.876604
388.310527
992.566788
404.224893
7.000000
1014.602065
317.307971
1084.380443
378.517071
7.000000
1029.292249
378.517071
1073.362801
391.983072
7.000000
1159.055541
399.328165
1174.969910
420.139256
7.000000
1264.335194
380.965435
1279.025376
406.673260
7.000000
760.217023
400.552347
771.234661
431.156897
2.000000
597.400818
451.967991
609.642637
464.209810
2.000000
590.055724
454.416374
602.297543
470.330741
2.000000
563.123721
454.416374
598.624998
476.451652
2.000000
539.864263
453.192193
565.572087
477.675833
2.000000
625.557003
447.071282
650.040646
465.434012
2.000000
637.798823
455.640556
653.713192
472.779105
2.000000
650.040643
453.192193
672.075919
470.330741
2.000000
653.713189
456.864738
675.748465
476.451654
2.000000
670.851738
454.416374
710.025560
488.693470
2.000000
690.438650
459.313103
754.096115
505.832021
2.000000
609.397824
451.968011
622.863822
469.106559
2.000000
502.893989
450.743827
551.861271
492.366016
2.000000
1194.556821
460.537283
1279.025376
471.554920
2.000000
1184.763364
474.003286
1279.025374
503.383655
2.000000
889.735501
471.554922
1279.025375
718.839686
6.000000
591.279907
429.932734
597.400815
439.726191
2.000000
0.000000
592.748940
36.725459
718.839686
