7.000000
678.362629
107.866848
745.479779
129.440219
7.000000
285.247890
206.145534
322.402028
222.924823
6.000000
622.032163
123.447616
644.804054
148.616548
6.000000
318.806465
198.954411
337.982793
220.527781
6.000000
521.356438
182.175124
532.143124
196.557370
6.000000
467.423014
194.160328
477.011177
207.344053
6.000000
669.972985
151.013589
681.958190
165.395835
6.000000
119.852055
290.041972
146.219507
304.424219
6.000000
335.585753
201.351452
345.173917
206.145534
2.000000
565.701698
234.910027
644.804054
294.836054
2.000000
485.400821
242.101150
587.275069
337.982795
2.000000
433.864438
246.895234
475.812657
270.865643
2.000000
363.151726
263.674520
421.879231
300.828657
2.000000
270.865643
280.453808
385.923616
369.144328
6.000000
767.053151
160.601753
779.038356
173.785479
9.000000
768.251669
148.616548
855.743669
203.748493
2.000000
900.088930
136.631342
999.566136
182.175124
2.000000
991.176492
117.455013
1039.117314
151.013588
2.000000
1030.727670
101.874246
1066.683286
137.829864
2.000000
1064.286245
100.675726
1093.050737
130.638740
2.000000
958.816437
122.249095
1114.244360
193.401877
2.000000
1091.784787
92.333799
1161.659014
124.775404
2.000000
486.599342
222.924822
517.760877
240.902629
2.000000
541.525255
210.870433
558.993811
227.091236
