2.000000
476.044631
460.062947
545.735261
526.085649
2.000000
707.124085
474.734659
752.973181
507.746009
2.000000
718.127868
487.572407
833.667596
573.768711
2.000000
307.319952
441.723310
512.723910
588.440422
2.000000
0.000000
463.075889
355.788999
684.985522
2.000000
505.388054
452.727093
729.131651
650.795196
6.000000
342.034269
376.421094
354.872017
394.760733
6.000000
536.434443
385.590913
543.770300
405.764516
6.000000
519.928770
383.756949
530.932553
405.764516
6.000000
651.057188
410.349426
660.227009
425.021137
6.000000
756.968604
414.017352
766.138424
432.356992
6.000000
459.866450
406.681497
469.036269
428.689065
7.000000
319.109721
378.255058
335.615397
391.092805
7.000000
397.970168
398.428660
430.981519
420.436227
4.000000
897.419694
470.717413
919.427262
534.906150
2.000000
677.062662
411.189087
710.969615
420.876788
2.000000
756.178886
438.637573
775.554287
443.481423
2.000000
851.441277
419.262171
882.118996
427.335255
6.000000
875.660529
446.172460
891.806697
459.089394
