2.000000
601.417450
357.107204
666.300660
412.008382
2.000000
496.606108
350.868432
626.372528
456.927528
2.000000
857.207028
354.611695
957.027352
402.026350
2.000000
653.823118
352.116187
761.129966
441.954481
6.000000
709.972050
202.385703
732.431623
241.066078
6.000000
477.889798
262.277896
499.101617
292.223993
6.000000
457.925733
224.845276
474.146535
243.561584
6.000000
833.499700
257.286879
857.207026
280.994207
6.000000
686.264723
322.170090
706.228786
348.372926
6.000000
635.106808
337.143139
651.327609
348.372926
7.000000
626.372529
327.161105
640.097824
345.877416
7.000000
577.710122
272.259929
637.602316
312.188059
2.000000
965.761628
378.319022
1054.352165
421.990414
2.000000
985.725695
273.507683
1278.947895
429.476940
