2.000000
0.377542
420.284663
111.306335
600.406663
2.000000
1092.092590
430.169408
1278.804417
718.291388
1.000000
0.000000
320.705023
90.438542
481.057535
6.000000
219.306309
302.033842
230.289357
326.196549
6.000000
234.682578
300.935536
246.763931
328.393159
6.000000
212.716479
300.935536
223.699528
330.589768
6.000000
547.699467
259.199951
564.174040
293.247402
6.000000
574.058784
257.003341
585.041833
294.345709
6.000000
563.075735
254.806730
575.157088
294.345706
7.000000
820.079076
276.772829
862.912968
298.738926
7.000000
799.211283
313.016890
824.472296
328.393156
6.000000
827.767210
347.064340
862.912967
373.423657
2.000000
140.228358
396.488060
302.777479
518.399903
2.000000
314.858833
366.833829
581.746918
626.033779
2.000000
289.597821
430.535511
317.055444
461.288048
2.000000
301.679174
423.945682
331.333406
456.894828
2.000000
318.153748
423.945682
340.119847
453.599914
2.000000
661.923175
389.898231
843.143478
559.037182
2.000000
759.306213
360.244000
1268.919675
626.033778
4.000000
616.448583
411.280854
634.021460
449.721525
4.000000
586.934119
410.107042
607.801912
456.235847
