2.000000
551.952708
278.537620
566.039668
293.905211
2.000000
648.000163
275.976353
676.174084
314.395337
2.000000
663.367757
274.695724
710.751168
320.798502
2.000000
527.620687
275.336038
536.585115
289.422998
2.000000
512.253095
266.371609
531.462587
290.703631
2.000000
508.411196
272.774773
526.340054
291.984264
2.000000
489.201703
272.774773
512.253093
297.106794
2.000000
480.237275
272.774773
502.008031
304.790589
2.000000
413.644374
279.177935
430.292599
291.984264
2.000000
367.541596
280.458569
394.434882
320.158185
2.000000
322.719448
252.284647
356.015899
259.968444
2.000000
446.940825
275.336038
489.201705
309.913122
2.000000
534.023852
275.336038
557.075240
295.826163
2.000000
581.407262
271.494140
603.178018
293.264896
2.000000
608.300549
281.739202
637.755102
302.229323
2.000000
699.225473
262.956592
795.272928
332.110757
2.000000
183.642733
251.004015
377.018278
375.481523
4.000000
796.553561
275.656196
813.201786
324.320240
7.000000
1097.246131
164.433245
1131.823214
190.045899
2.000000
1.280633
285.901258
47.383412
306.391384
2.000000
861.133083
294.824449
904.128315
325.535329
