2.000000
105.984771
535.449556
126.963206
551.183382
2.000000
121.718597
538.196730
147.941640
550.434149
2.000000
147.941640
527.707512
202.135928
566.167973
2.000000
9.833615
538.196730
60.531498
562.671569
2.000000
202.135928
529.455714
238.848189
559.175162
9.000000
492.337600
461.275802
721.352174
625.606870
7.000000
446.884327
508.477281
469.610965
524.211106
7.000000
670.654291
370.369255
719.603972
443.793775
7.000000
499.330412
431.556353
522.057049
447.290179
7.000000
410.172066
471.765022
427.654094
499.736267
7.000000
254.582013
492.743455
272.064042
513.721889
7.000000
158.430857
513.721887
181.157495
531.203916
6.000000
114.725786
513.721887
132.207814
531.203916
6.000000
156.682654
496.239859
174.164681
510.225483
6.000000
338.495750
496.239859
357.725982
515.470091
