4.000000
241.979421
429.030999
274.639221
522.556789
4.000000
0.000000
420.123780
59.381453
541.855758
4.000000
347.381501
436.453680
371.134082
489.896989
4.000000
320.659847
433.484608
350.350572
495.835133
6.000000
707.233096
393.402127
722.078460
417.154707
7.000000
835.793952
366.680473
862.515606
387.463981
7.000000
896.363062
383.010372
929.022861
409.732025
7.000000
896.363062
409.732026
930.507398
424.577391
7.000000
740.486747
402.309345
756.816646
415.670172
2.000000
888.049649
404.783567
1155.266188
590.845458
2.000000
690.012512
445.657801
718.218701
467.925847
2.000000
713.765092
412.998003
896.363061
571.843390
