7.000000
870.981427
357.749755
894.606411
381.374739
7.000000
405.231748
332.437272
432.231729
354.374756
4.000000
82.919468
374.624742
91.356963
394.874729
4.000000
822.043962
421.874710
838.918950
458.999684
2.000000
660.044071
416.812214
671.856564
445.499695
2.000000
481.169196
418.499713
503.106680
435.374701
2.000000
455.856713
410.062218
472.731701
428.624705
2.000000
428.856730
415.124714
445.731719
430.312204
2.000000
406.919246
415.124714
428.856730
430.312204
2.000000
386.669260
408.374719
401.856750
428.624705
2.000000
369.794271
408.374719
386.669260
428.624705
2.000000
332.669297
399.937225
368.106774
425.249708
2.000000
307.356816
403.312223
332.669297
428.624705
2.000000
246.606858
401.624724
307.356816
428.624705
2.000000
0.000000
367.874747
91.356963
428.624705
7.000000
626.294096
406.687220
644.856582
415.124714
2.000000
562.169141
408.374719
624.606598
467.437180
2.000000
624.606596
425.249708
651.606577
445.499693
2.000000
671.856564
416.812214
692.106550
442.124697
2.000000
686.059903
401.121711
791.668981
484.312167
2.000000
847.356445
307.124789
1254.043665
593.999592
4.000000
161.101729
381.293877
172.978020
410.984604
4.000000
801.649617
426.274002
817.979516
458.933803
