4.000000
1091.971176
320.670342
1167.143899
462.274773
4.000000
1212.597173
303.188313
1278.801028
471.015785
2.000000
359.474184
406.332281
411.920268
450.037352
2.000000
273.812244
416.821498
324.510128
458.778366
2.000000
705.618348
303.188313
1098.963988
535.699291
9.000000
571.006729
310.181124
763.309042
493.742423
2.000000
494.085803
385.353848
583.244148
460.526570
2.000000
469.610962
408.080484
506.323223
448.289149
9.000000
434.646906
392.346658
504.575020
439.548135
2.000000
422.409487
411.576889
446.884326
437.799931
2.000000
317.517316
416.821498
347.236764
451.785555
6.000000
345.488561
355.634398
355.977778
373.116426
6.000000
336.747547
356.246209
345.488561
371.368223
7.000000
438.798914
376.300663
456.280943
386.789879
7.000000
431.806102
385.041678
451.036334
392.034490
7.000000
274.467846
392.034488
288.453469
402.523705
7.000000
270.971440
381.545272
286.705266
390.286287
9.000000
0.959692
390.466914
102.305596
474.921834
4.000000
134.820745
433.023409
145.569553
460.663201
