7.000000
212.562546
169.650859
268.447535
239.507093
7.000000
818.315907
284.414675
836.278939
302.377707
7.000000
825.301529
273.437266
852.246077
283.416728
7.000000
829.293314
248.488609
846.258400
266.451645
6.000000
462.049103
304.373599
476.020350
316.348956
6.000000
524.919715
319.342793
531.905339
328.324309
6.000000
601.761574
308.365384
612.738982
316.348955
6.000000
591.782112
325.330470
601.761574
331.318147
6.000000
601.761574
339.301718
612.416723
346.287342
2.000000
95.802838
345.289395
208.570758
409.157954
2.000000
210.566654
348.283233
292.075986
387.535787
7.000000
224.537901
376.225727
260.463967
401.174383
2.000000
731.770594
350.874086
815.241765
401.396110
2.000000
688.582896
342.295556
743.469938
379.219567
2.000000
660.318144
345.622046
696.244208
371.568647
2.000000
648.342789
347.617938
661.316089
368.574809
2.000000
638.363327
347.617938
652.334574
365.580970
2.000000
629.381810
344.624099
643.353058
362.587132
2.000000
612.416725
340.632315
632.375650
360.591238
2.000000
602.437262
346.619992
615.410563
358.595347
2.000000
585.472177
341.630261
601.439314
356.599454
2.000000
364.926060
348.615884
401.850071
376.558379
2.000000
397.858286
347.617938
419.813103
372.566596
2.000000
410.831587
344.624099
436.778188
366.578914
2.000000
487.673447
347.617938
512.622103
370.570701
2.000000
465.718629
348.615884
486.675498
362.587132
2.000000
508.630317
346.619992
527.591295
367.576863
2.000000
526.593349
345.622046
542.560489
362.587132
2.000000
542.560489
342.628207
558.527627
354.603562
2.000000
556.531736
340.632315
573.496822
356.599453
7.000000
828.971056
340.632315
838.950518
361.589184
7.000000
792.047045
338.636422
804.022400
352.607669
7.000000
666.305821
327.659014
676.285281
338.636422
