2.000000
0.000000
215.667333
50.437817
251.611889
2.000000
80.391613
203.685815
173.248381
236.634991
2.000000
57.926266
209.676574
92.373133
233.639611
2.000000
544.675455
188.708917
874.167214
459.790774
2.000000
836.724970
185.713537
1047.899234
308.524102
2.000000
763.338168
179.722778
827.738829
215.667333
2.000000
814.259622
179.722778
850.204177
206.681194
7.000000
526.703177
119.815185
586.610770
176.727398
7.000000
1082.346099
73.386802
1127.276794
122.810566
7.000000
537.187005
59.907593
565.643113
80.875250
7.000000
540.182387
86.866009
565.643114
113.824426
2.000000
492.256313
193.201985
514.721659
209.676574
2.000000
550.666214
193.201985
583.615390
209.676574
