7.000000
719.791567
227.652633
797.807357
254.510529
2.000000
1.023142
271.136844
98.223143
350.431581
2.000000
953.838937
196.957895
1279.970517
514.136844
2.000000
261.928408
281.368423
356.570514
328.689475
2.000000
366.802091
282.647370
451.212618
322.294739
2.000000
472.954724
281.368423
542.017882
315.900001
2.000000
540.738935
283.926316
573.991566
308.226316
2.000000
579.107356
289.042107
597.012619
301.831581
2.000000
599.570514
287.763158
628.986303
304.389474
2.000000
756.881042
283.926316
793.970516
317.178949
2.000000
824.665252
278.810528
868.149463
315.900003
2.000000
874.544200
283.926316
925.702095
329.968422
2.000000
912.912621
268.578950
1024.181041
346.594739
4.000000
856.638936
294.157897
875.823148
329.968424
2.000000
778.623147
283.926316
860.475778
344.036843
2.000000
673.749461
283.926316
765.833673
360.663160
