7.000000
662.557397
247.055300
677.530443
262.028349
7.000000
826.013176
252.046317
845.977242
269.514873
2.000000
719.954083
277.001397
732.431623
294.469954
2.000000
691.255740
270.762627
721.201837
293.222200
2.000000
692.503494
281.992414
711.219803
306.947494
2.000000
663.805150
278.249152
696.246755
314.434019
2.000000
636.354562
279.496906
678.778201
316.929527
2.000000
572.719106
277.001397
662.557397
339.389101
2.000000
481.633060
281.992414
606.408467
373.078458
2.000000
265.771611
279.496906
529.047714
431.722899
2.000000
776.103015
277.001397
793.571572
294.469954
2.000000
786.085047
275.753643
801.058095
301.956479
2.000000
796.067080
275.753643
827.260929
299.460970
2.000000
807.296866
284.487922
827.260929
315.681773
2.000000
821.022160
273.258135
883.409863
323.168297
2.000000
863.445799
283.240169
974.495907
351.866640
2.000000
937.063286
267.019364
1167.897784
426.731883
7.000000
1012.724351
197.473564
1039.617639
212.841157
