4.000000
914.604839
327.994069
928.084047
374.422453
4.000000
937.070188
333.984828
952.047086
374.422454
4.000000
881.655665
327.994069
896.632563
377.417832
4.000000
308.024880
349.460960
328.992537
391.396275
7.000000
564.629060
304.031032
573.615200
317.510240
7.000000
690.435004
319.007930
703.914212
326.496380
7.000000
838.706296
205.183504
861.171643
244.123441
7.000000
846.194745
269.584166
859.673953
298.040273
7.000000
739.858768
311.519481
747.347217
324.998690
2.000000
434.330046
349.460960
471.772291
380.912447
2.000000
548.154472
347.963271
566.126748
362.940170
2.000000
632.025101
343.470201
641.011240
355.451720
2.000000
660.481208
338.977132
684.444245
355.451719
2.000000
700.918833
338.977132
714.398041
355.451719
2.000000
380.413213
352.955567
440.320805
388.900122
2.000000
506.219157
346.964807
555.642919
378.416293
2.000000
608.062064
339.476358
632.025101
360.444018
2.000000
570.619819
343.969428
597.578235
360.444016
2.000000
642.508930
340.974048
663.476588
355.950946
2.000000
661.978898
342.471738
706.909592
375.420913
2.000000
706.909592
340.974048
727.877250
354.453256
