7.000000
14.420779
195.128167
114.324049
318.538089
2.000000
731.448643
380.024216
742.026636
387.076212
2.000000
740.851302
372.972219
753.779961
387.076210
2.000000
593.934729
375.322886
605.688056
384.725545
2.000000
494.031460
358.868230
551.622757
389.426877
2.000000
469.349475
382.374881
494.031458
391.777542
2.000000
46.229742
362.394227
168.464332
418.810190
2.000000
368.270873
335.361579
466.998812
397.654206
2.000000
669.156015
363.569560
683.260007
392.952873
7.000000
925.574414
276.203159
1012.549026
334.969787
2.000000
618.812607
362.002437
675.228572
407.840408
2.000000
748.099194
363.177770
800.989161
410.191073
2.000000
705.787220
371.405099
729.293873
386.684422
2.000000
829.197142
330.268457
1071.315656
501.867016
