7.000000
626.372529
227.091237
640.097824
244.559792
6.000000
563.984827
223.347973
573.966860
232.082251
2.000000
520.313437
257.037333
536.534239
270.762627
2.000000
539.029747
257.037333
551.507287
269.514873
2.000000
581.453384
252.046317
596.426432
272.010381
2.000000
588.939907
252.046317
608.903973
281.992413
2.000000
601.417450
249.550810
621.381514
283.240169
2.000000
611.399480
252.046317
630.115792
281.992413
2.000000
615.142744
243.312038
660.061890
300.708724
2.000000
633.859054
242.064284
686.264723
310.690757
2.000000
656.318627
238.321022
741.165901
328.159313
2.000000
694.999002
237.073267
870.932322
369.335197
2.000000
771.111998
238.321022
1220.303454
461.668995
2.000000
465.412258
257.037333
481.633061
286.983430
2.000000
449.191454
257.037333
472.898782
285.735677
2.000000
422.988620
249.550810
461.668995
289.478938
2.000000
385.556000
250.798563
437.961669
300.708724
2.000000
325.663805
247.055300
406.767818
308.195248
2.000000
262.028349
253.294071
360.600918
326.911560
2.000000
116.041126
254.541824
294.469953
344.380115
2.000000
471.651027
244.559792
514.074665
286.983430
2.000000
1.247754
212.118187
127.270912
395.538032
2.000000
1086.793771
296.965462
1277.700141
597.674185
2.000000
549.011779
247.055300
580.205630
279.496906
