7.000000
611.870996
258.734021
634.597637
274.467848
7.000000
638.094038
262.230426
657.324272
274.467847
2.000000
0.000000
202.791531
360.129787
452.302324
2.000000
407.331264
270.971441
458.029147
307.683700
2.000000
342.647758
270.971441
412.575872
316.424716
2.000000
466.770160
244.748399
527.957260
311.180104
2.000000
559.424911
243.000196
597.885374
270.971441
2.000000
520.964449
270.971441
547.187491
297.194486
2.000000
543.691086
272.719641
562.921317
290.201670
2.000000
643.338650
265.726833
704.525749
312.928311
2.000000
673.058095
272.719641
749.979023
339.151351
2.000000
723.755978
265.726833
879.346031
368.870803
2.000000
536.698274
269.223240
657.324271
360.129788
