2.000000
247.055300
376.821721
396.785787
475.394290
2.000000
752.395688
363.096426
919.594728
484.128570
7.000000
837.242963
301.956478
860.950288
333.150329
7.000000
641.345578
375.573967
661.309643
388.051507
2.000000
526.552206
396.785786
556.498303
419.245357
2.000000
568.975843
399.281294
597.674186
419.245357
2.000000
389.299261
393.042523
426.731884
451.686963
2.000000
411.758834
395.538032
446.695947
441.704931
2.000000
442.952685
398.033540
471.651028
436.713915
2.000000
467.907766
394.290278
494.110601
429.227391
2.000000
495.358355
401.776802
505.340387
421.740865
2.000000
506.588141
398.033540
517.817928
417.997603
2.000000
698.742264
381.812737
779.846277
454.182472
2.000000
665.052905
390.547015
711.219804
432.970653
2.000000
646.336594
395.538032
667.548413
429.227391
2.000000
632.611300
395.538032
656.318625
426.731883
2.000000
621.381513
400.529048
637.602316
424.236375
2.000000
610.151727
400.529048
628.868038
421.740865
2.000000
910.860451
386.803753
957.027351
416.749850
