2.000000
0.311939
384.932121
65.195148
432.346775
2.000000
400.840986
381.188860
498.165801
447.319823
2.000000
596.738370
378.693352
630.427728
412.382712
2.000000
520.625374
386.179875
568.040028
411.134958
2.000000
568.040028
382.436614
596.738370
408.639448
2.000000
694.063186
384.932121
715.275005
397.409662
2.000000
700.301957
386.179875
717.770512
399.905169
2.000000
625.436713
382.436614
644.153024
394.914154
2.000000
201.200339
388.675385
297.277400
431.099023
2.000000
66.442904
388.675385
178.740767
429.851269
9.000000
368.399380
376.197844
403.336494
401.152927
7.000000
767.680676
315.057896
790.140247
322.544420
7.000000
334.710023
313.810143
359.665105
338.765223
7.000000
256.101517
345.003993
266.083550
367.463566
7.000000
680.337891
317.553404
695.310939
336.269716
7.000000
729.000299
315.057896
735.239070
345.003993
6.000000
722.761530
364.968058
735.239070
374.950091
6.000000
338.453284
358.729287
347.187563
369.959073
6.000000
461.980934
306.323618
475.706228
317.553404
6.000000
661.621582
316.305648
670.355861
328.783189
6.000000
622.941207
353.738271
630.427730
363.720302
6.000000
574.278797
354.986025
584.260830
364.968058
