6.000000
523.122921
229.917148
533.702511
243.141637
6.000000
565.441279
237.851840
574.698419
252.398775
6.000000
1135.983452
152.081602
1159.787529
198.367304
6.000000
1089.319898
147.736404
1132.960704
197.989456
7.000000
898.698350
164.550401
929.114671
188.354478
2.000000
248.620355
303.501976
325.322381
398.718283
2.000000
503.852952
296.889733
515.754993
312.759116
2.000000
478.726430
294.244836
505.175403
318.048913
2.000000
450.955006
291.599939
484.016226
327.306053
2.000000
435.085621
302.179530
457.567250
337.885644
2.000000
402.024403
298.212182
448.310107
340.530539
2.000000
384.832573
300.857080
425.828482
348.465233
2.000000
362.350945
304.824424
399.379507
360.367269
2.000000
290.938713
294.244836
379.542778
373.591757
2.000000
0.000000
288.955041
267.134636
455.583576
4.000000
46.285704
273.085656
76.702024
304.824424
2.000000
539.559070
298.212182
558.073351
312.759118
2.000000
514.432543
295.567284
540.881516
316.726462
2.000000
641.387619
291.599939
737.926374
364.334617
2.000000
624.195786
300.857080
666.514142
348.465233
2.000000
607.003952
307.469321
642.710067
341.852988
2.000000
590.473343
290.277489
624.857011
329.950951
2.000000
571.959062
295.567284
591.795794
312.759119
2.000000
724.701886
284.987695
974.644691
464.840719
2.000000
1.322450
290.277489
260.522394
441.036642
6.000000
575.214614
265.771611
586.444402
277.001397
4.000000
937.063286
288.231183
965.761629
348.123377
