6.000000
580.355941
1.976823
600.911830
60.707937
6.000000
604.827239
1.976823
624.404278
45.046307
6.000000
67.437543
148.804609
112.464731
191.874094
7.000000
95.824249
148.804609
146.724548
168.381647
7.000000
109.528176
164.466238
138.893732
193.831794
7.000000
256.355962
103.777419
310.192816
158.593126
7.000000
272.017591
151.741164
296.488890
182.085572
7.000000
269.081034
179.149017
298.446592
188.937537
7.000000
353.187573
128.688436
365.912648
139.455807
7.000000
344.377906
136.519252
367.870352
148.265474
7.000000
356.124130
146.307772
366.891502
171.757920
6.000000
360.039538
168.821363
383.531984
186.440699
7.000000
446.178505
94.428620
500.015360
109.111397
6.000000
518.613546
86.597803
529.380918
114.005657
7.000000
168.184564
124.773028
200.486677
146.307770
7.000000
717.320484
174.694475
734.939818
193.292662
7.000000
749.622595
179.588735
765.284226
192.313809
7.000000
752.559150
190.356107
763.326522
201.123478
6.000000
1208.392677
49.921447
1235.800530
92.501505
6.000000
1192.731046
49.432022
1209.371527
80.755283
7.000000
445.051339
141.280962
463.649525
149.111776
7.000000
777.861000
155.963739
789.607222
168.688813
6.000000
808.205409
0.000000
827.782447
26.429001
7.000000
798.416889
34.259818
838.549817
55.794559
7.000000
794.501482
52.858002
843.444079
93.969782
7.000000
797.438039
93.969782
837.570967
119.419931
7.000000
797.438039
121.377636
840.507523
159.552859
7.000000
853.232598
153.353471
865.957672
168.036250
7.000000
895.323228
152.374619
908.048303
167.057398
7.000000
958.948602
146.501507
978.525641
161.184284
7.000000
1028.447088
147.154072
1041.172162
161.836851
7.000000
1060.749201
149.111776
1072.495423
156.942591
7.000000
1095.009017
144.217517
1109.691796
159.879148
7.000000
1142.972761
139.323257
1158.634391
163.794555
7.000000
1169.728027
167.663349
1183.431953
180.388423
7.000000
1173.643434
179.409571
1185.389656
197.028907
4.000000
21.356778
209.933144
40.933816
258.875740
2.000000
1.305130
211.105725
18.924464
228.725059
2.000000
2.758591
215.450307
49.743483
230.133086
2.000000
375.701169
200.678546
426.601468
216.340175
2.000000
386.468539
224.348965
511.761583
341.811194
2.000000
542.105992
195.962260
575.386955
214.560446
2.000000
651.737405
183.237185
722.214742
221.412408
2.000000
702.637705
202.814222
748.643745
244.904854
2.000000
550.915659
202.814222
644.885441
258.608779
2.000000
583.217772
204.771927
721.235889
267.418448
7.000000
891.823071
175.406369
905.526998
193.025705
4.000000
1193.873061
195.117814
1212.471247
240.145002
2.000000
1083.262795
190.876121
1108.712945
212.410863
2.000000
1035.299050
189.897269
1050.960680
202.622343
2.000000
1015.722014
192.833824
1036.277903
207.516603
2.000000
1004.954642
193.812676
1020.616271
208.495455
2.000000
957.969752
197.728086
1006.912347
222.199382
2.000000
1016.700866
201.643491
1050.960682
226.114789
2.000000
1051.939534
177.172195
1082.283942
201.643491
2.000000
1090.114757
195.770381
1124.374573
215.347420
2.000000
1097.945574
197.728086
1139.057354
221.220530
2.000000
934.477306
184.024157
956.012047
195.770379
2.000000
900.217488
193.812676
944.265823
214.368565
2.000000
873.788487
201.643491
891.407821
213.389713
2.000000
852.253746
200.664641
883.577006
219.262827
2.000000
840.507522
200.664641
859.105708
216.326272
2.000000
822.888188
200.664641
846.380632
217.305124
2.000000
828.761300
216.326270
856.169153
230.030197
2.000000
793.522631
206.537753
830.719004
244.712976
2.000000
734.791515
207.516603
808.205409
254.501493
2.000000
1126.332277
197.075519
1177.232577
236.229594
2.000000
1142.972761
205.885186
1196.809616
241.123854
2.000000
1208.902476
236.229588
1278.400962
330.199371
2.000000
0.346636
189.244696
447.681956
504.435010
2.000000
399.718213
255.806625
798.110938
509.329268
2.000000
578.848113
206.864030
717.845082
266.573997
