6.000000
1000.918838
105.299928
1021.168824
164.362387
6.000000
206.106884
231.187341
217.919376
276.749810
6.000000
194.294393
286.874803
212.856880
307.124789
6.000000
214.544379
293.624798
229.731868
312.187285
6.000000
1259.106161
340.874766
1274.293650
367.874747
6.000000
224.669372
239.624835
239.856861
283.499805
6.000000
1017.793826
116.437420
1034.668815
175.499879
6.000000
968.856360
114.749921
999.231339
170.437383
7.000000
204.419386
194.062367
246.606857
215.999852
7.000000
249.981854
187.312371
273.606838
209.249856
7.000000
1232.106179
271.687313
1274.293650
286.874803
7.000000
1233.793678
291.937299
1270.918652
317.249782
6.000000
651.606578
339.187267
658.356574
356.062255
6.000000
584.106625
330.749773
589.169121
347.624761
6.000000
658.356574
347.624761
663.419070
362.812251
2.000000
577.356629
361.124752
597.606615
377.999740
2.000000
557.106643
359.437253
577.356629
376.312241
2.000000
526.731664
354.374756
552.044147
379.687239
2.000000
498.044184
354.374756
530.106662
381.374738
2.000000
435.606727
349.312260
499.731683
393.187230
2.000000
698.856546
369.562246
729.231525
393.187230
2.000000
741.044017
371.249745
769.731497
399.937225
2.000000
754.544007
379.687239
784.918988
401.624724
2.000000
779.856490
386.437234
806.856471
411.749717
2.000000
800.106476
384.749735
835.543952
415.124716
2.000000
822.043961
381.374738
867.606430
410.062218
2.000000
843.981446
388.124733
911.481400
421.874710
4.000000
201.044388
325.687276
238.169362
408.374719
