7.000000
787.332801
189.658614
828.508684
204.631663
7.000000
753.643442
132.261929
804.801358
190.906369
7.000000
566.480335
160.960272
667.548413
178.428828
7.000000
147.234977
167.199042
187.163106
207.127171
6.000000
199.640647
167.199042
224.595728
209.622679
6.000000
526.552206
153.473747
546.516271
187.163106
6.000000
807.296866
244.559792
828.508683
269.514873
7.000000
762.377720
234.577760
798.562587
252.046317
6.000000
847.224995
273.258135
855.959273
290.726692
2.000000
451.686963
313.186265
480.385306
354.362148
2.000000
336.893592
311.938511
401.776802
360.600917
1.000000
361.848672
286.983430
430.475146
340.636854
1.000000
469.155520
183.419844
671.291675
413.006588
2.000000
0.000000
213.365941
359.353164
512.826913
0.000000
706.228788
333.150329
756.138950
388.051507
4.000000
707.476542
310.690757
737.422639
378.069475
2.000000
406.767818
313.186265
446.695947
348.123378
