2.000000
767.562115
294.619807
795.718300
315.430901
2.000000
794.494119
289.723080
823.874487
326.448540
2.000000
921.401011
299.516536
976.489203
369.294910
2.000000
964.247381
239.939672
1082.993037
380.720602
2.000000
525.990208
300.332664
563.939849
324.816304
2.000000
585.158997
290.539207
663.506645
328.488850
2.000000
681.461339
288.090843
751.239713
341.954852
2.000000
817.345541
288.090843
867.537003
330.937214
2.000000
1000.156714
199.017019
1278.046028
572.742299
6.000000
738.181767
262.849364
745.526859
275.091185
6.000000
675.748484
262.849364
683.093576
273.867002
7.000000
882.635242
251.656845
910.791428
271.243757
7.000000
761.441225
278.763730
771.234681
288.557187
