7.000000
815.665114
268.542975
834.812279
295.574263
2.000000
598.517784
328.880679
618.791251
349.154147
2.000000
581.623229
328.880679
601.896696
352.533057
2.000000
569.233888
336.764804
587.254746
353.659359
2.000000
548.960422
337.891109
575.991711
362.669791
2.000000
503.908274
331.133287
556.844549
372.806522
2.000000
752.821400
304.101998
786.610514
341.270020
9.000000
659.338194
265.807672
748.316186
336.764806
2.000000
769.715957
315.365034
783.231602
341.270020
2.000000
775.347475
316.491339
796.747245
343.522627
2.000000
789.989423
310.859819
809.136586
344.648931
2.000000
796.747245
315.365034
826.031140
351.406752
2.000000
842.925697
307.480909
881.220023
334.512197
2.000000
818.147015
314.238731
883.472628
359.290879
2.000000
947.671941
295.091568
999.481911
344.648931
2.000000
1060.716621
272.082808
1278.093234
465.807043
2.000000
1196.999371
222.525445
1276.966932
283.345847
2.000000
596.518578
306.998222
762.085221
446.659881
2.000000
341.973944
350.924066
451.225401
409.491860
2.000000
0.000000
358.808192
122.344720
443.280970
4.000000
31.114122
358.003680
81.797790
466.128834
