2.000000
539.544085
247.898634
567.493441
267.341663
2.000000
512.809919
245.468255
541.974462
272.202423
2.000000
476.354237
245.468255
522.531434
279.493558
2.000000
469.063100
255.189769
497.012456
286.784694
2.000000
424.101093
249.113823
478.784617
296.506208
2.000000
420.455526
260.050528
464.202345
303.797344
2.000000
352.404922
251.544202
432.607420
325.670754
2.000000
294.075829
260.050528
392.506169
340.253026
2.000000
153.113862
246.683444
328.101133
376.708708
2.000000
0.000000
282.734062
223.594846
443.139061
2.000000
589.178368
248.785628
640.404804
279.088483
2.000000
634.328857
245.468255
651.341508
275.847990
2.000000
648.911130
227.240415
708.455408
283.139127
2.000000
662.278213
230.885982
731.544007
298.936589
2.000000
711.290853
240.202434
861.974338
338.632772
2.000000
860.759157
231.696108
1242.328625
479.594742
7.000000
365.772004
211.442952
376.708708
222.379659
