2.000000
300.018110
301.486387
445.867044
362.175204
2.000000
739.522614
325.957686
771.824727
345.534722
2.000000
648.489387
313.232609
719.945576
371.963723
2.000000
432.635589
304.941385
474.565030
325.906105
2.000000
564.522732
318.282570
593.110987
341.153174
2.000000
585.487453
318.282570
654.099264
344.964941
2.000000
474.946201
310.659036
526.405059
333.529639
2.000000
0.000000
303.035501
68.611812
333.529639
2.000000
207.741318
310.659036
308.753152
350.682592
2.000000
74.329462
310.659036
205.835435
354.494360
