6.000000
744.952238
10.291327
776.221241
68.172247
6.000000
587.941927
257.116858
597.921396
269.092219
6.000000
514.093857
257.782156
524.738625
269.092221
6.000000
937.646703
211.876599
954.944450
236.492623
6.000000
777.975200
4.303646
805.917712
67.506949
6.000000
85.158155
257.116858
99.794709
275.745200
6.000000
49.897365
255.120964
70.521601
275.745200
6.000000
593.230914
277.872771
599.883894
283.860452
6.000000
605.871575
279.203367
611.859259
284.525747
6.000000
575.267870
282.529856
581.255555
288.517538
6.000000
559.300720
284.525750
565.288404
290.513435
6.000000
543.998868
276.542175
550.651850
282.529859
7.000000
704.113903
245.938470
724.738139
273.215685
7.000000
620.286364
281.199261
630.931133
291.844027
6.000000
901.929180
214.225933
931.867588
239.507255
7.000000
1137.326806
187.614015
1187.889449
205.577059
4.000000
326.419358
299.695926
362.345444
396.829423
2.000000
544.724565
298.528684
557.365226
308.508155
2.000000
533.414501
301.189876
546.055161
310.504047
2.000000
519.443244
301.855174
534.079797
314.495834
2.000000
500.814902
304.516366
522.104433
320.483516
2.000000
486.178348
304.516366
502.750394
320.895374
2.000000
476.864177
310.123884
490.835433
324.095140
2.000000
466.884708
311.454480
484.847757
328.752223
2.000000
454.244047
307.462692
469.545903
331.413417
2.000000
422.309747
310.123884
459.506028
334.866630
2.000000
391.611002
314.780969
419.553513
352.702951
2.000000
361.672596
317.442161
392.941598
358.690635
2.000000
211.247685
328.086928
337.626819
400.535343
2.000000
604.126170
296.152627
620.758621
314.780969
2.000000
617.625172
298.718769
626.876972
317.347111
2.000000
625.546376
298.053471
644.840016
320.008302
2.000000
632.864653
300.049365
648.166505
324.665390
2.000000
642.178824
296.057578
667.460142
331.318368
2.000000
653.488889
300.714663
680.100806
341.963137
2.000000
673.447827
291.400492
738.647024
358.595583
2.000000
712.035106
296.722875
818.482772
369.905647
9.000000
595.892106
284.747513
618.512236
312.024728
9.000000
586.577935
291.400492
597.222705
309.363539
2.000000
560.631316
294.061684
590.569723
319.343002
