7.000000
702.551336
211.591931
785.204434
239.142965
7.000000
706.959502
364.775674
725.694204
385.714459
7.000000
868.959574
296.449113
904.224896
307.469526
7.000000
824.877921
336.122600
848.020788
387.918542
7.000000
364.224653
389.020583
387.367522
396.734872
7.000000
613.285990
394.530789
630.918651
401.143038
7.000000
638.632940
373.592003
657.367643
381.306294
7.000000
1001.204531
276.612368
1046.388226
341.632806
7.000000
1011.122903
246.857254
1040.878018
256.775622
6.000000
1143.367859
214.898056
1169.816851
260.081747
6.000000
871.163655
232.530717
887.694275
275.510327
6.000000
641.939064
203.877644
665.081932
244.653171
6.000000
626.510485
368.081797
635.326815
384.612417
6.000000
525.122685
382.408336
531.734934
393.428749
6.000000
396.183851
382.408336
402.796098
396.734872
6.000000
497.571652
360.367508
507.490024
373.592002
6.000000
871.163655
329.510352
879.979986
347.143013
2.000000
1133.449489
379.102211
1277.816901
465.061432
2.000000
0.551022
427.592029
125.081690
497.020630
2.000000
331.163414
435.306318
358.714447
458.449185
2.000000
283.775638
434.204278
327.857289
462.857351
2.000000
235.285820
445.224690
285.979721
468.367557
2.000000
175.775589
446.326731
231.979697
477.183888
2.000000
122.877605
451.836937
170.265383
483.796135
2.000000
635.326815
412.163450
644.143146
429.796112
2.000000
638.632940
411.061409
659.571726
433.102235
2.000000
663.979890
404.449161
686.020716
434.204278
2.000000
530.632891
404.449161
558.183925
423.183864
2.000000
608.877823
397.836912
617.694154
413.265492
1.000000
436.959381
407.755284
479.938991
444.122647
1.000000
358.714447
409.959367
429.245092
448.530813
2.000000
476.632868
407.755284
509.694107
444.122647
2.000000
589.041081
413.265492
622.102320
436.408359
2.000000
684.918674
406.653244
740.020738
444.122647
2.000000
569.204337
409.959367
580.224750
425.387944
