6.000000
120.044443
331.087267
158.856916
359.774747
0.000000
486.231692
425.587203
538.544156
462.712177
0.000000
449.106717
422.212205
509.856676
467.774673
0.000000
408.606745
418.837208
465.981706
461.024678
0.000000
368.106773
415.462209
430.544229
464.399675
0.000000
327.606800
422.212205
383.294262
476.212166
0.000000
280.356833
417.149708
341.106792
476.212169
0.000000
379.919265
442.462191
455.856712
484.649662
2.000000
587.481622
366.524743
828.793956
491.399658
2.000000
784.918987
320.962274
1097.106272
494.774655
