2.000000
0.000000
478.008598
118.222191
589.893580
2.000000
112.977582
495.490626
195.143116
554.929523
1.000000
726.596782
301.440110
1121.690626
521.713669
2.000000
581.495945
432.555324
672.402494
511.224452
9.000000
515.064237
432.555324
572.754931
485.001409
2.000000
677.647101
439.548135
721.352172
472.763989
2.000000
471.359166
464.022975
504.575020
485.001409
2.000000
579.747743
444.792744
591.985163
464.022975
2.000000
501.078613
458.778366
515.064237
476.260395
6.000000
478.351976
390.598455
485.344788
409.828687
6.000000
691.632725
371.368223
698.625535
388.850252
6.000000
471.359166
397.591267
481.848383
413.325092
6.000000
684.639913
371.368223
693.380928
394.094861
7.000000
707.366550
380.109238
733.589594
392.346659
