7.000000
541.525255
198.392893
562.737073
217.109204
6.000000
336.893592
219.604712
346.875624
237.073267
6.000000
311.938511
242.064284
323.168297
257.037333
6.000000
429.227391
230.834498
436.713916
242.064284
6.000000
506.588141
234.577759
516.570175
253.294070
6.000000
393.042522
239.568776
401.776801
253.294071
6.000000
449.191456
238.321022
454.182473
252.046318
2.000000
118.536634
263.276104
217.109203
318.177282
2.000000
334.398083
267.019365
366.839689
286.983430
2.000000
434.218407
270.762627
460.421242
289.478937
2.000000
436.713914
279.496907
495.358354
321.920543
