2.000000
332.712831
274.991785
355.583436
294.050622
2.000000
306.030458
273.085903
332.712830
292.144740
2.000000
271.724554
276.897670
294.595158
295.956507
2.000000
353.677550
273.085903
384.171689
297.862391
2.000000
231.700998
271.180020
285.065739
311.203575
2.000000
193.583322
276.897670
231.700995
301.674157
2.000000
56.359702
271.180020
164.995070
335.980062
2.000000
469.239999
243.000088
643.371866
370.285969
7.000000
451.694427
187.729541
472.659146
206.788377
7.000000
455.506194
208.694260
470.753263
225.847213
7.000000
453.600309
227.753098
474.565028
243.000167
7.000000
358.306125
220.129561
384.988497
239.188398
7.000000
411.725186
232.934995
426.917938
246.621350
6.000000
337.341406
244.715463
352.588476
258.056649
6.000000
264.917829
243.953107
278.259014
259.200177
6.000000
207.547597
221.432033
221.082505
236.329574
6.000000
382.315817
241.740937
395.745869
256.849745
2.000000
0.494268
254.503050
60.884822
314.893605
