2.000000
0.798709
335.023417
70.284307
396.522165
2.000000
73.479049
331.029995
183.697584
381.347151
2.000000
169.321254
333.426047
250.787127
381.347151
2.000000
235.612113
337.419473
304.299027
372.561615
2.000000
354.616185
339.016844
402.537288
363.776080
2.000000
429.692580
335.023417
459.243927
350.997118
2.000000
463.237350
335.822102
499.178178
356.587914
2.000000
514.353193
327.835253
554.287445
355.789228
2.000000
572.657201
336.620788
610.994082
366.172134
2.000000
631.759895
330.231307
672.492833
363.776082
2.000000
599.812493
327.835253
626.967784
351.795804
7.000000
509.561083
149.728488
543.904541
235.986473
7.000000
557.482184
311.062867
566.267721
324.640512
6.000000
450.458390
267.933873
456.847868
282.310203
6.000000
442.471539
267.135189
450.458390
283.108890
6.000000
557.482184
287.102315
564.670349
299.881271
6.000000
578.247997
315.056290
585.436161
323.043144
6.000000
622.974358
307.069441
630.162524
315.854980
6.000000
670.895462
275.920724
678.882312
290.297056
7.000000
674.090201
283.108890
706.037604
290.297054
