6.000000
742.775352
93.012218
769.224327
145.910165
6.000000
221.730563
167.069346
246.857088
204.097908
6.000000
462.416227
253.028511
476.963163
276.832588
6.000000
525.893766
259.640754
537.795805
278.155036
6.000000
727.787594
96.538754
744.979427
140.179562
6.000000
767.461055
99.183651
787.297784
140.179562
2.000000
271.542793
260.963203
432.881533
357.061150
2.000000
424.946843
290.497897
446.106021
312.979526
2.000000
517.518251
298.432590
533.387634
314.301975
2.000000
533.387636
294.465244
551.901918
316.946872
2.000000
549.257021
294.465244
574.383546
327.526461
2.000000
447.428471
293.142794
477.844792
314.301975
2.000000
568.212125
290.497897
619.787625
344.718294
2.000000
855.183499
317.828508
1278.367083
674.889658
7.000000
821.681451
99.624463
934.089591
120.783642
6.000000
1076.473242
236.718318
1100.277317
263.167292
6.000000
750.269222
272.865251
766.138605
291.379531
