6.000000
522.776322
321.720057
528.098705
327.707739
6.000000
551.384133
323.050652
557.371814
331.034228
7.000000
597.289690
319.058866
611.926246
333.695422
7.000000
583.983731
327.042441
591.967308
333.695422
2.000000
512.131555
342.566061
522.776321
352.545530
2.000000
501.486789
338.574273
518.119237
359.863808
2.000000
492.837915
341.235465
508.805066
361.194403
2.000000
486.184937
343.231358
498.160299
363.855594
2.000000
462.899508
343.231358
490.176723
368.512679
2.000000
434.956997
345.227252
470.883085
379.822746
2.000000
403.022695
327.929506
435.622294
389.136914
2.000000
306.554496
325.268316
407.679781
399.116386
2.000000
142.891206
346.557849
310.546284
456.332006
2.000000
531.425195
341.235465
547.392345
354.541422
2.000000
554.710623
341.235465
561.363602
352.545530
2.000000
558.702409
342.566061
568.681878
353.210827
2.000000
564.024795
340.570167
582.653138
358.533211
2.000000
572.008368
343.896657
589.306114
361.859701
2.000000
583.318434
342.566061
601.946774
365.186189
2.000000
591.967306
343.231358
615.918032
375.165658
2.000000
598.620287
348.553742
625.897501
375.165659
2.000000
611.260946
340.570167
645.191140
389.136916
2.000000
629.889289
336.578380
671.137761
403.108172
2.000000
649.848227
318.615335
734.341063
423.067110
2.000000
694.423188
308.635866
875.384224
461.654390
2.000000
797.766129
319.945930
1196.944884
570.097951
7.000000
430.965208
307.748801
444.271165
315.067077
