7.000000
405.551203
267.245018
436.408359
299.204215
7.000000
543.857388
327.857290
568.102296
343.285868
7.000000
574.714544
328.959332
584.632918
332.265456
7.000000
571.592099
333.918516
593.632924
340.530765
7.000000
607.592120
322.898104
625.224782
327.306270
7.000000
607.592120
327.306270
626.326821
335.020559
7.000000
634.041112
317.387898
654.979896
321.796064
7.000000
630.734988
320.694023
657.183979
326.204229
7.000000
627.428863
325.102187
652.775813
338.326682
7.000000
663.796229
339.428724
674.816642
349.347096
2.000000
420.245098
346.775673
448.898171
363.306292
2.000000
542.571683
347.877712
560.204343
363.306292
2.000000
564.612511
342.367506
589.959459
354.489960
2.000000
585.551295
348.979754
610.898245
368.816498
2.000000
648.735008
345.673629
666.367669
352.285877
2.000000
611.265602
345.673629
641.020717
351.183837
2.000000
604.653355
348.979754
637.714594
401.877738
2.000000
502.530838
341.265465
555.428821
391.959364
2.000000
0.000000
303.428721
326.793004
591.579131
2.000000
330.612393
351.551177
423.183864
404.449161
2.000000
429.061429
347.143013
527.143107
417.673658
2.000000
558.367620
346.040971
591.428860
372.489963
2.000000
612.367644
353.755262
734.694229
450.734897
2.000000
735.796271
355.959344
837.184072
420.979782
2.000000
703.837073
351.183837
730.286065
380.938952
