2.000000
394.292859
197.740237
409.138222
208.131992
2.000000
383.901102
193.286630
392.808321
205.162920
2.000000
372.024813
196.255702
383.901102
211.101065
2.000000
361.633059
191.802093
370.540277
208.131993
2.000000
124.701051
175.670133
160.329923
224.659832
2.000000
0.000000
153.757753
154.391779
264.247467
2.000000
213.773231
170.721677
296.907265
231.587667
2.000000
417.154708
198.927868
429.031000
212.288697
2.000000
457.237190
195.958795
486.927916
213.773231
2.000000
179.628896
175.175287
210.804157
200.412405
7.000000
415.670172
154.985594
433.484607
159.439204
7.000000
391.917589
156.470129
437.938217
175.769101
7.000000
338.474283
152.016519
372.618618
172.800027
7.000000
467.628943
177.253637
476.536162
193.583537
7.000000
328.082528
198.037145
347.381501
203.975289
7.000000
640.725888
143.109300
652.602179
160.923736
7.000000
254.746431
147.562911
274.045406
166.861883
7.000000
446.845434
157.657758
461.690798
165.080440
