6.000000
647.317054
292.275928
660.058620
319.579285
6.000000
558.126088
310.478165
569.047431
332.320853
6.000000
593.848009
344.932406
602.949127
359.494196
7.000000
405.227289
231.948506
439.811542
286.555219
7.000000
374.283488
277.454099
416.148633
292.015889
2.000000
274.171180
354.163539
328.777893
386.927564
2.000000
208.643123
343.242197
277.811625
390.568014
2.000000
113.991483
346.882641
219.564462
397.848906
7.000000
554.485640
332.060816
567.227207
348.442830
2.000000
549.024968
353.903500
598.171013
395.768646
2.000000
530.413209
356.763858
550.435672
380.426768
2.000000
710.615363
358.584084
730.637826
385.887442
2.000000
723.356930
365.864980
763.401851
404.089680
2.000000
741.559165
364.044756
783.424310
415.011023
2.000000
765.222078
364.044756
819.828791
424.112139
2.000000
797.986107
358.584084
885.356849
445.954826
2.000000
854.413041
360.404310
967.266917
471.437960
2.000000
910.839980
338.561623
1238.480259
529.685116
2.000000
1081.941013
349.482966
1279.356148
629.797426
2.000000
608.682833
354.943638
726.997379
451.415496
2.000000
415.739111
353.123414
548.615449
445.954827
6.000000
648.727754
338.561623
661.469320
353.123414
6.000000
440.669223
282.149801
450.794216
299.024789
7.000000
737.669019
327.712270
759.606504
342.899759
