2.000000
509.950521
207.572815
831.289206
537.893016
7.000000
1110.714149
256.472180
1132.668966
297.387975
6.000000
834.283045
211.564600
850.250184
243.498878
7.000000
853.244024
238.509148
865.219379
250.484501
7.000000
867.890960
199.256599
885.853992
223.207309
7.000000
1229.095537
175.068275
1263.025708
190.037469
2.000000
727.465252
212.305266
814.433672
246.836845
7.000000
493.673687
267.300001
515.415792
276.252633
7.000000
497.510528
277.531581
511.578948
291.600003
2.000000
456.584213
188.005264
543.552633
218.700001
