7.000000
179.032440
361.394554
222.573954
394.691005
7.000000
624.692632
330.659368
656.708451
362.675187
2.000000
615.728205
378.042780
633.657063
389.568474
2.000000
587.554283
379.323413
611.886305
401.094169
9.000000
530.106662
363.955820
582.431752
412.762216
2.000000
479.981132
388.287842
514.558216
410.058598
9.000000
428.755824
392.129740
456.929744
408.777966
9.000000
392.898105
392.129740
424.913924
410.058598
2.000000
346.795328
402.374802
374.969249
416.461762
2.000000
310.937611
408.777966
339.111535
419.023028
2.000000
230.257750
411.339231
277.641162
424.145559
2.000000
152.106922
413.900497
205.925728
436.387200
2.000000
71.459292
421.584293
115.000805
439.513152
2.000000
42.004738
424.145559
95.791314
443.355050
2.000000
12.550185
425.426191
62.494862
448.477581
2.000000
0.000000
430.548722
36.882206
456.161376
2.000000
621.231599
348.588227
857.767790
494.580356
