2.000000
0.000000
383.060490
31.193851
511.579157
9.000000
698.742264
296.965462
804.801358
378.069475
2.000000
405.520063
285.735676
496.606109
355.609902
2.000000
455.430226
269.514874
511.579159
329.407067
2.000000
492.862847
267.019365
524.056698
305.699739
2.000000
510.331403
259.532841
537.781992
291.974447
2.000000
520.313435
252.046317
551.507287
277.001397
2.000000
531.543221
247.055300
565.232580
267.019366
2.000000
690.007986
288.231184
726.192852
329.407067
2.000000
676.282691
277.001397
707.476542
308.195249
2.000000
665.052905
267.019365
696.246756
294.469953
2.000000
651.327610
254.541825
680.025954
277.001397
2.000000
648.832102
243.312038
666.300659
268.267118
2.000000
552.755041
235.825514
585.196646
262.028349
2.000000
580.205630
227.091236
596.426433
247.055300
2.000000
587.692154
217.109203
606.408465
227.091236
2.000000
588.939907
200.888402
615.142742
213.365941
2.000000
641.345578
232.082252
661.309643
247.055299
2.000000
637.602316
224.595729
653.823119
232.082253
7.000000
331.902575
202.136155
376.821721
238.321022
