6.000000
698.049462
253.231579
710.838935
269.857896
6.000000
591.896830
287.763160
603.407355
300.552634
6.000000
552.249461
264.742106
557.365249
278.810528
6.000000
672.470513
283.926319
678.865253
299.273687
6.000000
644.333671
297.994738
655.844197
312.063160
2.000000
631.544198
314.621054
650.728411
329.968422
2.000000
662.238935
314.621054
680.144198
334.462265
2.000000
686.538935
319.736845
747.928410
360.663160
7.000000
545.854723
287.763160
563.759985
304.389475
2.000000
764.554725
319.736845
795.249461
349.152634
2.000000
776.065252
321.015792
825.944199
355.547372
2.000000
799.086304
323.573685
851.523147
363.221054
2.000000
834.896831
327.410530
893.728411
370.894741
2.000000
875.823147
315.900002
942.328411
379.847371
9.000000
925.702096
299.273687
1116.265256
395.194737
2.000000
1092.123581
298.643550
1279.095960
436.951884
2.000000
0.000000
217.963688
392.898105
597.030977
2.000000
509.856676
307.462284
533.481659
324.337272
