6.000000
608.903973
306.947495
615.142742
321.920542
6.000000
630.115793
308.195249
638.850071
323.168296
2.000000
132.261929
260.780595
495.358354
507.835894
2.000000
427.979637
286.983430
529.047714
419.245359
2.000000
512.826912
298.213215
556.498303
376.821721
2.000000
551.507287
318.177280
573.966861
363.096425
2.000000
568.975843
328.159313
588.939908
364.344181
2.000000
586.444399
334.398083
601.417448
354.362147
2.000000
1200.339390
389.299261
1279.356147
565.232581
2.000000
933.320024
324.416051
1242.763026
480.385307
2.000000
827.260930
316.929527
995.707725
416.749850
2.000000
789.828309
318.177280
855.959272
394.290277
2.000000
753.643442
341.884609
789.828309
381.812738
2.000000
712.467559
340.636854
754.891197
370.582950
2.000000
696.246756
341.884609
712.467559
366.839689
2.000000
678.778199
341.884609
697.494510
361.848674
2.000000
663.805151
336.893591
681.273707
361.848672
2.000000
651.327609
328.159313
680.025952
350.618887
2.000000
641.345578
330.654820
653.823118
349.371132
