2.000000
0.997945
421.133308
275.433157
664.632187
2.000000
208.570762
451.071695
376.225727
577.810866
2.000000
357.264749
468.036781
418.139469
543.880694
2.000000
408.160007
462.049104
454.065532
522.923823
2.000000
446.081963
467.038834
473.026511
508.952575
2.000000
459.055266
461.051157
488.993652
502.964897
2.000000
473.026511
464.044995
503.962844
490.989544
2.000000
500.969007
469.034728
519.929984
486.997760
2.000000
756.443239
451.071695
856.237860
540.886857
2.000000
720.517176
436.102501
808.336442
520.927931
2.000000
682.595218
431.112770
771.412433
499.971060
2.000000
662.636294
452.069642
686.587003
490.989546
2.000000
649.662993
452.069642
667.626024
484.003920
2.000000
642.677370
451.071695
660.640402
485.001867
2.000000
624.714338
453.067587
644.673262
483.005975
2.000000
613.736929
451.071695
634.693802
476.020351
2.000000
605.753359
455.063479
618.726661
476.020352
2.000000
513.942308
455.063479
533.901232
481.010082
2.000000
530.907393
451.071695
549.868370
478.016245
2.000000
571.823187
452.069642
588.788273
466.040888
2.000000
815.322067
440.094285
1031.876398
584.796488
7.000000
332.316093
359.260642
367.244211
386.205190
7.000000
335.309933
386.205190
352.275019
424.127146
7.000000
809.334389
378.221620
831.289206
390.196975
6.000000
545.876587
431.112770
559.847832
442.090178
6.000000
587.790328
431.112770
596.771844
440.094287
7.000000
595.773897
430.114823
611.741037
438.098395
7.000000
630.702015
432.110717
638.685585
445.084019
