6.000000
544.622261
353.686961
552.299981
369.042401
6.000000
688.963397
350.615873
699.712206
362.900225
7.000000
711.996557
310.691729
728.887541
329.118257
2.000000
567.655421
375.184577
583.010862
390.540017
2.000000
524.660189
369.042401
543.086718
390.540017
2.000000
512.375837
372.113489
530.802366
396.682193
2.000000
497.020397
373.649033
518.518013
401.288825
2.000000
481.664957
372.113489
500.091485
398.217738
2.000000
466.309517
367.506856
493.949309
408.966544
2.000000
412.565476
367.506856
475.522781
412.037632
2.000000
647.503710
378.255665
656.716976
390.540017
2.000000
653.645887
379.791210
670.536871
393.611105
9.000000
622.935004
359.829138
655.181431
396.682193
2.000000
583.010860
369.042401
639.825988
416.644267
2.000000
673.607959
369.042401
715.067647
402.824369
2.000000
699.712206
373.649033
739.636350
408.966545
2.000000
718.138733
375.184577
754.991789
415.108723
2.000000
730.423085
381.326753
796.451479
431.999707
2.000000
788.773758
375.184577
887.048575
458.103953
9.000000
876.299765
335.260432
1037.531885
491.885920
4.000000
1037.531886
349.080329
1082.062662
459.639498
