2.000000
834.747455
331.902575
860.950287
348.123377
2.000000
870.932322
321.920543
892.144141
334.398083
2.000000
892.144141
320.672789
905.869436
335.645838
2.000000
915.851467
320.672789
937.063286
336.893592
2.000000
938.311040
321.920543
952.036335
334.398083
2.000000
950.788581
318.177281
967.009383
334.398083
2.000000
1111.748852
319.425035
1277.700140
381.812737
2.000000
1015.671791
328.159313
1073.068477
358.105410
2.000000
952.036335
316.929527
1014.424037
366.839689
2.000000
623.877021
318.177281
651.327610
336.893592
2.000000
784.837293
325.663805
799.810341
349.371132
2.000000
661.309643
330.654821
698.742263
354.362149
2.000000
711.219804
311.938511
788.580554
384.308245
2.000000
797.314833
324.416051
832.251946
351.866639
2.000000
103.563586
313.186265
148.482732
328.159313
2.000000
73.617489
311.938511
97.324815
326.911559
2.000000
44.919146
306.947495
67.378718
324.416051
2.000000
0.000000
303.204232
43.671391
324.416051
2.000000
586.444400
321.920543
611.399482
333.150329
