7.000000
920.938364
27.706014
969.127002
101.751967
7.000000
930.341024
105.277965
967.951668
132.310613
7.000000
930.341024
132.310615
967.951668
173.447254
7.000000
923.289031
175.797921
972.652999
221.635892
4.000000
1237.037550
280.904489
1279.349522
410.191073
4.000000
886.788439
314.989134
909.119758
378.457093
4.000000
865.632452
317.339799
894.492979
418.143772
4.000000
1095.997642
283.255156
1123.030290
353.775112
4.000000
1118.394240
283.928519
1177.160868
422.617765
4.000000
983.230991
312.136500
1016.140304
389.708451
4.000000
935.042355
315.662499
976.178997
419.091766
6.000000
624.689271
244.469179
636.442598
264.449833
6.000000
443.688054
271.501828
453.090713
293.833146
6.000000
610.959260
248.546114
621.537256
269.702102
6.000000
799.012476
230.916125
813.116468
261.474773
7.000000
763.657661
249.170509
788.339645
260.923835
6.000000
787.164314
293.833148
804.794303
311.463136
6.000000
709.592363
258.573169
722.521022
279.729157
2.000000
1226.459557
280.904489
1279.349524
312.638471
2.000000
916.171754
322.041130
994.919038
363.177770
2.000000
468.370037
320.865798
525.961335
393.736419
2.000000
695.209228
336.145122
721.066544
370.229766
9.000000
200.394207
246.819844
388.447421
433.697726
2.000000
701.151170
298.032511
871.574396
427.710866
2.000000
507.221293
283.144958
703.501835
475.899502
2.000000
327.330126
300.774947
488.415971
439.574388
9.000000
0.000000
109.328887
193.071334
612.371235
