2.000000
723.106962
370.431600
758.313272
391.861529
2.000000
752.190434
362.778053
784.335323
378.085144
2.000000
779.743200
364.308762
813.418800
375.023726
2.000000
770.558943
375.023726
813.418800
399.515070
2.000000
876.177871
361.247345
915.976308
385.738691
2.000000
912.914889
358.185925
941.998365
379.615853
2.000000
941.998363
358.185925
984.858215
384.207981
2.000000
981.796845
362.778053
1039.963790
378.085144
2.000000
1032.310243
358.185925
1056.801591
373.493018
2.000000
1067.210392
353.593800
1097.824574
371.962311
2.000000
1211.403208
345.327979
1254.263061
377.472868
2.000000
1252.732353
350.226243
1277.223697
376.248295
2.000000
1141.602864
389.412406
1277.835973
516.461261
2.000000
1186.911862
345.940252
1217.526042
375.023728
2.000000
1153.236262
342.878834
1186.911862
378.085144
2.000000
1050.372593
355.736796
1070.271811
374.105302
2.000000
650.857523
375.636023
673.818159
394.004533
2.000000
675.348868
380.228152
689.125250
386.350986
7.000000
814.643394
352.981524
880.157724
438.001473
