7.000000
122.456726
370.431599
145.417362
388.800107
7.000000
622.998597
306.141818
636.774981
321.448909
7.000000
555.647398
342.878835
564.831653
358.185927
7.000000
514.318253
306.141818
547.993853
338.286707
6.000000
234.198490
338.286708
246.444163
352.063092
6.000000
361.247344
339.817417
371.962306
355.124508
7.000000
1242.017389
133.171690
1278.754407
168.377999
2.000000
88.781127
410.230034
145.417362
443.905635
2.000000
150.009490
408.699326
226.544946
460.743435
2.000000
12.245673
387.269398
75.004746
454.620597
2.000000
68.881909
420.944999
90.311836
437.782798
2.000000
321.448908
373.493017
336.755997
381.146563
2.000000
287.773308
373.493017
304.611108
381.146563
2.000000
319.918199
407.168618
345.940253
454.620599
2.000000
440.844218
390.330817
567.893070
480.642653
2.000000
736.271069
390.330817
769.946672
414.822162
2.000000
800.560852
385.738690
866.381339
416.352869
2.000000
1038.433081
365.839471
1193.034700
427.067832
2.000000
847.094399
368.900890
1001.696017
430.129253
2.000000
1054.148355
368.900890
1277.631881
557.178107
7.000000
1187.320045
328.081996
1211.811392
338.796960
2.000000
217.360691
396.963905
338.286707
504.113541
7.000000
636.774979
332.163871
659.735616
365.839473
6.000000
629.121434
363.798534
644.428526
374.513497
6.000000
346.450505
374.513497
352.573342
386.759169
9.000000
393.902487
305.631589
516.359213
449.518243
2.000000
521.971799
378.595395
779.130925
546.973396
7.000000
293.896144
138.784291
309.203236
166.337053
