6.000000
509.784173
118.470971
531.324349
137.318623
6.000000
279.573537
66.415537
294.382408
96.033280
6.000000
240.531967
108.149629
256.687099
137.767371
6.000000
165.141349
1.795008
192.066570
11.218835
6.000000
227.069357
1.795008
260.725882
12.565096
7.000000
200.144136
69.108059
241.878230
82.570671
7.000000
161.102566
106.803368
220.338053
136.421108
7.000000
853.080735
90.648235
881.352217
133.728588
2.000000
233.800662
217.645529
326.692673
263.418404
2.000000
647.102800
183.989004
717.108374
263.418404
2.000000
729.224725
188.027787
880.005961
310.537540
2.000000
792.498993
182.642743
1077.906331
367.080504
2.000000
915.008747
198.349126
1278.499225
419.135935
2.000000
0.897504
225.274346
315.922585
421.828458
2.000000
274.882033
151.412295
727.225736
413.933196
6.000000
934.077668
148.693988
947.050969
167.654966
6.000000
205.576923
152.685773
219.548170
171.646751
6.000000
794.365196
149.691934
815.322067
168.652912
