7.000000
727.440607
238.321022
742.413657
253.294072
7.000000
726.192854
254.541824
746.156919
269.514874
7.000000
519.065681
249.550809
532.790976
262.028349
6.000000
597.674187
238.321022
605.160712
252.046317
6.000000
572.719106
247.055300
581.453385
260.780594
2.000000
462.916750
259.532841
544.020765
311.938512
2.000000
336.893591
242.064284
404.272309
288.231184
2.000000
272.010380
257.037334
331.902574
291.974447
2.000000
424.236376
253.294070
467.907766
281.992413
2.000000
406.767818
267.019365
424.236376
281.992414
2.000000
621.381514
253.294070
645.088839
281.992413
2.000000
586.444400
257.037334
605.160712
277.001397
2.000000
550.259533
262.028349
561.489320
274.505890
