7.000000
1012.939814
121.749440
1069.798356
214.998668
7.000000
791.504061
150.627809
897.072269
242.034428
2.000000
0.000000
270.357606
95.802837
360.258588
2.000000
0.000000
254.908600
209.568708
361.256533
2.000000
117.757655
277.429051
255.474234
353.272965
2.000000
179.630321
279.424943
322.336631
353.272963
2.000000
249.486557
284.414674
377.223675
348.283233
2.000000
308.365384
284.414674
413.149738
337.305825
2.000000
363.252426
284.414674
467.038834
344.291448
2.000000
378.221620
276.431105
510.948467
337.305825
2.000000
477.018295
286.410568
561.843726
333.314041
2.000000
509.950522
288.406459
587.790327
324.332523
2.000000
559.847832
284.414674
602.759521
313.355115
2.000000
861.227593
250.484503
1123.687450
392.192867
2.000000
1116.701828
295.392083
1279.367063
396.184652
2.000000
582.800596
269.070189
799.228564
359.189391
