2.000000
341.191764
315.271771
354.416251
323.206466
2.000000
361.028495
317.916669
376.897879
328.496258
2.000000
396.734610
313.949323
407.314198
323.206464
2.000000
433.763173
312.759117
449.632557
328.496260
2.000000
383.510123
315.271771
395.412161
324.528913
2.000000
465.501941
315.271771
487.983569
331.141155
2.000000
554.106005
309.981987
573.942736
327.173820
2.000000
484.016225
310.114220
544.848865
356.267691
2.000000
551.461108
307.469322
658.579453
404.008079
1.000000
217.322395
283.004021
332.375432
349.126457
7.000000
359.706046
268.192599
404.669303
291.996676
7.000000
417.893789
267.795863
465.501941
294.244837
7.000000
482.693774
262.506067
534.269273
287.632593
7.000000
536.914172
265.150963
584.522325
290.277489
7.000000
494.595814
291.599938
526.334582
304.824424
7.000000
527.657031
291.599938
548.816210
306.146873
2.000000
396.734610
292.922387
443.020313
311.436668
