4.000000
646.544082
364.837244
685.356554
449.212187
4.000000
779.856490
342.899759
827.106457
466.087176
4.000000
867.606430
361.462245
903.043905
425.587202
4.000000
995.856342
322.649773
1012.731330
336.149764
4.000000
405.231748
327.712270
437.294224
445.837188
4.000000
371.481772
391.837225
403.544249
459.337178
4.000000
342.794292
356.399750
381.606764
461.024678
4.000000
224.669371
388.462228
263.481844
482.962163
4.000000
244.919358
341.212260
303.981816
496.462154
4.000000
499.731683
322.649773
580.731627
515.024641
4.000000
133.544434
349.649755
206.106884
509.962144
2.000000
179.106903
312.524780
295.544323
381.712233
2.000000
415.356742
330.654821
611.106607
467.774673
2.000000
675.231562
373.274738
719.106532
423.899704
2.000000
725.856527
380.024734
737.669020
401.962219
2.000000
732.606523
378.337235
752.856511
408.712214
2.000000
741.044017
380.024734
774.793995
410.399713
2.000000
887.856416
336.149764
1184.856213
535.274627
2.000000
0.000000
295.649792
233.106866
466.087174
2.000000
1046.481307
327.712270
1279.356148
644.962051
