2.000000
270.622322
350.139595
300.276553
384.187046
2.000000
264.032492
361.122644
276.113846
379.793826
2.000000
242.066395
358.926034
260.737578
377.597217
2.000000
211.313858
350.139595
240.968089
375.400607
2.000000
228.886736
358.926034
254.147748
384.187045
2.000000
211.313858
361.122644
239.869785
386.383655
2.000000
170.676578
354.532814
217.903688
387.481961
2.000000
145.415566
352.336205
176.168102
387.481961
2.000000
111.368115
352.336203
166.283357
400.661618
2.000000
91.598627
357.827728
127.842689
409.448057
2.000000
43.273212
350.139594
105.876590
413.841277
2.000000
0.439322
344.648069
68.534224
428.119240
2.000000
279.408762
317.190447
417.795177
445.692119
4.000000
426.885930
349.260951
442.262200
393.193147
4.000000
402.723223
349.260951
417.001186
375.620269
4.000000
554.289296
347.064341
572.960479
378.915182
7.000000
465.326601
265.789780
482.899478
285.559268
7.000000
463.129991
283.362658
489.489308
298.738926
6.000000
286.302906
284.827063
293.991040
303.498246
6.000000
53.462272
280.433844
61.150408
304.596551
6.000000
60.052102
279.335539
74.330065
306.793162
6.000000
293.991040
285.925368
303.875785
303.498245
7.000000
402.723223
311.918585
412.607967
331.688074
6.000000
190.750382
336.081292
198.438516
349.260950
6.000000
286.302906
334.982987
296.187651
344.867732
