2.000000
629.261938
218.773401
661.564050
245.202402
2.000000
655.690940
224.646513
686.524776
255.480348
2.000000
563.189436
214.368566
605.769493
246.670679
2.000000
530.887321
214.368566
554.379768
262.821737
2.000000
456.005152
202.622345
533.823879
271.631404
2.000000
1002.696850
154.169176
1278.870025
456.634412
2.000000
2.307292
280.441070
81.594296
449.293023
2.000000
287.153198
180.388419
478.029320
324.279648
2.000000
663.032329
218.563641
771.684890
289.040978
2.000000
782.592108
209.963733
967.595118
324.489406
