2.000000
526.499817
168.299939
834.299709
490.949826
2.000000
468.449835
232.649912
569.699800
331.199876
7.000000
423.899852
177.749924
494.099826
193.949918
7.000000
899.099685
165.599928
947.699668
200.699916
6.000000
500.849824
152.999941
518.399818
170.549933
6.000000
764.549736
76.049967
782.099730
100.349957
2.000000
1005.749648
215.549921
1201.499579
301.949891
2.000000
160.649943
266.399900
306.449892
320.399881
7.000000
908.549682
113.399959
943.649670
157.949944
7.000000
1082.699620
85.049969
1139.399600
151.199946
