2.000000
412.701099
361.166479
442.391828
390.857206
2.000000
375.587691
374.527306
408.247490
396.795351
2.000000
815.858770
361.166479
913.838167
460.630413
2.000000
870.786614
362.651016
977.673229
471.022168
2.000000
918.291775
361.166479
1164.724807
514.073721
2.000000
1045.961900
370.073696
1277.549567
542.279909
6.000000
311.752629
350.774726
331.051601
367.104624
6.000000
599.752676
295.846880
614.598040
313.661316
6.000000
705.154754
344.836580
720.000119
365.620087
6.000000
728.907337
335.929363
748.206310
353.743797
6.000000
976.824902
239.434500
997.608412
266.156154
7.000000
725.938265
364.135552
743.752699
386.403597
7.000000
822.433124
139.970566
911.505305
194.898411
7.000000
834.309416
229.042746
902.598086
266.156154
7.000000
332.536137
315.145853
351.835111
359.681944
7.000000
538.886686
361.166479
559.670193
390.857206
6.000000
608.208362
262.139970
624.745229
283.270412
6.000000
633.932378
262.139970
652.306675
286.026557
