2.000000
616.564567
271.081856
676.472159
320.505620
2.000000
743.868201
271.081856
820.250381
329.491759
2.000000
543.177766
259.100339
574.629252
287.556444
2.000000
677.969849
269.584166
712.416714
305.528722
2.000000
597.094599
265.091097
619.559946
290.551824
2.000000
586.610770
260.598028
604.583048
278.570306
2.000000
577.624632
259.100339
586.610770
275.574926
2.000000
8.502502
194.699676
99.861581
212.671954
2.000000
237.649044
220.160403
284.077427
238.132681
7.000000
634.536845
73.386801
853.199558
182.718157
7.000000
779.812756
203.685815
829.236520
247.118819
7.000000
835.227279
205.183503
907.116391
262.095716
7.000000
499.744760
233.639611
529.698556
248.616509
7.000000
526.703178
236.634991
547.670835
251.611889
7.000000
895.134871
268.086477
928.084047
307.026413
2.000000
517.717039
257.602648
534.191627
269.584166
7.000000
1145.249071
307.026412
1195.559991
341.473277
7.000000
354.588160
200.155264
410.861844
214.223685
7.000000
436.440792
205.271054
454.346055
220.618422
