2.000000
286.921972
334.742300
404.393649
431.422531
2.000000
713.146640
293.159406
1088.432263
522.904897
2.000000
86.284505
350.335885
133.065261
382.562629
2.000000
128.906972
349.296313
154.896282
375.285623
2.000000
154.896282
344.098452
175.687728
374.246050
2.000000
226.626776
364.889899
271.328386
393.997925
2.000000
184.004308
362.810754
217.270624
393.997925
2.000000
239.101643
349.296313
275.486676
375.285623
2.000000
260.932662
346.177597
290.040688
362.810754
2.000000
667.405456
328.504866
756.808679
353.454603
7.000000
444.936971
343.058879
466.767990
363.850327
6.000000
346.177597
194.899178
355.533748
231.824637
6.000000
333.702728
264.051380
344.098452
285.882399
6.000000
353.454603
298.357268
362.810754
312.911281
6.000000
343.058879
298.357268
351.375458
311.871708
7.000000
449.095260
293.159406
464.688846
311.871707
7.000000
765.125258
203.756183
807.747725
245.339077
7.000000
17.468557
228.588537
88.590537
317.179074
7.000000
341.884608
177.430621
359.353164
193.651424
2.000000
521.561190
330.904368
566.480335
368.336990
