4.000000
737.085999
338.901604
758.064433
370.369256
1.000000
401.431053
314.426764
462.618153
352.887225
2.000000
387.445429
342.398010
460.869949
394.844096
1.000000
604.222581
216.527403
740.582404
407.081514
2.000000
210.876942
335.405198
358.151379
424.563543
1.000000
0.000000
153.592103
203.884130
480.506034
4.000000
798.273100
330.160590
815.755127
361.628241
4.000000
845.474575
309.182155
859.460198
354.635429
4.000000
859.460198
316.174966
875.194024
356.383633
4.000000
840.229967
323.167778
852.467386
356.383631
7.000000
548.280091
242.750446
577.999540
286.455517
7.000000
551.776497
286.455517
579.747742
312.678560
