2.000000
557.213035
313.588502
610.935369
356.066626
2.000000
404.791531
338.575634
428.529308
348.570485
2.000000
372.308260
327.331424
409.788958
347.321131
2.000000
313.588502
322.333998
362.313409
348.570485
2.000000
294.848153
317.336571
332.328851
346.071773
2.000000
219.886758
302.344294
289.721956
344.473697
2.000000
201.146410
314.837859
242.375175
341.074346
2.000000
24.987132
293.598798
163.665712
357.315981
1.000000
2.498712
274.858447
32.483271
352.318555
9.000000
87.454962
269.861023
218.637403
352.318556
9.000000
317.336571
303.593649
359.814694
327.331424
9.000000
615.932795
317.336571
650.914779
357.315981
9.000000
954.508428
267.362309
1098.184434
373.557619
9.000000
1018.225614
32.483271
1279.341141
407.290245
7.000000
487.249067
301.094937
509.737485
324.832712
7.000000
509.737485
297.346866
534.724617
317.336573
9.000000
860.806686
224.884185
965.752636
361.064052
