2.000000
661.266325
205.421155
710.249018
257.465264
2.000000
670.450580
225.320372
714.841143
260.526684
2.000000
707.187597
210.013282
774.538795
262.057391
2.000000
765.354543
234.504627
782.192344
255.934555
2.000000
130.110272
231.443209
234.198490
278.895191
2.000000
773.008088
164.092010
978.123106
280.425900
6.000000
506.875175
168.377999
517.590139
180.623672
6.000000
454.831066
174.500836
468.607448
183.685090
6.000000
389.010576
174.500836
399.725540
186.746508
6.000000
333.905050
177.562254
347.681429
192.869346
