2.000000
302.294317
272.024808
332.669296
288.899795
2.000000
432.231729
266.962311
464.294207
317.587277
2.000000
568.919135
273.712307
594.231618
295.649793
2.000000
575.669130
283.837299
590.856621
314.212278
2.000000
633.044091
282.149801
651.606578
310.837282
2.000000
649.919078
272.024808
722.481529
327.712269
2.000000
138.606931
273.712307
199.356890
315.899777
2.000000
71.106977
265.274813
86.294467
275.399806
2.000000
79.544472
273.712307
152.106924
320.962274
2.000000
795.043980
275.399806
827.106457
300.712288
2.000000
926.668890
287.212297
962.106365
320.962274
2.000000
946.918874
273.712307
1044.793808
331.087267
2.000000
815.293966
277.087304
941.856379
351.337253
2.000000
700.544044
277.087304
818.668963
349.649756
2.000000
177.419404
260.212316
320.856807
342.899758
2.000000
312.419311
266.962311
442.356723
347.962255
9.000000
457.544212
245.024826
563.856637
349.649756
9.000000
1011.043830
268.649810
1181.481214
347.962257
2.000000
1167.981223
280.462302
1213.543692
300.712288
2.000000
0.232026
243.337328
84.606968
341.212260
2.000000
1166.293723
260.212316
1279.356146
378.337235
2.000000
579.044127
273.712307
638.106587
326.024771
