2.000000
8.085411
283.958082
338.495750
472.763989
2.000000
392.690038
264.727850
803.517707
563.670537
2.000000
733.589592
283.958082
1029.035873
458.778365
2.000000
686.388116
271.720662
796.524896
332.907761
1.000000
203.884130
242.001213
338.495750
331.159558
2.000000
336.747547
283.958082
390.941835
331.159558
2.000000
385.697227
292.699095
404.927458
320.670341
2.000000
392.690038
285.706284
411.920269
317.173936
2.000000
406.675661
287.454487
427.654095
313.677530
2.000000
422.409485
287.454487
432.898702
304.936516
2.000000
425.905892
285.706284
439.891515
310.181124
6.000000
30.812050
100.396783
46.545875
138.857246
6.000000
450.380732
124.871622
462.618152
158.087478
6.000000
625.201017
235.008402
635.690234
264.727850
6.000000
43.049468
103.893189
57.035092
142.353651
6.000000
464.366356
123.123420
471.359166
159.835680
6.000000
763.309042
226.267387
784.287476
250.742226
7.000000
754.568028
205.288952
766.805448
221.022779
7.000000
509.819628
128.368028
579.747743
144.101854
7.000000
742.330607
222.770982
761.560839
250.742228
7.000000
558.769308
243.749416
576.251336
261.231445
2.000000
32.441605
286.983430
113.545618
316.929527
2.000000
0.000000
288.231184
32.441605
318.177281
