2.000000
983.607048
320.505380
1059.240328
361.691822
2.000000
1056.993794
311.519248
1150.599338
363.189512
2.000000
1146.106271
322.751913
1199.274224
364.687196
2.000000
1169.320446
307.775026
1279.400565
371.426796
2.000000
770.935254
319.007691
788.907518
330.989201
2.000000
647.900129
316.012314
657.635105
326.496137
2.000000
634.420930
316.761158
647.900127
325.747290
2.000000
622.439421
319.007691
643.407063
330.989201
2.000000
760.226781
322.003069
774.454823
333.984578
2.000000
660.308128
295.213719
762.227117
391.645593
7.000000
1184.671732
227.328860
1239.337370
267.017614
