7.000000
466.400917
396.272355
540.816822
417.402797
7.000000
432.408468
414.646652
550.003971
455.988822
7.000000
430.571038
455.070107
550.003971
480.794123
7.000000
623.501160
410.971792
638.200597
429.346089
7.000000
1157.580730
510.805464
1168.605309
523.667475
4.000000
1062.646878
692.711008
1077.346318
718.435024
4.000000
1044.272582
694.548438
1058.972017
718.435024
2.000000
1254.658287
657.799843
1279.463589
681.686431
2.000000
1229.109277
669.743137
1245.646144
680.767716
2.000000
1219.003413
680.767716
1232.784135
690.873579
2.000000
1151.937227
662.393418
1173.986383
678.011570
7.000000
1234.621565
675.255425
1264.020440
692.711008
7.000000
606.876803
569.603216
620.657526
587.977516
7.000000
549.916481
504.374461
582.990214
540.204340
2.000000
519.073900
536.988838
542.041770
555.363134
2.000000
503.455746
552.606991
532.854620
573.737435
2.000000
515.215313
574.380546
528.996035
601.941992
2.000000
483.979008
570.705684
519.808886
604.698135
2.000000
314.935457
556.924962
373.733210
602.860705
9.000000
405.940730
522.748758
471.169486
560.416070
2.000000
2.449904
536.529480
267.039786
675.255425
2.000000
355.236413
553.066349
496.718501
668.824422
