7.000000
447.325619
301.035653
459.307136
311.519482
7.000000
523.707798
307.026412
538.684696
319.007929
7.000000
808.268862
308.524102
823.245760
320.505620
7.000000
346.980400
314.514861
364.952677
323.501000
2.000000
721.402854
327.994069
733.384372
335.482518
2.000000
748.361271
326.496378
764.835859
341.473277
2.000000
706.425955
326.496378
721.402854
335.482518
2.000000
695.942126
324.998689
709.421335
335.482518
2.000000
685.458299
323.501000
700.435197
332.487140
2.000000
674.974469
323.501000
688.453677
332.487140
2.000000
659.997571
323.501000
676.472159
335.482518
2.000000
796.287344
316.012551
838.222659
350.459416
2.000000
1053.889992
333.984828
1080.848408
350.459416
2.000000
1074.857649
322.003310
1149.742140
350.459416
2.000000
1107.806825
330.989450
1166.216728
350.459416
2.000000
1133.267553
330.989450
1197.668215
353.454797
2.000000
1170.709799
329.491759
1215.640494
353.454797
2.000000
910.111769
327.994069
938.567875
344.468657
9.000000
0.000000
292.049514
200.206798
476.265361
2.000000
1161.723658
326.496378
1277.045774
416.357767
2.000000
634.536844
323.501000
655.504501
344.468657
2.000000
567.140802
320.505620
601.587668
347.464037
2.000000
808.268862
323.501000
907.116390
386.403972
2.000000
654.006811
324.998689
662.992950
344.468656
4.000000
254.123630
286.058754
394.906474
543.661402
