7.000000
797.444502
82.684338
837.867956
124.026507
7.000000
773.557916
123.107792
826.843378
185.580403
7.000000
696.385868
158.018957
733.134462
194.767551
7.000000
711.085305
139.644660
723.947314
158.937672
7.000000
672.499281
186.499118
698.223297
203.035985
7.000000
674.336711
202.117270
700.060727
216.816709
7.000000
652.287554
189.255262
672.499280
209.466988
7.000000
650.450124
169.043535
668.824421
186.499118
7.000000
644.937834
205.792130
659.637273
226.922572
7.000000
77.478287
134.132370
101.364872
146.075665
7.000000
71.965997
62.387702
102.315832
112.083214
7.000000
82.071859
146.994378
103.202301
184.661688
6.000000
835.724307
156.181527
866.041898
187.417832
6.000000
804.794222
1.531189
823.168519
57.572796
6.000000
822.249804
2.449904
843.380246
57.572796
6.000000
410.971782
0.000000
442.208087
28.480161
4.000000
847.361353
224.778900
887.784807
340.536973
2.000000
396.884822
202.576628
459.357433
226.463214
2.000000
385.860243
224.625784
465.788437
251.268515
2.000000
148.831808
198.901768
410.665545
320.172130
2.000000
0.000000
229.219359
152.506668
315.578556
2.000000
275.614459
189.714620
876.453982
447.873496
2.000000
1219.747121
291.232613
1279.463588
391.372532
