6.000000
580.238505
368.202391
589.662332
378.972480
2.000000
592.354852
385.367220
611.202507
400.176092
2.000000
572.160937
382.674698
592.354852
406.907397
2.000000
533.119369
382.674698
584.277288
420.370006
2.000000
258.482118
406.907395
333.872736
440.563921
2.000000
343.296562
406.907395
393.108221
432.486355
2.000000
595.047374
393.444787
650.244077
432.486356
2.000000
473.883882
390.752265
553.313282
456.719055
2.000000
391.761960
389.406003
465.806317
451.334011
6.000000
479.268926
281.368556
492.731538
308.293776
6.000000
539.850674
273.290989
551.967023
304.254993
6.000000
14.808871
293.484903
35.002787
327.141429
7.000000
759.291220
315.025081
792.947746
328.487692
2.000000
1.591043
505.478945
43.325135
606.448523
6.000000
202.836657
364.387983
213.606746
376.504332
