2.000000
718.417848
394.091192
726.256559
406.829096
2.000000
708.619458
396.050870
718.417848
406.829096
2.000000
663.350892
391.282318
674.129118
403.040386
2.000000
674.129118
389.322641
688.826701
405.000061
2.000000
630.036373
391.282318
638.854922
402.060547
2.000000
619.258143
393.241996
631.016209
403.040386
2.000000
610.439595
396.181513
621.217821
406.959739
2.000000
637.875082
390.302479
655.512181
407.939579
2.000000
497.170219
384.684734
593.194426
454.253291
2.000000
552.041194
379.785538
608.871848
438.575867
1.000000
727.530336
253.386330
1001.885211
477.671433
2.000000
959.984854
302.966173
1276.752967
670.248039
6.000000
1177.178402
169.904057
1201.674375
213.016965
6.000000
1139.944526
171.863733
1165.420336
212.037126
6.000000
1037.061447
370.771011
1046.859834
379.589560
6.000000
585.208744
255.492977
605.785359
282.928464
6.000000
463.708729
289.787336
482.325668
317.222822
6.000000
710.383156
283.908303
726.060576
306.444596
6.000000
669.229925
350.537345
679.028312
363.275249
6.000000
600.641206
357.396215
608.479917
364.255086
6.000000
535.971843
372.093797
545.770231
383.851863
6.000000
514.415389
368.174443
525.193615
380.912347
6.000000
281.703665
255.492977
302.280280
280.968786
6.000000
275.138748
235.553267
282.977459
254.170204
6.000000
298.654880
230.654069
314.332302
251.230686
6.000000
167.356476
271.653028
185.494119
301.202466
6.000000
163.437122
355.093587
178.134704
376.650043
6.000000
449.550076
308.061323
461.308141
326.678262
6.000000
701.956566
385.468591
711.754953
394.287142
6.000000
612.399273
365.871815
620.237985
376.650043
6.000000
601.621045
368.811332
609.459756
376.650043
6.000000
588.883141
368.811332
598.681528
376.650043
7.000000
127.379050
314.528266
145.995987
325.306495
7.000000
145.995986
327.266170
164.612923
337.064560
7.000000
448.766187
410.552473
458.564574
421.330702
7.000000
448.766187
398.794406
459.544416
410.552471
7.000000
445.826671
327.266170
466.403286
357.641174
7.000000
660.411377
365.479885
669.229926
372.338757
6.000000
454.645220
373.906506
465.423446
394.483121
