2.000000
754.323147
253.231579
767.112620
267.300000
2.000000
744.091568
255.789475
753.044199
273.694738
2.000000
806.759990
250.673686
815.712621
269.857896
2.000000
811.875779
251.952633
829.781043
271.136844
2.000000
603.407356
266.021055
636.659987
287.763160
2.000000
552.249461
255.789475
609.802092
291.600002
2.000000
490.859987
250.673686
510.044198
264.742107
2.000000
719.791566
253.231579
745.370514
276.252633
2.000000
776.065253
253.231579
804.202095
278.810527
2.000000
829.781040
248.115792
859.196831
277.531581
2.000000
860.475777
250.673686
935.933674
300.552633
2.000000
625.149462
243.000001
708.281042
312.063161
2.000000
354.012619
260.905266
614.917884
436.121056
2.000000
1086.849463
254.510529
1279.970516
438.678950
7.000000
906.517884
219.978949
921.865253
241.721055
