2.000000
0.232026
318.262281
42.419497
375.637242
2.000000
27.232006
310.499786
101.481955
347.624760
2.000000
123.419440
322.312278
150.419422
349.312260
2.000000
141.981928
291.937299
211.169379
362.812250
7.000000
207.794383
251.437327
248.294355
302.062291
7.000000
246.606859
241.312335
322.544306
291.937299
7.000000
378.231765
207.562358
422.106735
227.812343
7.000000
388.356759
229.499841
422.106737
256.499823
2.000000
363.044276
288.562303
408.606745
334.124772
2.000000
231.419367
305.437289
266.856843
337.499768
2.000000
400.169251
276.749811
445.731719
329.062274
2.000000
376.544267
273.374811
665.106570
496.124658
2.000000
597.606617
278.437309
636.419090
307.124788
2.000000
631.356592
275.062311
727.544027
302.062292
2.000000
720.794031
276.749811
778.168991
296.999796
2.000000
769.731497
268.312315
825.418958
291.937299
2.000000
803.481474
271.687315
884.481417
295.312298
2.000000
850.731442
281.812307
908.106403
307.124790
9.000000
914.856395
237.937335
1083.606279
329.062274
9.000000
1059.981295
241.312335
1272.606151
323.999776
4.000000
994.168844
249.749827
1032.981317
361.124752
7.000000
1093.731275
64.124955
1127.481252
116.437419
2.000000
926.668889
92.812437
1046.481307
114.749923
2.000000
454.169213
70.874951
617.856599
104.624929
7.000000
1016.106328
48.937465
1063.356295
106.312427
6.000000
1034.668815
0.000000
1070.106291
42.187470
7.000000
1083.606283
1.687500
1137.606246
65.812457
0.000000
23.857010
334.124768
79.544473
366.187248
