4.000000
797.726624
317.077963
804.914789
335.447719
4.000000
758.591058
314.681908
770.571334
343.434568
4.000000
575.692183
309.889798
593.263254
323.467443
1.000000
765.779211
305.097688
792.135818
332.252980
2.000000
751.402881
318.675333
765.779209
331.454293
2.000000
739.422605
319.474018
757.792360
333.850348
2.000000
731.435754
318.675333
746.610771
337.045088
2.000000
724.247589
320.272702
738.623919
339.441142
2.000000
709.072574
317.077963
732.234439
340.239829
2.000000
681.118597
314.681908
714.663369
345.830623
2.000000
677.923856
321.071389
700.287037
347.427996
2.000000
654.761989
315.480592
684.313337
350.622735
2.000000
642.781713
317.876648
677.923856
355.414845
2.000000
610.035628
314.681908
661.950155
361.005638
2.000000
817.214539
321.071389
826.798759
329.058239
2.000000
826.798759
317.876648
833.188238
330.655609
2.000000
833.188238
317.876648
842.772459
330.655609
2.000000
836.382981
316.279279
844.369831
333.051666
2.000000
841.973775
318.675333
855.551421
337.843775
2.000000
849.161940
320.272702
862.739585
341.038513
2.000000
858.746161
318.675333
874.719864
345.031939
2.000000
864.336956
316.279279
900.277782
350.622737
2.000000
871.525122
321.071389
897.083045
352.220106
2.000000
878.713288
321.071389
905.069895
353.817476
2.000000
890.693563
321.071389
921.043593
363.401697
2.000000
907.465949
317.077963
948.198887
371.388545
2.000000
933.822555
313.084538
989.730511
382.570137
2.000000
959.380476
310.688482
1069.599013
396.946467
2.000000
983.341028
323.467443
1127.104337
416.913592
2.000000
1077.266391
326.662183
1279.333707
467.230751
2.000000
1214.640220
346.629310
1277.736340
499.976838
2.000000
431.928863
321.071389
532.563178
398.543838
2.000000
300.944515
307.493742
445.506509
423.303073
2.000000
38.975819
318.675333
342.476138
477.613656
2.000000
0.000000
356.213530
53.352150
507.165003
2.000000
554.926359
317.876648
630.002753
367.395121
7.000000
399.981461
285.929246
426.338067
309.889798
