6.000000
654.981576
212.367735
672.539428
259.199822
6.000000
464.294207
244.012332
482.880814
284.512304
6.000000
934.567778
204.881210
950.788580
251.048111
6.000000
914.603713
209.872226
929.576762
249.800355
7.000000
529.047714
226.093028
591.435415
246.057093
6.000000
1015.671792
312.188058
1033.140348
337.143139
2.000000
954.531842
345.877417
1060.590935
394.539824
2.000000
903.373928
357.107203
945.797564
389.548808
2.000000
1074.316231
364.593726
1121.730883
395.787578
2.000000
1100.519066
359.602710
1257.736075
416.999396
2.000000
671.291676
358.354957
708.724296
387.053300
2.000000
733.679377
360.850466
784.837293
387.053301
2.000000
641.345578
350.868432
675.034936
372.080251
2.000000
582.701137
352.116188
603.912955
370.832499
2.000000
476.642044
348.372925
516.606671
377.071268
2.000000
441.704931
345.877417
476.642044
378.319022
2.000000
389.299261
337.143139
444.200439
378.319022
2.000000
324.416051
347.125170
371.830705
374.575759
2.000000
155.969255
327.161106
254.541827
387.053300
2.000000
252.046317
347.125170
281.992413
372.080251
2.000000
0.000000
325.913352
91.086047
383.310037
