4.000000
164.061700
419.633813
200.768646
529.754653
4.000000
205.173478
428.737133
252.158369
537.389694
4.000000
291.801873
431.673691
308.662188
501.914623
4.000000
403.390995
425.800581
434.224827
490.404802
4.000000
344.659878
431.673691
369.620603
490.404806
4.000000
481.209719
436.959499
497.360776
475.134726
4.000000
586.925724
460.451943
606.013332
498.627165
4.000000
692.641730
429.618110
711.729338
476.602997
4.000000
761.650791
425.213277
785.143233
492.754058
4.000000
862.961961
413.467056
887.922687
489.817505
4.000000
791.016346
434.022942
814.508791
485.412668
4.000000
1067.052584
397.315993
1105.227806
610.216286
2.000000
542.633545
429.785918
589.618436
481.175640
2.000000
620.452272
434.190749
636.603327
465.024588
2.000000
632.198493
440.063861
676.246830
478.239084
3.000000
630.730217
450.341808
677.715107
482.643921
0.000000
639.539883
467.961142
718.826886
522.287424
0.000000
667.437165
481.175643
878.869176
677.924873
0.000000
670.152202
480.928650
902.746783
674.349406
7.000000
933.195456
179.339646
971.370678
223.387983
2.000000
526.566581
438.257157
543.705127
462.740795
4.000000
300.092914
433.360428
330.697464
516.604805
7.000000
736.223047
341.301946
752.137413
353.543766
4.000000
739.930576
426.015338
757.069124
472.534254
