4.000000
283.306213
313.518860
297.888487
347.544162
4.000000
264.911285
307.847970
279.493558
349.164409
4.000000
239.392307
296.911266
260.050527
349.164409
4.000000
190.784732
298.126456
211.442952
366.177062
6.000000
909.829660
239.392300
942.639773
273.417602
7.000000
26.734166
229.265730
72.911363
276.658115
7.000000
895.999649
169.721448
960.404686
191.594857
7.000000
859.543969
207.392321
923.949005
234.126489
7.000000
742.885787
247.493571
769.619954
290.025200
6.000000
573.569388
308.658095
583.290902
320.809987
6.000000
599.088365
309.873282
608.809880
320.809987
6.000000
601.518743
322.719582
612.455447
333.656285
2.000000
613.670638
333.772017
631.898476
350.784668
2.000000
661.063023
333.772017
680.506054
369.012509
2.000000
512.809919
319.189745
545.620032
354.430236
1.000000
401.012496
264.506223
516.455488
370.227700
2.000000
544.404843
321.620120
601.518745
373.873263
2.000000
627.037721
330.126445
669.569349
375.088454
2.000000
287.999882
309.468226
427.746662
395.746673
2.000000
691.366809
299.908740
1244.277977
495.554231
