2.000000
154.036409
304.757457
303.294759
384.847303
2.000000
387.025053
286.555219
494.418255
373.925961
2.000000
536.856657
301.117009
634.575488
381.206857
2.000000
641.856382
293.836113
700.103543
348.442827
2.000000
490.777809
304.757457
525.362061
332.060814
2.000000
367.002592
317.499024
388.845277
352.083276
6.000000
583.609221
279.274323
594.530563
299.296785
7.000000
741.968690
231.948506
761.991151
246.510296
7.000000
836.620326
155.499106
876.665249
173.701345
2.000000
523.356666
307.462284
543.606652
327.712271
2.000000
617.856601
307.462284
638.106587
327.712271
7.000000
1157.856230
179.212372
1194.981205
226.462339
7.000000
627.981594
290.587295
638.106587
307.462284
