2.000000
750.142230
299.837231
760.026974
305.328757
2.000000
734.765961
299.837231
743.552400
304.230451
7.000000
729.274437
291.050792
740.257487
300.935535
7.000000
744.650706
289.952487
753.437145
298.738925
2.000000
676.555804
300.935535
691.932072
313.031034
2.000000
729.274437
306.427060
741.355790
317.410109
2.000000
719.389694
295.444011
732.569352
303.132146
2.000000
651.294793
314.115196
676.555806
341.572819
2.000000
534.874475
305.328757
556.840573
316.311803
2.000000
477.762621
305.328757
505.220244
320.705024
2.000000
347.064341
309.721975
384.406708
327.294853
2.000000
419.552463
305.328757
442.616865
320.705024
2.000000
449.206693
318.508415
504.121937
353.654171
2.000000
627.132084
305.328757
639.213438
313.016890
2.000000
586.494803
317.410109
663.376146
380.013488
2.000000
20.867793
282.264353
101.044049
329.491463
2.000000
596.379547
310.820281
615.050730
318.508414
2.000000
0.000000
281.166048
23.064402
326.196548
2.000000
693.030377
297.640622
707.308340
305.328759
