2.000000
415.180291
271.102163
431.710908
281.020531
2.000000
378.812927
273.306244
409.670084
293.142989
2.000000
343.547607
273.306244
375.506806
293.142989
2.000000
260.894507
262.285832
340.241484
308.571568
7.000000
679.408467
243.551130
698.143173
263.387871
7.000000
462.306330
252.367459
473.326744
261.183790
6.000000
612.000270
253.469502
620.816599
266.693995
6.000000
595.469650
255.673584
603.183940
266.693998
6.000000
570.122700
242.449088
577.836990
255.673584
2.000000
570.568117
266.693996
585.996695
282.122577
2.000000
551.833414
265.591956
567.261994
276.612369
2.000000
523.180340
262.285832
534.200753
272.204204
2.000000
507.751762
263.387873
518.772176
272.204204
2.000000
497.833389
268.898081
590.404859
342.734849
