2.000000
592.224125
211.905073
609.115109
227.260513
2.000000
576.868686
221.118338
595.295214
242.615954
2.000000
559.977701
228.796057
581.475318
250.293674
2.000000
523.124645
233.402690
564.584334
254.900306
2.000000
493.949309
231.867145
521.589101
267.184656
2.000000
473.987237
230.331600
498.555941
274.862376
2.000000
398.745579
236.473777
477.058323
282.540098
2.000000
231.371283
224.189425
369.570243
320.928696
2.000000
0.000000
231.867145
229.835739
383.886001
7.000000
725.816452
205.762896
736.565260
218.047248
7.000000
693.570029
205.762896
708.925468
216.511704
7.000000
673.607959
210.369528
688.963398
221.118336
6.000000
609.115109
201.156266
618.328374
216.511705
6.000000
622.935004
202.691809
633.683812
216.511705
2.000000
653.645887
224.189425
679.750135
245.687042
2.000000
676.679046
225.724970
705.854382
248.758129
2.000000
704.318838
228.796057
738.100806
268.720201
2.000000
739.636349
227.260513
817.949093
273.326833
2.000000
822.555725
225.724970
1063.636133
351.639577
