7.000000
7.443767
412.933529
77.963723
452.894839
7.000000
194.321650
349.465570
307.153577
424.686856
7.000000
321.257569
376.498219
375.322869
385.900879
7.000000
309.504244
387.076213
383.550196
419.985525
7.000000
321.257569
417.634861
357.692879
431.738849
7.000000
325.958898
429.388185
364.744874
448.193506
7.000000
377.673533
387.076213
419.985507
428.212853
7.000000
916.759420
352.991566
959.071392
395.303540
7.000000
863.869453
395.303540
907.356759
429.388183
2.000000
0.000000
469.349474
19.221538
512.836780
9.000000
83.864829
398.829519
184.943432
490.505461
2.000000
14.520206
452.894820
123.826139
522.239442
2.000000
177.866995
444.275718
230.756959
463.081039
9.000000
378.243407
384.777845
478.146677
463.525129
2.000000
599.205936
435.851389
713.213199
529.877995
2.000000
956.888663
407.336710
985.096646
424.966699
