2.000000
0.000000
471.651029
67.378717
676.282690
2.000000
0.232026
388.051508
108.554602
524.056698
2.000000
263.276103
405.520064
381.812738
485.376321
2.000000
368.087443
398.033541
409.263326
452.934719
2.000000
409.263326
406.767819
431.722899
430.475146
7.000000
782.341784
280.744659
811.040127
315.681773
7.000000
783.589540
258.285088
816.031143
274.505890
7.000000
784.918987
197.145138
813.535636
245.024826
7.000000
1110.501098
306.947495
1145.438211
335.645838
7.000000
494.110600
252.046317
565.544137
285.735675
7.000000
490.367340
351.866640
499.101618
365.591936
7.000000
491.615093
366.839689
501.597125
376.821721
2.000000
445.448193
404.272310
476.642044
427.979637
6.000000
422.988620
375.573967
431.722899
386.803754
6.000000
340.636854
374.962237
353.114394
395.538032
9.000000
1040.626872
316.929527
1262.727091
424.236375
2.000000
1252.745059
371.830705
1279.356147
416.749850
7.000000
320.672789
383.060492
331.902576
393.042523
6.000000
773.106495
206.212353
789.981483
253.462321
6.000000
752.856509
202.837355
773.106495
243.337328
6.000000
766.356499
324.337272
793.356481
347.962256
6.000000
800.106476
326.024771
813.606467
347.962256
