2.000000
0.000000
309.327095
42.830045
455.755893
2.000000
25.649991
217.097911
306.940886
372.985585
2.000000
23.066649
187.452815
334.789308
309.626538
2.000000
359.044384
226.081273
394.977831
257.523037
2.000000
468.641400
162.299403
685.140422
391.375133
2.000000
351.249452
230.872401
363.826159
242.550770
2.000000
327.892710
223.685712
347.656106
243.449108
2.000000
393.471252
226.380720
402.454614
238.957428
2.000000
398.861269
230.872401
417.726328
246.144115
2.000000
408.742967
232.669075
432.998044
257.822486
2.000000
422.218010
226.380720
481.508198
273.992539
6.000000
430.303035
199.430635
436.591389
208.413996
6.000000
374.606192
201.227308
383.589554
208.413996
6.000000
425.811355
206.617323
432.099709
213.804011
6.000000
397.962933
207.515661
404.251287
214.702350
2.000000
415.929658
216.499022
431.201371
226.380720
4.000000
684.232751
202.724538
696.809458
255.726375
4.000000
718.369526
200.927865
734.539577
245.844676
4.000000
883.663384
173.977780
915.404577
262.314168
4.000000
1000.447090
156.909393
1055.245599
293.456497
9.000000
223.685712
170.683876
338.672743
256.025814
4.000000
901.929535
187.752264
929.777957
259.619160
6.000000
1190.969207
35.484280
1234.987680
92.977797
