2.000000
3.670694
300.996961
288.516599
510.960694
2.000000
295.857988
312.743184
382.486382
361.196353
2.000000
381.018104
302.465239
422.129884
331.830795
6.000000
566.021114
268.694848
580.703892
284.845903
6.000000
514.631389
265.758292
529.314166
280.441071
6.000000
417.725050
256.948626
432.407829
274.567960
6.000000
438.280940
280.441071
454.431996
293.655571
6.000000
491.138943
262.821737
510.226555
277.504516
6.000000
450.027163
261.353459
470.583053
281.909349
2.000000
426.534718
271.631404
576.299060
415.522634
