6.000000
126.954292
161.743961
143.845276
203.203649
6.000000
216.015844
223.165721
232.906828
260.018777
6.000000
412.565477
167.886137
424.849829
204.739192
6.000000
547.693349
172.492769
566.119877
209.345825
6.000000
567.655422
174.028313
581.475317
213.952457
6.000000
731.958630
264.625409
751.920702
286.123026
6.000000
976.110127
235.450073
996.072198
258.483233
6.000000
454.025165
256.947688
463.238430
272.303129
7.000000
159.200716
255.412145
183.769420
276.909761
7.000000
711.996557
190.919297
733.494174
224.701265
7.000000
711.996557
232.378985
736.565261
243.127793
7.000000
936.185982
187.848208
988.394479
206.274736
9.000000
242.120092
218.559089
411.029932
378.255666
2.000000
699.712206
301.478465
801.058110
393.611105
2.000000
466.309517
284.587481
750.385158
485.743746
2.000000
879.370853
272.303129
1280.000000
628.549338
7.000000
160.669647
310.525018
177.406070
331.123692
6.000000
490.248443
278.339588
496.685529
291.213760
6.000000
468.362351
279.627006
474.799437
293.788594
2.000000
446.476259
304.087932
468.362351
320.824355
