6.000000
512.908377
343.769426
520.596512
356.949085
6.000000
874.250681
355.850780
889.626951
374.521963
6.000000
975.294730
323.999938
992.867608
337.179597
7.000000
977.491340
374.521963
988.474389
390.996536
7.000000
1069.089993
412.962633
1080.073041
437.125342
7.000000
966.947641
285.559268
995.503567
295.444013
6.000000
520.596511
334.982987
529.382951
347.064342
4.000000
992.141944
415.473052
1016.304651
468.191686
2.000000
550.623382
420.650768
606.483966
475.879819
2.000000
530.481255
308.843331
971.999815
702.036490
2.000000
1.397852
368.151808
316.751126
702.331646
