7.000000
1056.399738
336.755998
1108.443846
373.493016
7.000000
1059.461154
378.085144
1093.136755
393.392237
2.000000
1123.750936
407.168618
1276.821843
541.871017
2.000000
1007.417046
420.945000
1125.281646
514.318254
2.000000
653.102538
406.658376
679.124593
420.434757
2.000000
695.962394
399.004832
714.330904
412.781211
2.000000
735.760829
405.127667
775.559264
418.904046
2.000000
535.237940
412.781212
582.689920
432.680431
2.000000
587.282049
415.842632
628.611192
432.680431
7.000000
977.612866
395.943412
995.981375
408.189084
2.000000
780.151393
408.189085
807.704157
423.496175
