2.000000
167.399941
460.735554
205.199928
494.485542
2.000000
288.899899
440.485561
383.399865
491.785543
2.000000
326.699887
443.185561
472.499835
498.535541
4.000000
313.199889
444.535560
330.749884
489.085544
4.000000
225.449921
445.885559
260.549909
521.485532
6.000000
152.549947
408.085573
163.349944
436.435564
6.000000
10.799996
355.435591
26.999992
383.785581
6.000000
317.249888
327.085602
340.199881
389.185579
7.000000
37.497973
370.895792
82.349972
382.653858
7.000000
152.549947
253.028482
203.849929
302.978464
6.000000
454.645220
264.066566
491.879096
301.300442
7.000000
404.999858
258.428480
452.249843
309.728460
7.000000
309.149892
262.478477
365.849872
284.078469
6.000000
357.749876
328.435601
379.349865
372.985585
6.000000
363.149874
387.835580
402.299860
426.985567
6.000000
852.235425
360.642729
873.835416
379.542723
6.000000
837.385430
302.592751
854.935425
344.442736
7.000000
211.949925
254.185627
263.249907
302.785609
7.000000
782.228302
290.635613
810.578292
323.035600
7.000000
751.178311
291.985612
780.878301
325.735601
7.000000
1107.385335
300.085610
1120.885331
329.785600
7.000000
1100.635338
258.235625
1112.785335
289.285614
7.000000
1096.585339
166.435657
1112.785335
215.035640
6.000000
1064.185351
270.385620
1089.835342
313.585607
7.000000
830.635433
331.135599
846.835428
359.485590
7.000000
834.878282
358.135591
847.028279
377.035584
2.000000
626.399780
424.285567
670.949765
445.885559
2.000000
642.599774
420.235568
724.949745
452.635558
2.000000
530.549814
421.392710
645.299774
465.942693
2.000000
772.585452
379.542723
1079.035345
506.442677
2.000000
1.350001
394.585577
287.549900
717.235463
