7.000000
256.985818
183.561300
283.208859
220.856292
7.000000
889.835250
201.043327
909.065482
227.266370
6.000000
887.504322
304.187295
906.734549
321.086592
6.000000
766.149896
0.000000
797.617547
68.179911
6.000000
720.696623
1.748202
745.171465
76.920925
6.000000
745.171465
3.496406
766.149896
78.669129
6.000000
413.012924
141.604432
433.991357
190.554112
6.000000
385.041679
145.100836
402.523708
188.805907
6.000000
399.027300
145.100836
416.509328
192.302313
2.000000
439.498196
339.151352
526.908338
388.101033
2.000000
584.336802
291.949874
879.783084
522.712649
2.000000
1027.378743
311.180108
1275.957472
634.551512
6.000000
244.092795
290.950894
262.929706
307.683700
