2.000000
577.194137
307.745036
593.724754
327.581780
2.000000
593.724756
316.561367
603.643128
324.275656
2.000000
569.479848
313.255243
586.010465
329.785860
2.000000
560.663517
317.663408
572.785971
336.398110
2.000000
549.643104
316.561367
563.969641
338.602193
2.000000
538.622691
314.357284
557.357393
341.908317
2.000000
522.092071
312.153201
545.234939
348.520567
2.000000
512.173699
312.153201
537.520649
351.826691
2.000000
475.806336
309.949119
519.887990
359.540978
2.000000
450.459386
317.663408
505.561450
362.847102
2.000000
430.347132
317.663408
471.122661
373.867515
2.000000
165.030686
315.459325
332.540968
445.500200
2.000000
0.000000
286.947134
195.962993
534.647499
2.000000
339.428724
309.122588
448.530814
389.571601
2.000000
606.122721
315.918515
617.143134
324.734846
2.000000
629.265589
311.510350
649.102331
324.734843
9.000000
680.620720
275.730733
759.967696
349.567501
9.000000
702.661547
269.118485
898.824900
356.179747
2.000000
674.498937
314.372709
688.335010
327.526672
2.000000
995.804570
317.608303
1080.661749
361.689955
2.000000
1002.416817
323.118526
1129.151568
423.600257
2.000000
1077.796402
300.227542
1277.265882
454.457413
2.000000
758.361885
278.186716
1008.525263
437.982706
2.000000
662.523576
314.372709
673.999964
326.348070
