1.000000
356.494385
259.577787
422.616819
300.573695
2.000000
271.857668
282.248332
320.788271
304.729960
2.000000
462.416235
278.155049
487.542760
290.057088
2.000000
551.020298
279.477495
562.922339
284.767290
2.000000
540.440707
279.477495
552.342748
290.057086
2.000000
527.216221
279.477495
543.085606
288.734636
2.000000
629.044791
272.424432
639.624380
283.004022
2.000000
680.620291
276.391779
695.167224
285.648921
2.000000
695.608016
277.714226
706.187605
285.648919
2.000000
658.579452
279.036676
681.061080
292.261162
2.000000
634.775374
276.391779
658.579452
289.616267
