7.000000
678.442330
191.817862
714.408178
217.639497
7.000000
667.375915
219.483899
720.863588
261.905157
7.000000
665.531513
343.058868
697.808556
370.724905
7.000000
1026.419611
407.612956
1127.861749
501.677484
7.000000
512.052248
325.075943
522.196462
335.220157
7.000000
536.029481
325.998145
545.251494
337.064561
7.000000
203.114827
290.954497
217.870047
307.554119
7.000000
364.500047
300.176509
377.410865
308.476321
7.000000
394.932689
299.254308
411.532311
307.554119
7.000000
435.509544
304.787516
450.264763
312.165126
6.000000
182.411397
278.504780
192.555611
292.337798
2.000000
290.862277
317.237233
312.995107
328.303647
2.000000
279.795862
312.626226
299.162088
328.303648
2.000000
249.363220
308.015220
285.329069
335.681257
2.000000
218.008377
305.248616
253.974225
327.381447
2.000000
114.721837
302.482012
145.154477
319.081635
2.000000
142.387874
297.871006
198.642151
338.447862
2.000000
146.998881
302.482012
227.230390
346.747673
2.000000
369.249384
312.626226
395.071019
342.136667
2.000000
397.837623
317.237233
419.048252
335.681257
2.000000
415.359446
311.704025
451.325295
339.370063
2.000000
440.258880
318.159434
497.435358
364.269498
2.000000
310.228503
300.637610
379.393597
356.891887
2.000000
46.478943
298.793207
122.099446
324.614842
2.000000
0.368881
292.337799
15.124101
347.669875
