7.000000
547.670834
284.561066
586.610770
301.035653
2.000000
660.106785
298.414695
691.558272
317.884662
2.000000
681.074444
292.423937
734.991275
340.350009
2.000000
711.028239
295.419314
755.958933
356.824597
2.000000
724.507447
286.433177
785.912730
374.796875
2.000000
757.831047
271.980467
901.110045
405.873938
2.000000
637.267016
308.524102
655.239292
320.505620
2.000000
550.026584
304.779877
573.989621
328.742915
2.000000
822.606130
256.853803
1195.530894
499.479552
2.000000
560.510412
295.793738
647.376421
373.673609
7.000000
112.326736
218.163483
130.299015
258.601109
7.000000
687.439625
273.478158
702.416523
280.966608
7.000000
758.205467
271.830701
788.159265
283.812221
