2.000000
434.168036
359.456927
597.390822
531.849533
2.000000
645.073887
392.468280
837.640097
526.347645
2.000000
604.726683
414.475844
623.066322
429.147556
1.000000
851.570564
143.049184
1278.884156
619.879803
2.000000
0.611312
451.155121
57.464192
570.362777
2.000000
0.587667
386.684422
220.075670
521.212541
4.000000
262.868149
397.970168
273.871932
423.645663
4.000000
273.871933
396.136202
292.211572
421.811700
2.000000
240.860583
402.004884
388.800348
511.675930
7.000000
363.736167
324.611612
411.419229
337.449359
6.000000
409.585266
325.222927
431.592834
346.619179
6.000000
703.019491
345.396529
719.525167
357.989749
7.000000
754.370481
346.619179
794.717691
363.124854
7.000000
618.779437
380.730904
635.285115
386.232798
