6.000000
207.572815
64.866505
230.525578
110.772032
6.000000
749.457616
67.860343
765.424757
105.782299
6.000000
467.038834
210.566654
485.001865
226.533792
7.000000
42.911688
192.603622
82.829537
235.515309
7.000000
43.909634
269.445481
84.825429
285.412621
7.000000
288.032215
179.060059
325.954170
250.912189
7.000000
280.048645
252.908080
304.997300
276.858792
7.000000
443.854400
190.037469
460.819486
208.000500
7.000000
445.850293
210.994340
461.817434
220.973802
7.000000
509.718851
186.045684
526.683938
208.000502
7.000000
774.459735
240.932726
800.406337
264.883437
7.000000
908.184530
117.187394
958.081844
149.121675
7.000000
907.186584
161.097028
965.067465
197.023093
7.000000
914.172208
203.010771
958.081840
213.988179
7.000000
923.153723
225.963533
955.088003
267.877275
2.000000
1.995892
314.353061
105.782301
401.174382
2.000000
154.681666
278.426996
414.147684
458.057317
2.000000
401.174384
242.500933
853.244025
589.786220
2.000000
875.198841
292.398244
1278.369116
518.932040
4.000000
899.149550
294.394137
929.087935
359.260642
6.000000
178.632375
61.872665
201.585139
111.769977
