6.000000
806.856471
206.212353
822.043961
226.462339
6.000000
766.356500
185.962366
779.856491
209.587350
7.000000
781.543990
187.649866
795.043981
206.212354
7.000000
800.106476
187.649866
828.793956
204.524854
7.000000
1043.106309
103.274924
1065.043794
125.212409
7.000000
1038.043812
131.962404
1056.606300
169.087379
7.000000
1054.918801
128.587406
1078.543785
172.462375
9.000000
536.856657
209.587352
616.169103
305.774785
9.000000
479.481697
209.587352
541.919154
258.524818
2.000000
700.544044
248.399824
727.544026
272.024808
2.000000
599.294114
253.462322
741.044017
371.587239
2.000000
779.856490
238.274832
933.418884
368.212243
9.000000
0.000000
0.000000
543.606652
563.962107
