6.000000
137.223623
182.964828
158.188341
234.423687
6.000000
439.877954
390.706147
464.654441
402.141451
6.000000
506.583879
388.800268
529.454486
402.141452
6.000000
537.667394
253.482528
558.657415
291.276874
6.000000
171.529530
190.588366
188.682478
238.235458
6.000000
560.710965
255.388412
575.958034
287.788431
7.000000
99.105948
329.717871
127.694202
343.059056
7.000000
133.411855
320.188453
142.941273
337.341404
7.000000
705.939324
343.059055
740.245229
358.306126
7.000000
971.619520
264.917828
1004.019543
289.694314
2.000000
428.823822
425.012054
444.070892
449.788542
2.000000
407.859104
423.106172
430.729706
449.788543
2.000000
375.459083
423.106172
411.670874
451.694426
2.000000
356.400242
432.635591
383.082612
457.412082
2.000000
329.717871
434.541470
360.212010
457.412072
2.000000
293.506081
426.917936
333.529635
459.317959
2.000000
221.082505
417.388520
308.753151
476.470913
2.000000
406.715592
404.047336
635.421628
587.012168
4.000000
793.228800
422.724997
818.005289
479.901512
2.000000
930.833593
378.508504
1277.704422
708.226374
9.000000
843.162947
368.979088
1121.421955
487.143875
7.000000
940.342078
198.068101
1004.530812
218.241706
7.000000
945.843968
58.686846
1008.198743
146.717114
6.000000
983.301634
309.037659
1046.271688
354.246930
6.000000
737.234042
376.205716
751.765594
397.195735
6.000000
100.106241
369.747249
129.169342
390.737266
