2.000000
1030.644838
212.118185
1276.452386
541.525254
2.000000
955.779598
336.893591
1018.167300
368.087442
2.000000
889.180707
341.171599
904.153755
362.383416
2.000000
865.473379
341.171599
900.410492
383.595235
2.000000
770.644072
346.162616
796.846906
368.622188
9.000000
673.319255
333.685073
698.274336
362.383416
2.000000
594.710753
343.667106
604.692786
359.887909
2.000000
604.692784
343.667106
624.656849
359.887909
2.000000
645.868666
344.914862
673.319255
362.383417
2.000000
796.846906
337.428335
882.941935
394.825022
2.000000
675.814764
333.685073
784.369366
421.027856
7.000000
778.130598
312.473255
790.608137
328.694058
7.000000
915.383540
297.500206
927.861080
308.729993
7.000000
892.923968
298.747960
909.144769
318.712025
7.000000
551.039361
301.243470
575.994440
307.482238
7.000000
593.462999
308.729993
613.427061
313.721010
7.000000
306.479569
306.234485
331.434648
311.225503
2.000000
564.764655
342.419352
582.233210
363.631170
2.000000
551.039361
344.914862
574.746688
367.374433
2.000000
336.425666
337.428335
398.813367
382.347481
2.000000
502.376950
328.694058
554.782619
374.860958
2.000000
463.696576
346.162616
489.899411
372.365450
2.000000
220.384538
331.189566
347.655450
397.320531
2.000000
2.027581
333.685073
54.433250
386.090742
0.000000
14.505121
363.631171
51.937742
393.577268
0.000000
100.600152
371.117696
133.041759
396.072776
4.000000
71.901808
351.153632
84.379348
381.099728
4.000000
201.387504
350.618885
210.121782
375.573966
4.000000
192.653223
353.114392
200.139748
373.078458
4.000000
153.473748
346.875624
159.712517
368.087444
4.000000
172.190056
350.618885
178.428826
366.839689
