9.000000
39.928129
247.055301
451.686963
411.758834
2.000000
648.832101
291.974446
774.855260
378.069475
2.000000
376.821721
290.726693
521.561190
375.573967
2.000000
507.835895
304.451986
549.011779
356.857657
2.000000
531.543223
306.947495
581.453385
344.380117
2.000000
561.489319
306.947495
616.390497
331.902575
2.000000
610.151726
303.204232
625.124774
323.168297
2.000000
637.602315
299.460969
672.539429
325.663805
2.000000
1195.348373
279.496907
1278.947894
416.749850
2.000000
1000.698743
253.294071
1278.947895
405.520064
2.000000
970.752645
262.028348
1135.456178
395.390111
2.000000
842.233980
279.496907
1006.937512
355.609903
2.000000
829.756438
286.983430
934.567779
338.141346
2.000000
807.296866
275.753644
935.815533
336.893592
2.000000
788.580555
306.947495
808.544620
331.902575
2.000000
777.350769
284.487922
816.031144
326.911558
