6.000000
539.830079
222.973290
559.729297
236.749672
6.000000
580.138743
228.075654
587.792289
243.382746
2.000000
553.606460
247.974872
568.913551
261.751254
2.000000
541.360789
245.423689
555.137172
257.669361
2.000000
521.461570
242.872509
549.014333
264.302437
2.000000
432.680443
252.056762
463.294624
273.486690
2.000000
402.066262
250.526054
434.211152
282.670946
2.000000
367.880432
247.464636
409.209578
288.793780
2.000000
341.858377
252.056762
389.310359
291.855199
2.000000
287.773308
253.587472
355.124509
299.508745
2.000000
217.360690
255.118182
290.834726
308.693000
2.000000
125.518145
255.118182
240.321326
328.592219
2.000000
0.000000
232.157545
136.233109
350.022144
2.000000
472.989107
244.403219
521.971799
282.670946
2.000000
565.852156
250.526054
588.812793
268.894564
2.000000
596.466338
248.995345
624.019103
270.425272
2.000000
625.549812
243.892979
674.532503
274.507161
2.000000
646.979737
254.607943
676.063211
285.222124
2.000000
660.756119
240.831561
708.208101
292.875670
2.000000
680.655338
246.954397
726.576610
302.059923
2.000000
705.146683
250.015815
751.067957
309.713471
2.000000
719.943522
231.647307
859.238049
331.653637
2.000000
806.173483
244.913454
994.450700
362.778053
7.000000
826.276793
151.540199
846.176013
165.316581
2.000000
938.018556
237.259908
1277.835973
451.559180
