2.000000
509.002998
235.413887
519.280942
250.096665
2.000000
434.120827
233.945610
451.740161
251.564944
2.000000
456.144996
232.477330
479.637442
251.564942
2.000000
366.580046
233.945610
400.350437
261.842888
2.000000
334.277933
231.009053
369.516601
263.311166
2.000000
318.126877
233.945610
354.833824
267.716000
2.000000
250.586095
226.604220
321.063432
272.120833
2.000000
175.703919
229.540775
252.054367
283.867057
2.000000
112.567970
236.882165
203.601198
289.740167
2.000000
0.000000
236.882165
130.676730
304.422946
2.000000
411.117801
239.818720
437.546802
254.501499
2.000000
477.190302
232.477330
499.214471
254.501499
2.000000
499.214471
226.604220
515.365528
245.691832
2.000000
509.002998
188.428995
633.806616
300.018112
2.000000
505.577023
206.537758
800.700872
427.268855
