2.000000
721.201836
314.434019
766.120981
339.389100
2.000000
757.386705
311.938511
796.067080
345.627871
2.000000
1073.068476
275.753643
1212.816929
350.618886
4.000000
611.399481
319.425035
621.381514
338.141346
4.000000
651.327610
321.920542
661.309644
353.114393
2.000000
617.638251
326.911559
656.318626
363.096424
2.000000
394.290278
339.389100
422.988618
353.114394
2.000000
846.992376
280.744659
1038.131364
347.470962
2.000000
1154.172489
273.258136
1278.947893
350.618887
2.000000
658.814135
328.159313
691.255740
356.857656
2.000000
366.839689
341.884607
384.308245
351.866640
4.000000
182.172090
330.654821
202.136155
383.060491
7.000000
411.758834
318.177281
421.740866
330.654821
7.000000
449.191455
320.672790
457.925735
333.150328
7.000000
683.769215
303.204232
696.246756
321.920542
2.000000
449.191455
311.938511
646.336594
461.668996
