6.000000
841.301535
155.959292
854.481194
169.138950
6.000000
931.362534
188.908439
946.738803
203.186402
7.000000
720.487999
191.105048
738.060877
216.366063
2.000000
678.752415
215.542332
711.701561
237.508430
6.000000
801.762560
148.545734
812.745605
169.413524
2.000000
887.430340
211.972841
905.003217
225.152500
2.000000
908.298133
211.149112
931.362534
226.525383
2.000000
862.169328
213.345722
878.643901
236.410126
2.000000
876.447291
232.016905
925.871012
261.671137
2.000000
760.026974
205.657588
873.152380
296.816893
2.000000
278.969439
213.071147
309.721975
235.037244
2.000000
299.837230
204.284706
532.677864
337.179596
2.000000
444.715411
233.468242
919.183118
589.319018
