6.000000
698.052656
397.195734
714.198824
418.185752
6.000000
667.374936
405.268817
680.291871
421.414985
2.000000
501.069406
431.102686
520.444809
447.248854
2.000000
484.923238
432.717303
504.298640
452.092705
2.000000
468.777070
434.331921
489.767089
453.707323
2.000000
442.943201
434.331921
467.162453
460.165789
2.000000
409.036249
434.331921
438.099351
460.165789
2.000000
379.973146
434.331921
415.494716
460.165789
2.000000
346.066193
440.790387
378.358530
468.238874
2.000000
296.013072
435.946537
347.680810
469.853490
2.000000
229.813782
439.175771
299.242305
476.311957
1.000000
120.019841
411.727285
236.272252
481.155807
2.000000
74.810570
447.248854
123.249074
485.999658
2.000000
0.538197
456.936555
53.820553
502.145826
2.000000
1129.155342
355.215697
1277.700088
611.939767
2.000000
715.813441
424.644220
727.115758
439.175771
2.000000
725.501142
424.644220
736.803459
444.019622
2.000000
733.574226
424.644220
748.105777
444.019622
2.000000
741.647311
424.644220
757.793478
447.248855
2.000000
749.720394
421.414986
782.012730
452.092705
2.000000
767.481179
418.185752
798.158898
453.707322
1.000000
796.544281
392.351883
861.128953
460.165789
2.000000
793.315048
421.414986
844.982785
466.624256
2.000000
832.065851
397.195734
954.776728
476.311957
2.000000
941.859794
366.518014
1226.032351
537.667395
2.000000
677.062637
425.182422
694.823423
439.713973
