7.000000
933.428991
158.693948
970.898395
189.551106
7.000000
958.775940
281.020534
980.816768
292.040948
7.000000
935.265731
292.408296
972.735135
303.428711
7.000000
703.837055
321.061370
719.265637
335.387907
7.000000
89.895084
284.798964
111.935909
298.023459
7.000000
74.466505
296.921418
114.139992
312.349996
6.000000
70.897984
327.306268
87.428605
348.245054
6.000000
49.959200
327.306268
69.795943
349.347097
6.000000
280.653176
185.896764
301.591962
223.366169
6.000000
712.653370
218.958003
724.775824
257.529448
6.000000
519.061459
343.836889
525.673706
354.857302
4.000000
886.592235
378.000169
896.510607
413.265492
4.000000
913.041225
373.592004
932.877969
423.183864
4.000000
1101.490291
371.387922
1122.429076
444.122649
4.000000
1102.592332
352.653220
1149.980110
448.530814
6.000000
974.755540
321.796063
989.082077
341.632807
6.000000
961.531043
320.694022
974.755538
341.632805
2.000000
689.090712
392.326725
717.743787
415.469592
2.000000
630.682522
379.102228
687.988670
443.020624
2.000000
728.764199
366.979773
846.682620
446.326746
2.000000
553.539631
374.694063
640.600897
462.857369
2.000000
255.201280
370.285898
289.364561
406.653263
2.000000
137.282860
373.592021
269.527817
471.673698
2.000000
732.657111
370.702274
897.963308
489.722736
2.000000
372.289603
337.641033
582.779495
534.906429
9.000000
276.412009
317.804294
436.208000
478.702325
6.000000
302.128634
184.634165
317.387655
225.833524
