2.000000
521.501533
382.924134
531.294990
393.941772
2.000000
512.932259
385.372498
522.725715
396.390136
2.000000
501.914621
385.372498
514.156441
400.062682
2.000000
528.846625
381.699952
539.864262
393.941772
2.000000
538.640081
374.354860
566.796268
420.873776
2.000000
555.778629
369.458133
585.158997
424.546322
2.000000
568.020448
371.906495
602.297544
428.218867
2.000000
581.486451
368.233951
623.108639
436.788143
2.000000
599.849181
359.664676
713.698108
451.478327
2.000000
653.713189
375.579042
804.287575
477.186148
2.000000
763.889569
369.458133
1079.728525
562.878889
2.000000
986.445879
342.036445
1276.577014
682.359041
2.000000
460.047600
386.107016
472.289419
398.348835
2.000000
466.168510
383.658651
507.790698
415.487383
2.000000
426.994686
381.210287
460.047600
408.142292
2.000000
418.425412
387.331196
436.788142
400.797198
2.000000
396.390136
387.331196
418.425412
404.469744
2.000000
384.148316
388.555378
406.183592
410.590655
2.000000
348.647039
388.555378
385.372498
413.039019
2.000000
319.266670
386.107016
360.888858
415.487384
2.000000
266.626843
388.555378
319.266669
425.280838
2.000000
230.146216
400.797199
269.320040
425.280839
2.000000
159.143660
398.348835
236.267125
432.625931
2.000000
15.914366
386.107016
134.660019
452.212844
2.000000
430.912027
381.039397
459.068214
410.419766
6.000000
490.197448
359.384861
502.439267
370.402498
6.000000
377.572703
364.281589
388.590341
376.523409
6.000000
163.340854
364.281589
171.910129
375.299227
7.000000
508.560178
360.609043
525.698726
369.178318
7.000000
348.192336
366.729954
366.555066
375.299228
