7.000000
789.532085
149.346463
817.503331
172.073101
7.000000
520.308847
187.806925
537.790876
198.296142
7.000000
364.718792
184.310519
376.956213
200.044345
7.000000
334.999344
179.065911
348.984967
194.799737
7.000000
268.567636
149.346463
286.049665
172.073101
2.000000
399.682850
215.778171
418.913080
236.756604
2.000000
376.956213
212.281766
403.179255
233.260200
2.000000
284.301462
217.526374
413.668473
296.195501
2.000000
471.359167
214.029969
495.834006
228.015591
2.000000
492.337602
219.274576
515.064239
235.008402
9.000000
415.416675
184.310519
476.603774
257.735038
2.000000
445.136124
226.267387
488.841195
276.965270
2.000000
457.373544
231.511996
511.567830
310.181124
2.000000
424.157690
215.778171
911.906284
554.929523
2.000000
98.991960
222.770981
387.445430
401.087673
4.000000
962.604167
255.986836
997.568225
355.634398
4.000000
822.747939
236.756606
857.711996
299.691909
4.000000
1245.813028
255.986836
1279.028881
423.814309
5.000000
988.827209
170.324896
1237.072014
565.418740
0.000000
967.848775
364.375413
1231.827404
588.145377
