6.000000
399.128693
331.070251
417.572718
345.825472
6.000000
429.561334
363.347295
443.394354
376.258113
6.000000
900.806177
340.292264
917.405801
352.280880
6.000000
311.519574
363.347295
326.274794
374.413712
7.000000
237.582085
352.544372
257.870513
372.832800
7.000000
818.700645
347.933367
847.288883
370.066197
9.000000
464.491635
333.836855
554.867358
414.068366
2.000000
470.947044
405.768553
519.823710
437.123395
2.000000
495.846478
383.635723
558.556162
444.501004
2.000000
538.267736
337.525659
798.328489
525.654716
2.000000
287.428992
362.425094
472.791445
525.654718
4.000000
268.984968
379.946917
285.584591
421.445974
4.000000
205.353082
373.491509
223.797107
405.768553
4.000000
173.076038
379.946917
194.286665
418.679370
4.000000
150.943208
381.791322
173.076038
420.523774
4.000000
60.567483
361.502893
90.077923
433.434589
4.000000
84.544716
372.569308
106.677545
402.079748
0.000000
95.611132
393.779937
150.021006
438.967799
4.000000
1207.171057
438.967799
1241.292504
521.043709
4.000000
1095.584705
426.979182
1114.950933
494.299875
4.000000
1139.850365
433.434591
1168.438603
513.666100
9.000000
179.847258
569.016187
189.991470
571.782790
2.000000
0.000000
544.329983
80.164962
655.670207
