2.000000
336.877278
478.197457
410.934407
533.740302
2.000000
137.187526
488.777048
244.305871
565.479072
2.000000
0.000000
474.230113
176.860987
640.858648
9.000000
779.677969
471.358502
843.155507
493.840131
2.000000
742.869030
475.552560
778.575144
496.711739
2.000000
711.130261
480.842355
740.224134
498.034188
2.000000
814.281261
470.262764
851.309824
494.066841
2.000000
851.309822
467.617868
883.048591
496.711739
2.000000
863.211862
475.552560
905.530221
495.389290
2.000000
882.784096
446.458689
1015.028966
511.258674
2.000000
910.555519
450.426036
1040.155492
513.903572
2.000000
966.098365
447.781138
1200.171785
532.417854
2.000000
1180.335054
447.781138
1238.522797
459.683175
2.000000
1180.335054
461.005624
1220.008515
480.842355
2.000000
1202.767091
446.987659
1279.469116
511.787645
2.000000
491.603776
487.160794
528.739046
516.548471
2.000000
523.342546
488.777048
545.824175
507.291330
2.000000
570.950699
446.458689
724.354748
581.348457
2.000000
213.889550
479.519906
376.550739
577.381110
7.000000
253.563011
454.393380
278.689537
490.099495
