2.000000
1007.677884
251.437315
1238.865225
415.687220
2.000000
928.461882
285.524810
1024.649317
378.337248
2.000000
882.899414
273.712321
952.086866
354.712264
2.000000
850.836936
260.212329
920.024388
331.087280
2.000000
832.274448
272.024821
864.336926
315.899791
2.000000
815.399461
270.337322
847.461939
314.212292
2.000000
766.461994
250.087335
796.836973
287.212309
2.000000
668.249542
248.062330
772.874469
339.187268
7.000000
751.169010
185.624873
796.731479
195.749866
6.000000
529.874635
190.687369
558.562115
222.749847
6.000000
629.669092
226.124845
644.856582
244.687331
6.000000
729.231525
178.874877
744.419015
205.874858
2.000000
479.249671
266.287322
556.874618
306.787294
2.000000
437.062201
278.437309
479.249672
300.374793
7.000000
0.000000
205.608281
41.567017
224.099845
9.000000
0.000000
226.124845
55.687462
357.749755
6.000000
696.451657
218.226840
715.750629
239.010349
6.000000
650.431031
240.494885
668.245467
256.824785
