2.000000
525.044166
452.587184
563.856639
484.649662
2.000000
519.981669
464.399676
540.231656
493.087156
2.000000
491.294188
459.337179
523.356666
496.462154
2.000000
460.919209
444.149691
494.669187
496.462156
2.000000
597.606616
464.399676
627.981594
488.024658
2.000000
606.044111
462.712177
636.419091
496.462154
2.000000
621.231599
469.462172
660.044072
499.837151
2.000000
658.356574
412.087212
732.606523
501.524649
2.000000
651.606578
462.712177
671.856564
496.462154
2.000000
560.481641
457.649681
595.919116
489.712158
2.000000
330.981799
401.962219
465.981705
501.524651
9.000000
702.231543
390.149727
877.731423
516.712139
