2.000000
70.017406
357.301108
265.037499
444.275720
2.000000
241.546934
354.494360
299.122142
411.670870
2.000000
359.711721
354.494360
435.460725
399.613081
2.000000
449.564714
344.964940
517.734004
403.139077
2.000000
540.770668
346.870825
565.547156
369.741429
2.000000
573.170691
346.870825
596.041295
367.835543
6.000000
548.394203
280.164897
573.170691
301.129615
6.000000
565.547156
312.564918
586.511878
333.529640
6.000000
410.778738
285.605819
429.584062
318.515131
6.000000
649.406038
301.129617
674.182529
333.529638
2.000000
292.235485
330.353165
311.294320
353.223769
2.000000
598.828829
348.303690
617.343111
364.173075
