3.000000
13.266141
325.330470
117.158887
389.820575
7.000000
262.771723
210.727612
293.385901
240.505041
7.000000
301.039449
190.828385
330.122923
242.872493
7.000000
302.570159
241.341783
343.899303
264.302420
2.000000
350.022141
290.324487
461.450344
357.264749
2.000000
435.741849
288.793777
500.031630
333.184340
2.000000
470.948158
285.732359
506.154467
319.407956
2.000000
496.970213
285.732359
539.830067
313.285122
2.000000
541.360776
285.732359
558.198575
310.223704
2.000000
561.259994
287.263067
576.567085
301.039448
2.000000
576.567086
279.609522
625.549777
301.039450
2.000000
634.734030
275.017394
654.633247
301.039448
2.000000
650.041122
264.302431
671.471051
310.223706
2.000000
659.225375
259.710303
686.778140
316.346541
2.000000
671.471050
248.995341
760.252177
314.552648
7.000000
757.190757
161.744923
781.682102
193.889812
7.000000
913.323084
0.000000
999.042792
53.064580
7.000000
1042.479592
85.253115
1059.444678
159.101138
2.000000
870.608313
249.686143
898.550809
296.589616
