7.000000
701.147346
349.968191
744.742003
358.041273
7.000000
756.044319
362.077816
768.961253
368.536283
7.000000
767.346635
358.848584
793.180501
378.223986
7.000000
799.638972
347.546265
820.628989
373.380133
7.000000
739.898150
383.067834
752.815082
392.755535
7.000000
756.044319
387.911688
773.805103
392.755538
7.000000
751.200465
395.984771
777.034334
402.443236
7.000000
701.147346
395.984771
722.137364
399.214006
7.000000
268.026389
384.682452
279.328708
399.214006
7.000000
284.172556
391.140922
297.089489
407.287089
6.000000
268.026389
413.745556
282.557941
423.433257
2.000000
0.000000
452.496358
85.574691
483.174079
2.000000
0.000000
465.413295
48.438503
491.247161
4.000000
352.793772
434.735574
362.481475
460.569441
2.000000
713.256973
422.722950
738.735499
437.964808
2.000000
441.597697
411.323632
569.152423
500.127554
6.000000
399.883180
359.819979
411.864700
373.299185
6.000000
689.311738
344.843080
701.293256
362.815357
6.000000
678.827909
389.773772
690.809427
403.252980
6.000000
675.458106
424.220642
687.439626
436.202159
