2.000000
470.937186
224.010588
495.398113
240.747011
2.000000
433.602086
224.010588
463.212681
245.896678
7.000000
223.753089
207.274164
249.501432
229.160254
7.000000
245.639179
162.214564
268.812690
185.388073
7.000000
352.494806
204.699330
366.656393
221.435753
6.000000
644.738502
169.939067
656.325259
193.112576
6.000000
474.799437
104.280791
492.823278
140.328474
7.000000
585.517314
149.340392
603.541154
182.813238
7.000000
465.787517
79.819865
582.942479
136.466220
6.000000
590.666983
86.256950
609.978240
121.017214
2.000000
505.697449
222.723171
535.308043
239.459594
7.000000
467.074934
208.561582
479.949106
214.998666
7.000000
540.457713
211.136416
552.044467
218.860919
