6.000000
624.332820
227.697853
637.798823
249.733129
6.000000
685.541922
249.733129
700.232106
277.889315
6.000000
556.513145
231.370398
569.979148
252.181493
6.000000
164.040388
154.246932
178.730572
186.075664
6.000000
250.957311
157.919478
266.871678
189.748210
7.000000
62.433281
190.972392
117.521471
205.662576
6.000000
1.224182
219.128577
14.690185
249.733127
6.000000
249.733129
244.836399
261.974948
266.871676
7.000000
231.370398
155.471114
246.060583
171.385481
7.000000
373.375510
261.974948
388.065694
279.113497
7.000000
704.884000
259.526584
730.591822
290.131134
6.000000
246.060581
206.886758
255.854037
214.231850
6.000000
233.818762
208.110940
239.939672
217.904395
6.000000
222.801123
213.007668
230.146215
222.801123
2.000000
677.707164
291.355316
692.397348
313.390592
2.000000
665.465345
288.906952
681.379711
306.045501
2.000000
650.775160
285.234406
672.810436
301.148773
2.000000
588.341877
279.113497
623.843154
301.148773
2.000000
616.498062
286.458588
645.878432
302.372955
2.000000
296.252043
290.131134
356.236961
319.511502
2.000000
206.886758
281.561861
281.561861
317.063138
2.000000
601.073362
301.148771
642.695551
332.977503
2.000000
380.720601
287.682770
419.894426
310.942228
