6.000000
420.517882
217.421055
434.586303
248.115791
6.000000
572.712619
181.610527
586.781040
218.700002
6.000000
440.981039
352.989477
451.212618
360.663160
6.000000
405.170513
217.421055
420.517882
249.394738
6.000000
594.454725
185.447369
607.244198
223.815793
6.000000
681.423145
323.573685
696.770514
335.084211
7.000000
655.844198
299.273685
685.259988
312.063160
7.000000
671.191567
289.042106
698.049462
300.552632
7.000000
593.175777
227.652633
685.259988
250.673687
7.000000
502.370514
227.652633
563.759989
247.387332
7.000000
526.670512
304.389475
552.249461
314.621054
2.000000
455.049459
384.963160
508.765249
420.773686
1.000000
506.207355
345.315792
586.781040
414.378951
7.000000
559.923145
331.247370
584.223145
344.036845
4.000000
751.765252
345.315792
779.902095
422.052635
4.000000
709.559988
356.826318
731.302094
402.868422
4.000000
678.606560
360.663160
696.770512
401.589475
4.000000
628.986303
365.778949
649.449460
416.936844
4.000000
614.917883
365.778949
630.265251
414.378951
4.000000
806.759989
327.410528
829.781040
381.126318
4.000000
1178.933675
289.042106
1223.696831
376.010528
2.000000
81.596828
418.215792
123.802092
454.026318
2.000000
1210.907360
278.810528
1279.970519
364.500001
2.000000
0.000000
390.078950
99.502090
510.300005
2.000000
809.317883
58.831579
1239.044201
588.315793
1.000000
108.454722
196.957895
443.538933
493.673687
4.000000
656.669075
363.824752
675.231562
419.512213
