7.000000
862.198044
301.956479
905.869434
341.884609
2.000000
999.450987
376.821721
1054.352165
416.749850
2.000000
1051.856658
375.573967
1079.307247
421.740867
2.000000
1066.829707
371.830706
1144.190457
424.236376
2.000000
1134.208425
378.069475
1246.506288
429.227391
9.000000
1105.510082
359.353164
1205.330405
394.290278
2.000000
616.390497
375.573967
627.620283
394.290278
2.000000
622.629266
370.582950
640.097823
390.547015
2.000000
522.808944
363.096426
551.507287
394.290278
2.000000
376.821721
370.582950
421.740867
411.758833
2.000000
108.554602
369.335196
260.780594
456.677979
2.000000
491.615094
370.582950
517.817929
394.290278
2.000000
631.363546
365.591935
685.016969
411.758834
2.000000
534.038730
370.582950
630.115792
450.439208
2.000000
409.263325
343.132361
487.871831
416.749850
2.000000
239.568776
376.821721
389.299261
454.182473
2.000000
743.661408
343.132361
1011.928529
526.552206
