2.000000
720.023238
342.734848
793.860003
395.632830
2.000000
468.757819
336.122599
507.329266
373.592002
2.000000
127.125012
333.918517
225.206687
393.428750
2.000000
380.594513
333.918517
413.655752
373.592007
2.000000
649.492594
344.938932
675.941582
378.000173
2.000000
499.614974
304.163402
674.839546
471.673679
2.000000
385.002679
331.714434
476.472109
402.245078
2.000000
211.040911
318.489939
393.979769
440.816528
2.000000
1034.265771
328.985158
1277.842730
639.760811
2.000000
0.000000
330.612393
144.918434
597.306393
