7.000000
482.326753
359.265468
496.653291
366.979757
7.000000
583.714554
351.551178
607.959462
360.367510
7.000000
568.285975
352.653221
579.306387
360.367510
7.000000
664.898269
339.428724
677.020723
353.755262
7.000000
681.428888
327.306270
701.265632
346.040972
7.000000
790.530978
322.898104
802.653434
342.734850
7.000000
649.469690
344.938930
657.183980
359.265468
7.000000
404.449161
347.143013
418.775699
364.775675
2.000000
268.898079
370.285881
382.408334
435.306318
2.000000
423.183864
363.673633
473.877764
404.449161
2.000000
534.490036
367.714457
558.734945
380.938952
1.000000
563.877810
363.398770
604.653338
380.571612
