7.000000
586.444400
247.055300
650.079856
268.267119
7.000000
651.327610
236.598633
689.311170
264.523857
7.000000
495.358355
252.986418
542.845350
272.010381
2.000000
0.000000
289.478938
137.252945
360.600919
2.000000
685.016969
290.726692
731.183869
319.425035
2.000000
580.205630
300.708724
603.912957
316.929526
2.000000
628.868038
296.965462
648.832102
316.929526
2.000000
655.070872
298.213216
676.282691
316.929527
2.000000
471.651028
301.956478
502.844879
314.434019
7.000000
657.559838
228.404741
680.093042
236.598633
7.000000
509.045545
244.792526
531.578748
254.010654
