2.000000
622.338607
330.856124
655.247921
361.414771
2.000000
711.663882
352.012111
735.170535
381.395425
2.000000
730.469205
352.012111
761.027852
388.447421
2.000000
745.748529
342.609450
785.709838
404.902077
2.000000
765.729182
337.908120
845.651798
409.603409
2.000000
793.937165
344.960115
883.262442
431.934726
2.000000
830.372474
339.083453
970.237051
456.616713
2.000000
520.672337
351.816233
540.652990
378.848881
2.000000
481.886362
349.465568
523.023002
381.199550
2.000000
445.451052
344.764238
495.990353
392.952873
2.000000
371.405099
340.062909
454.853712
409.407532
2.000000
275.027827
325.958917
383.158425
419.985525
2.000000
65.035064
316.556256
324.783565
451.719504
2.000000
918.587699
298.032511
1278.239472
523.696367
2.000000
658.186250
338.495786
715.777548
389.035087
2.000000
541.828324
337.320452
640.556261
417.243068
