7.000000
807.245260
241.347048
871.163656
322.898103
7.000000
472.224702
301.959319
570.306380
350.449138
7.000000
401.143037
382.135956
426.489987
390.952285
7.000000
486.000217
386.544123
493.714507
404.176783
7.000000
492.612466
384.340039
511.347167
400.870659
7.000000
491.510426
399.768619
511.347167
407.482909
9.000000
362.938933
348.612404
400.408337
390.489974
2.000000
250.530718
372.857313
314.449113
399.306307
2.000000
316.653198
376.163437
345.306273
394.898142
6.000000
562.408410
378.734864
570.122700
388.653236
6.000000
553.592081
374.326699
560.204327
384.245070
2.000000
545.877791
392.694057
576.734947
410.326719
2.000000
508.408385
389.020582
551.387996
419.877740
2.000000
84.060494
370.111019
113.440862
377.456111
