2.000000
732.362912
359.456927
752.536515
381.464494
2.000000
745.200659
363.124854
772.710118
392.468277
2.000000
585.645799
361.290891
646.166608
394.302241
2.000000
567.306160
366.792782
591.147691
392.468277
2.000000
503.117423
363.124854
558.136341
396.136205
2.000000
360.068238
352.121071
438.928686
421.811700
2.000000
270.204006
352.121071
396.747516
429.147555
2.000000
636.996789
342.951251
756.204443
440.151339
2.000000
756.204443
355.788999
836.898855
412.641880
2.000000
824.061108
317.887068
1029.465066
484.777784
7.000000
4.279239
249.419092
68.467976
300.770081
7.000000
167.502027
278.762515
195.011486
317.275757
7.000000
614.989222
341.117287
642.498680
352.121071
7.000000
1073.480200
291.600262
1100.989658
320.943684
6.000000
998.287679
273.260623
1016.627318
300.770081
6.000000
644.332644
337.449360
659.004356
352.121071
