1.000000
0.000000
11.134022
293.938194
584.165046
2.000000
1180.206380
341.938205
1278.185777
416.165022
2.000000
1172.783699
343.422742
1214.350716
386.474294
2.000000
334.020674
328.082528
434.969144
403.793881
2.000000
511.670195
332.536137
571.051648
383.010373
2.000000
597.773302
338.474283
651.216609
381.525836
2.000000
747.711495
341.443355
856.082646
405.278418
2.000000
440.907289
344.412427
491.381525
380.041299
2.000000
713.319706
331.793870
781.608377
391.917591
2.000000
686.226916
340.701088
723.711461
383.752642
2.000000
663.958872
340.701088
698.103208
379.299031
2.000000
653.567118
342.185623
680.288772
380.783567
2.000000
586.762982
342.185623
607.546492
368.907277
2.000000
574.886692
340.701088
589.732056
360.000059
2.000000
1112.288844
339.216551
1179.092978
377.814495
2.000000
298.762936
345.154697
344.783561
382.268105
1.000000
405.278418
309.773254
458.721725
365.690786
7.000000
382.268104
279.835097
426.804193
291.711387
7.000000
445.360898
264.989733
457.237190
276.866025
7.000000
580.453704
281.319634
598.268140
302.103144
7.000000
454.268116
281.319634
467.628943
297.649533
6.000000
464.659869
279.835097
476.536161
299.134068
6.000000
871.422824
278.350560
887.752725
302.103144
6.000000
886.268188
282.804169
907.051698
300.618605
7.000000
529.979469
302.103142
550.762977
311.010360
