7.000000
660.673766
446.877751
671.694179
452.387956
7.000000
655.163560
451.285917
667.286015
463.408371
7.000000
565.898214
439.163462
574.714544
444.673670
7.000000
572.510461
446.877751
580.224750
455.694082
7.000000
564.245150
446.877751
574.163523
455.694082
2.000000
0.000000
430.347132
303.061360
661.775807
2.000000
1027.653523
498.673693
1277.816900
717.979914
2.000000
805.041178
445.775710
1147.776027
628.714568
2.000000
628.163548
441.367545
650.204377
457.898165
2.000000
533.387994
457.898165
573.061481
486.551238
2.000000
413.265492
443.571628
509.143085
514.102272
2.000000
589.592101
449.081834
635.877839
492.061446
