7.000000
854.106438
197.774859
897.981408
231.524837
7.000000
852.418940
226.462339
904.731403
266.962312
7.000000
720.794031
221.399843
741.044017
236.587332
7.000000
725.856527
236.587332
742.731516
250.087323
7.000000
732.606523
250.087323
749.481511
258.524817
7.000000
688.731553
263.587314
705.606541
278.774803
7.000000
675.231562
263.587314
685.356554
278.774803
7.000000
665.106569
278.774803
676.919062
292.274794
9.000000
177.419404
280.462302
266.856843
314.212279
2.000000
374.856768
280.462302
403.544249
297.337290
2.000000
351.231785
288.899797
378.231767
307.462284
2.000000
315.794309
283.837300
349.544287
310.837282
2.000000
101.481956
293.962293
219.606875
358.087249
2.000000
700.544044
285.524799
732.606522
327.712270
2.000000
665.106569
299.024789
697.169047
315.899778
2.000000
717.419033
290.587295
769.731497
346.274758
1.000000
560.481641
253.462322
633.044091
337.837264
2.000000
442.356722
260.212317
611.106606
415.462209
2.000000
897.981408
320.962274
1235.481176
482.962163
2.000000
0.232026
305.774785
206.106884
543.712122
