7.000000
1088.452041
0.000000
1165.188917
66.639920
7.000000
368.875523
360.124826
383.684395
368.202391
7.000000
127.894797
373.587437
153.473756
380.318742
7.000000
129.241059
383.011262
152.127494
392.435089
7.000000
319.063864
358.778565
345.989086
372.241179
7.000000
495.424057
310.313167
522.349275
323.775779
7.000000
424.072224
364.163608
455.036227
377.626222
7.000000
215.401766
365.509869
226.171853
374.933697
2.000000
335.218995
397.483570
345.989086
406.907399
2.000000
166.936368
404.214873
181.745239
416.331222
2.000000
145.396190
406.907396
168.282632
417.677484
2.000000
121.163494
406.907396
144.049931
419.023747
2.000000
105.008361
408.253657
123.856016
432.486352
2.000000
383.684393
390.752264
431.673690
427.101312
2.000000
216.748025
367.865828
344.642824
480.951754
2.000000
350.027870
396.137308
362.144217
404.214874
2.000000
177.706456
402.868612
205.977935
423.062528
2.000000
67.313049
408.253657
114.432188
437.871400
2.000000
463.113796
386.713480
581.584767
471.527924
6.000000
1016.619417
130.202665
1092.010031
204.247022
7.000000
509.981842
249.607236
584.374587
307.359498
7.000000
1163.267627
287.782460
1205.358259
339.661611
