2.000000
1175.967255
390.713494
1191.274346
406.020586
2.000000
1145.353073
392.244202
1165.252291
407.551294
2.000000
1126.984564
393.774912
1146.883781
407.551294
2.000000
1078.001874
383.059949
1119.331019
412.143421
2.000000
1044.326274
389.182785
1087.186129
415.204839
2.000000
1024.427056
396.836330
1051.979818
412.143421
2.000000
983.097910
389.182785
1019.834927
413.674129
2.000000
957.075856
392.244202
996.874293
416.735549
2.000000
923.400256
393.774912
970.852237
419.796966
2.000000
6.122836
381.529239
273.996925
473.371785
4.000000
275.527635
383.059949
309.203234
441.226893
2.000000
385.356012
369.283567
492.505648
415.204839
2.000000
380.763885
392.244202
535.365503
455.003275
4.000000
556.030075
387.652076
577.460004
436.634767
4.000000
624.911984
379.998531
637.157657
422.858385
4.000000
631.034821
384.590659
658.587584
427.450513
2.000000
695.324602
389.182785
759.614384
424.389094
4.000000
710.631693
387.652076
724.408075
418.266258
6.000000
854.901024
366.222149
868.677406
378.467822
7.000000
767.650606
341.730803
784.488406
353.976475
6.000000
921.486870
309.585913
933.732542
329.485131
6.000000
916.894743
312.647331
923.017579
329.485131
6.000000
1096.370383
340.200093
1104.023928
352.445766
6.000000
1235.664909
338.669385
1244.849164
352.445767
6.000000
1241.787746
338.669385
1250.972000
353.976477
2.000000
1175.967255
387.652076
1278.524764
467.248948
7.000000
217.571158
283.181181
229.816830
309.203236
