2.000000
61.873362
325.017166
298.313878
463.992871
2.000000
454.341640
341.117287
524.032270
392.468278
2.000000
373.342652
344.523221
417.357786
368.364752
2.000000
421.025715
344.261221
443.033280
364.434824
2.000000
439.365354
344.261221
468.708777
362.600859
7.000000
756.641109
280.334485
807.992100
295.006197
7.000000
795.154353
324.349618
811.660027
344.523221
7.000000
762.143001
326.183581
776.814713
346.357185
7.000000
615.425888
313.345835
633.765528
329.851510
7.000000
564.074900
247.323133
600.754179
263.828809
7.000000
536.565440
263.828809
607.919446
285.343709
7.000000
723.629760
302.342052
740.135436
320.681691
7.000000
386.180400
307.843941
402.686075
328.017545
2.000000
520.059767
333.519438
553.071116
350.025115
2.000000
310.987881
342.689258
358.670944
372.032680
7.000000
575.875500
323.491264
583.505011
335.698482
7.000000
595.712229
321.965362
603.341740
334.172580
2.000000
566.720087
337.224384
578.927305
346.379797
2.000000
554.512870
334.172580
565.194185
347.905699
