6.000000
587.617492
233.402688
595.295213
253.364758
6.000000
466.309517
233.402688
473.987237
248.758129
7.000000
389.532318
296.359994
401.816669
313.250977
7.000000
687.427854
294.824448
704.318837
311.715431
7.000000
721.209820
264.113568
733.494173
270.255744
7.000000
834.840078
247.222585
859.408782
257.971396
7.000000
325.039469
264.113568
340.394909
271.791288
7.000000
331.181643
271.791289
357.285893
279.469011
7.000000
825.626815
227.260513
847.124431
236.473776
7.000000
457.096254
304.037715
470.916149
316.322063
2.000000
536.944541
316.322066
549.228889
325.535330
2.000000
506.233662
320.928698
516.982470
334.748595
2.000000
481.664956
322.464240
498.555941
334.748590
2.000000
469.380605
320.928698
481.664958
337.819683
2.000000
593.759669
317.857609
604.508476
334.748592
2.000000
552.299981
320.928698
558.442157
333.213049
2.000000
602.972932
320.928698
629.077182
340.890769
2.000000
556.906612
307.108803
593.759670
356.246211
2.000000
447.882988
319.393154
464.773972
336.284137
2.000000
435.598636
323.999784
457.096252
342.426313
2.000000
417.172110
322.464240
437.134181
340.890769
2.000000
380.319054
325.535330
424.849830
348.568490
2.000000
291.257499
320.928698
389.532318
390.028178
2.000000
274.366516
323.999784
303.541854
337.819681
2.000000
254.404444
330.141960
294.328587
391.563720
2.000000
168.413979
319.393154
269.759884
400.776984
2.000000
17.930667
317.857609
211.409211
423.810144
2.000000
1.039683
339.355224
79.352427
456.056568
2.000000
665.930238
317.857609
695.105575
354.710664
2.000000
882.441943
316.322066
930.043807
342.426316
2.000000
917.759455
316.322066
1065.171679
428.416779
2.000000
996.072199
317.857609
1277.076754
485.231907
9.000000
667.465782
282.540097
959.219142
485.231905
4.000000
650.574798
322.464240
655.181432
347.032945
4.000000
636.754902
319.393154
645.968164
340.890770
