6.000000
497.319670
245.372645
504.742350
264.671621
6.000000
761.567135
249.826254
768.989817
270.609762
6.000000
264.247466
280.577355
283.546440
299.876329
6.000000
749.690845
250.886627
758.598063
267.216527
6.000000
915.958914
247.917555
927.835205
270.185600
7.000000
255.340248
258.309321
280.577366
268.701074
7.000000
423.092853
256.824785
461.690798
265.732005
7.000000
774.927963
262.762930
807.587762
273.154684
7.000000
372.618618
252.371176
391.917590
261.278394
7.000000
931.008397
258.606228
948.822831
270.482519
7.000000
932.492933
267.513446
957.730050
280.874273
4.000000
31.379382
304.626850
62.554645
341.740260
2.000000
543.340296
321.083998
573.031022
349.290190
2.000000
439.422753
315.145852
458.721725
346.321117
2.000000
317.690774
313.661316
383.010373
377.496378
2.000000
218.226840
309.207707
345.896964
392.341742
2.000000
71.257744
312.176781
262.762928
426.486080
9.000000
584.907313
307.723171
617.567112
327.022145
9.000000
553.732050
315.145852
577.484631
332.960289
9.000000
455.752651
291.393271
504.742350
350.774724
2.000000
930.091548
330.819642
982.050318
384.262950
2.000000
946.421446
333.788715
1017.679190
376.840269
2.000000
403.081151
317.458815
443.163633
353.087687
2.000000
505.514157
323.396960
547.081174
356.056759
2.000000
570.833755
323.396960
633.184281
372.386659
2.000000
640.606965
332.304179
772.730698
425.829967
1.000000
633.184281
277.376334
757.885333
356.056760
9.000000
777.184307
262.530971
952.359593
387.232021
2.000000
0.000000
336.757788
135.864612
473.335132
4.000000
461.668996
321.920543
474.146536
351.866640
2.000000
943.302056
310.690757
1276.452386
509.083648
