2.000000
697.494510
330.654820
716.210821
351.866640
2.000000
704.981033
331.902574
736.174885
359.353163
2.000000
723.697345
333.150328
752.395687
364.344180
2.000000
739.918147
331.902574
772.359752
365.591934
2.000000
972.749097
325.164710
1072.569422
411.259739
1.000000
680.441884
301.540566
735.343063
358.937253
9.000000
414.254341
239.568776
525.304451
374.326213
2.000000
469.155520
289.478938
595.178678
401.776801
2.000000
593.930924
298.213217
691.255739
386.803753
2.000000
749.484288
277.417328
991.548570
450.855139
2.000000
1046.117020
269.514873
1278.199271
460.421243
7.000000
315.681772
173.437811
351.866638
198.392892
7.000000
349.371130
185.915353
370.582949
197.145140
6.000000
374.326213
173.437811
391.794768
209.622677
6.000000
967.009383
228.338990
985.725694
263.276103
6.000000
977.823277
269.098963
997.787343
292.806289
