2.000000
205.879417
239.568776
358.105410
324.416051
2.000000
436.713915
252.046317
544.020763
316.929527
2.000000
915.851467
260.780595
995.707726
323.168297
2.000000
701.237772
255.789579
737.422639
280.744660
2.000000
757.386704
258.285087
776.103015
275.753643
2.000000
346.875624
239.568776
416.749850
313.186265
2.000000
531.543222
254.541825
597.674186
304.451985
2.000000
596.426432
253.294071
646.336594
296.965462
2.000000
882.162108
257.037333
919.594729
309.443003
2.000000
864.693552
264.523857
883.409861
298.213216
7.000000
858.454781
263.276103
874.675584
291.974446
2.000000
835.995209
263.276103
855.959272
284.487922
2.000000
824.765422
262.028349
840.986225
278.249152
2.000000
799.810341
260.780595
821.022160
274.505889
6.000000
777.350769
210.870433
791.076063
222.100220
6.000000
821.022160
210.870433
833.499701
222.100220
6.000000
315.681773
0.000000
351.866640
37.432621
6.000000
290.726692
0.000000
311.938511
32.441605
7.000000
1080.555001
188.410860
1109.253344
203.383909
7.000000
860.950289
208.374925
874.675584
222.100220
7.000000
840.986225
239.568776
850.968257
254.541825
7.000000
32.441605
87.342783
119.784388
112.297864
7.000000
48.662408
153.473747
101.068076
172.190058
6.000000
89.838291
182.172090
112.297864
205.879417
6.000000
47.414654
177.181074
73.617489
204.631663
4.000000
1192.852865
257.037333
1220.303454
336.893592
4.000000
1155.420244
260.780595
1191.605111
334.398083
6.000000
1105.510082
198.392893
1132.960671
222.100220
