7.000000
547.764025
175.638536
615.732822
222.349767
7.000000
635.691746
184.620052
711.535660
222.349767
7.000000
980.734678
157.466556
1008.185267
207.376718
7.000000
487.871831
183.669391
509.083649
219.854259
7.000000
511.579158
223.597521
531.543222
244.809339
7.000000
685.016969
237.322815
701.237772
253.543617
7.000000
655.070872
247.304847
662.557397
261.030142
2.000000
616.390497
282.241961
676.282691
317.179074
2.000000
702.485526
280.994207
744.909164
308.444796
2.000000
527.799960
274.755436
561.489319
299.710518
2.000000
593.930924
273.507682
630.115792
300.958271
9.000000
455.430226
262.277896
484.128568
292.223993
2.000000
501.597125
272.259928
516.570175
293.471747
2.000000
567.728089
278.498699
585.196645
287.232977
6.000000
575.214614
262.277896
582.701138
273.507682
6.000000
545.268517
262.277896
552.755041
274.755436
7.000000
676.607542
175.638536
706.545928
182.624159
7.000000
675.609595
252.480395
687.584950
265.453696
