6.000000
564.918639
327.261441
571.355725
341.423030
6.000000
528.870959
316.962104
536.595462
328.548858
6.000000
510.847118
316.962104
518.571621
328.548858
6.000000
445.188843
310.525017
454.200762
325.974023
7.000000
647.313338
322.111773
674.349099
342.710447
2.000000
568.780891
354.297203
594.529234
371.033627
2.000000
555.906719
351.722367
579.080228
363.309122
9.000000
517.284203
347.860116
567.493472
368.458788
2.000000
465.787517
347.860116
481.236523
360.734286
2.000000
459.350430
353.009784
481.236523
382.620378
2.000000
515.996787
353.009784
530.158374
380.045544
2.000000
479.949107
347.860116
521.146455
389.057464
2.000000
423.302750
353.009784
461.925265
383.907796
2.000000
237.914676
350.434950
310.010038
391.632298
2.000000
1.029917
347.860116
129.771635
408.368723
2.000000
389.829904
350.434950
416.865663
362.021705
2.000000
410.428579
353.009784
433.602087
367.171373
