2.000000
72.135905
326.445574
156.498244
381.464493
2.000000
68.467975
337.449361
127.154821
375.962603
2.000000
2.445274
320.943684
68.467975
385.132421
2.000000
2.445274
326.445574
24.452842
430.981518
4.000000
28.120770
315.441793
95.977437
449.321158
7.000000
287.450924
207.237923
351.639660
231.079453
7.000000
777.119287
108.203871
811.964603
144.883150
6.000000
677.715109
121.041618
710.017220
169.271460
6.000000
350.918408
185.230355
367.069465
218.039262
6.000000
972.612184
214.573778
1033.132994
253.087020
6.000000
722.581782
288.849317
733.585564
305.354991
6.000000
247.585128
290.683281
269.592694
307.188957
7.000000
716.162907
265.007785
740.746180
279.706931
2.000000
388.800349
321.860666
434.649447
364.041836
2.000000
423.645663
323.694631
456.657013
347.536162
2.000000
410.807916
314.524811
517.177823
393.385258
2.000000
673.064755
318.192739
698.740249
351.204089
2.000000
835.370562
244.834182
1275.521901
518.094806
2.000000
1203.997309
426.396608
1279.189828
657.476062
2.000000
351.204089
331.030486
411.724898
375.045619
2.000000
481.415527
277.845533
699.657232
481.415527
6.000000
365.601186
188.673705
380.283965
220.975816
6.000000
342.108741
188.673705
352.386686
220.975816
6.000000
706.241649
125.537757
722.392706
168.117815
6.000000
666.598147
127.006035
682.749204
171.054370
