2.000000
1.020469
331.653631
59.187413
415.842633
2.000000
181.644141
340.837886
262.771724
389.820577
2.000000
262.771723
341.348126
288.793777
367.370180
6.000000
212.258323
239.811086
236.749668
290.324485
7.000000
212.979031
221.952818
232.878248
235.729200
6.000000
346.150721
117.864600
370.642067
166.847290
7.000000
349.212138
99.496090
364.519230
113.272472
2.000000
512.998012
329.102453
529.835810
344.409545
2.000000
537.489356
326.041035
558.919285
344.409544
7.000000
578.818502
284.711889
597.187011
313.795364
2.000000
457.892484
329.102453
473.199576
342.878835
5.000000
561.447653
331.430486
583.983946
368.664362
0.000000
566.346847
353.231900
581.044430
375.768194
