2.000000
671.842105
289.766299
690.181744
302.604047
2.000000
659.004356
289.154973
673.676069
301.992721
2.000000
642.498681
287.321008
655.336428
301.992719
2.000000
627.826969
289.154973
644.332646
309.328578
2.000000
609.487331
287.321008
627.826971
298.324791
2.000000
611.321294
294.656864
631.494897
312.996503
2.000000
600.317512
300.158755
629.660933
316.664432
2.000000
600.317512
309.328576
638.830753
335.004069
2.000000
574.642015
296.490828
598.483546
316.664432
2.000000
563.638235
300.158755
589.313728
312.996501
2.000000
559.970304
300.158755
585.645799
314.830466
2.000000
554.468413
305.660646
592.981655
324.000287
2.000000
510.453279
294.656864
543.464629
322.166321
2.000000
550.800485
311.773865
594.815619
348.453143
2.000000
600.317512
309.939901
636.996790
335.615395
2.000000
644.332646
300.770079
675.510031
319.109720
2.000000
706.687417
300.770079
769.042191
326.445574
2.000000
739.698767
306.271974
791.049757
326.445579
2.000000
222.520947
309.939901
284.875720
339.283324
2.000000
233.524729
319.109720
306.883284
361.290890
2.000000
123.486895
319.109720
244.528511
381.464493
2.000000
620.491114
315.441793
725.027057
388.800349
2.000000
365.570129
311.773865
409.585263
342.951252
2.000000
310.551211
313.607829
371.072022
350.287108
2.000000
479.275894
298.936118
506.785351
322.777647
2.000000
0.611312
319.109720
132.656716
405.306024
9.000000
824.061108
275.094586
932.264980
317.275756
6.000000
824.061108
239.637948
836.898855
257.977587
6.000000
809.389396
267.147405
818.559216
290.988935
6.000000
776.378046
239.637948
789.215792
261.645515
6.000000
736.030840
272.649298
748.868587
290.988937
6.000000
631.494897
241.471910
640.664717
257.977587
6.000000
475.607965
226.800199
490.279677
252.475694
6.000000
413.253192
228.634164
429.758867
254.309658
6.000000
394.913552
246.973801
405.917335
272.649296
6.000000
382.075804
276.317225
393.079588
298.324792
6.000000
321.554995
239.637948
332.558779
261.645515
6.000000
321.554995
268.981369
336.226706
292.822900
6.000000
759.872369
265.313442
776.378046
287.321010
6.000000
703.019490
268.981369
714.023274
287.321010
6.000000
614.989222
239.637948
625.993006
259.811551
7.000000
653.502464
267.147405
679.177958
285.487046
7.000000
460.936254
228.634164
479.275894
246.973803
7.000000
424.256976
278.151189
449.932469
294.656864
7.000000
614.989222
268.981369
655.336428
289.154973
7.000000
583.811835
276.317225
598.483547
292.822900
