6.000000
394.712000
30.106318
425.829114
114.450071
6.000000
505.259637
356.017128
514.267222
369.119071
6.000000
653.475357
361.749230
660.845199
370.756813
6.000000
605.980817
389.590856
612.531788
395.322957
7.000000
0.000000
63.680046
186.718669
102.985870
7.000000
678.865251
360.930356
705.883126
370.894738
4.000000
978.138937
410.881510
993.306981
464.257896
4.000000
63.069090
402.692798
111.382501
507.508335
4.000000
181.805440
407.606025
208.828198
464.927022
2.000000
435.655569
410.062640
459.402840
440.360882
2.000000
378.334573
397.779570
438.931055
452.643952
2.000000
325.107932
401.873926
405.357328
472.296864
2.000000
660.845199
407.606025
673.947142
423.983454
2.000000
734.543624
410.881510
763.204121
436.266523
9.000000
759.109763
397.779570
812.336403
438.723139
2.000000
459.402838
391.228598
509.353991
454.281693
2.000000
203.096096
399.417312
343.941975
509.146076
2.000000
468.410424
405.149410
667.396172
574.655787
2.000000
638.735672
406.787155
660.026329
425.621198
2.000000
681.316985
405.968283
709.158611
427.258940
9.000000
803.328819
365.843585
919.608555
454.281693
9.000000
1039.982649
339.639701
1278.274220
497.681877
7.000000
468.410424
360.111485
495.433181
372.394556
6.000000
430.742341
348.647285
438.931056
365.024713
4.000000
127.638932
395.194739
166.007354
483.442108
