7.000000
313.798655
261.566889
329.713022
275.032890
7.000000
619.844167
302.372955
638.206897
315.838956
7.000000
638.206895
304.005200
654.121262
307.677747
7.000000
939.763740
198.725546
1008.317933
270.952283
7.000000
915.280102
219.536639
937.315377
241.571915
2.000000
514.401292
336.650050
525.418930
348.891870
2.000000
502.159472
332.977503
514.401292
351.340233
2.000000
487.469288
330.529140
503.383655
353.788598
2.000000
451.968009
324.408230
486.245105
362.357872
2.000000
384.637980
314.614775
464.209811
381.944785
2.000000
574.386211
339.098413
591.524759
351.340233
2.000000
592.748939
331.753322
611.111669
357.461143
2.000000
611.111669
335.425868
633.146945
362.357872
2.000000
241.324065
308.493865
413.773517
435.724006
2.000000
629.229549
336.650050
667.179191
367.254600
2.000000
674.524283
328.080777
779.834250
398.855051
2.000000
530.886935
340.730661
543.128755
349.299934
7.000000
451.401805
0.000000
850.485137
91.813649
2.000000
555.380536
334.166810
573.815014
350.925426
