2.000000
407.109336
521.003019
444.804643
546.581978
2.000000
333.064981
521.003019
385.754256
557.352068
2.000000
209.208965
479.268927
337.103764
564.083369
2.000000
59.235484
515.617974
209.394065
589.662331
2.000000
24.232699
530.426847
81.499265
576.199722
2.000000
0.000000
514.271713
38.418912
584.277287
2.000000
610.394743
510.232930
637.319962
522.349279
2.000000
549.812995
514.271713
567.314389
526.388061
2.000000
660.206401
469.845098
854.067990
564.083372
6.000000
393.108220
0.336566
452.343706
96.215592
6.000000
117.124710
320.746690
156.166279
382.674699
6.000000
36.349050
326.131734
60.581747
374.597130
6.000000
57.889224
256.126162
121.408275
385.661713
7.000000
68.659313
211.994041
113.330708
253.433639
6.000000
1042.679169
288.436426
1089.798305
357.095738
9.000000
1166.535182
424.408789
1244.618320
455.372793
