2.000000
162.586265
337.685622
217.514110
380.737175
2.000000
259.081129
333.232014
382.052953
411.549017
6.000000
371.905890
307.994896
386.751253
327.293869
6.000000
455.039924
235.252617
475.823433
263.458807
6.000000
624.277063
214.469108
642.091500
245.644370
7.000000
652.483254
233.768081
734.132752
250.097980
7.000000
740.070898
275.335096
775.699770
284.242313
7.000000
757.885335
259.005197
775.699772
269.396952
6.000000
759.369871
293.149533
787.576061
313.933042
2.000000
624.277063
355.500059
646.545108
376.283568
2.000000
604.978093
345.108304
624.277066
365.891812
2.000000
593.101802
342.139232
603.493555
359.953669
2.000000
579.740974
346.592842
593.101802
359.953669
2.000000
558.957468
343.623768
572.318293
358.469131
2.000000
535.204885
342.139232
554.503860
355.500059
2.000000
504.029621
345.108304
530.751275
358.469131
2.000000
787.576059
331.747476
1032.524553
468.324820
4.000000
1010.256509
325.809333
1051.823526
392.613469
4.000000
1047.369916
318.386649
1085.967860
376.283566
2.000000
980.565785
294.634069
1277.473050
590.056798
6.000000
680.689446
313.933042
704.442028
331.747478
2.000000
462.462604
331.747476
496.606940
356.984595
