7.000000
411.758834
435.466161
427.951702
442.952686
7.000000
716.210821
394.290279
747.404671
406.767819
7.000000
562.737073
466.660012
572.719107
476.642044
2.000000
496.606109
474.146535
519.065683
494.110600
2.000000
454.182472
472.898782
491.615094
506.588140
2.000000
378.069476
446.695948
462.916751
527.799961
2.000000
361.848673
451.686963
421.740866
540.277500
2.000000
219.604712
441.704931
405.520063
577.710121
2.000000
557.746057
476.642044
578.957875
495.358355
2.000000
575.214613
476.642044
591.435415
500.349372
2.000000
591.435416
470.403274
642.593333
505.340387
2.000000
641.345578
464.164504
678.778199
521.561190
2.000000
661.309642
436.713915
726.192853
544.020763
9.000000
697.494510
369.335197
1004.442004
592.683170
9.000000
0.000000
371.830705
247.055301
681.273707
2.000000
872.180076
419.245359
1277.700140
716.210822
