6.000000
413.388231
197.473564
436.439622
229.489382
6.000000
313.498878
235.892546
327.585838
258.943935
6.000000
313.498878
265.347099
327.585838
292.240386
6.000000
445.404050
200.034829
456.929744
237.173180
6.000000
456.929744
202.596095
464.613541
234.611912
6.000000
1189.451669
38.675105
1208.661160
75.813453
6.000000
1095.965478
230.770015
1108.771807
258.943935
6.000000
1124.139399
326.817470
1143.348889
344.746328
7.000000
654.147184
356.272023
670.795410
367.797718
7.000000
677.198575
354.991390
690.004902
369.078350
2.000000
611.886305
380.604045
632.376429
390.849107
2.000000
632.376429
383.165310
647.744022
392.129741
2.000000
651.585920
383.165310
664.392249
395.971639
2.000000
668.234146
383.165310
690.004902
398.532903
2.000000
691.285535
385.726576
702.811230
395.971637
2.000000
705.372495
384.445944
724.581985
399.813537
2.000000
733.546415
380.604045
765.562234
408.777965
2.000000
761.720335
333.220634
856.487158
438.232518
2.000000
436.439619
356.272023
523.522644
422.864924
6.000000
287.886224
325.536837
314.779512
344.746328
4.000000
176.471176
365.236452
200.803194
435.671253
4.000000
154.700419
369.078350
180.313073
431.829355
4.000000
129.087765
369.078350
154.700419
433.109987
4.000000
1137.951687
381.812737
1172.888800
447.943701
