7.000000
103.758302
502.346810
112.567969
516.050737
7.000000
938.523224
429.911767
963.973375
468.086990
7.000000
683.238628
404.461618
693.027147
422.080952
6.000000
495.788489
426.045291
499.703896
435.833811
2.000000
139.192746
510.960695
185.198786
534.453139
2.000000
208.691232
505.087583
246.866455
527.601179
2.000000
245.887602
501.172174
258.612677
513.897248
2.000000
271.729296
496.277916
293.264037
507.045288
2.000000
506.653752
464.954653
520.357677
473.764320
2.000000
503.717195
476.700877
533.082752
500.193321
2.000000
541.892419
457.123839
559.511755
473.764322
2.000000
555.596347
461.039248
581.046498
481.595137
2.000000
600.580012
422.772255
762.090577
564.705779
