6.000000
577.813905
332.365414
601.073363
398.471243
6.000000
777.355571
464.577070
785.924845
478.043072
6.000000
760.217023
457.231977
770.010479
471.922161
6.000000
716.146471
464.577070
723.491564
478.043072
6.000000
701.456287
123.030290
735.733385
217.292305
6.000000
888.756133
312.778501
918.136501
383.781057
6.000000
537.415899
411.937244
561.899538
438.869248
6.000000
565.572085
413.161426
586.383179
438.869248
7.000000
101.607106
302.985044
154.246932
322.571958
7.000000
580.874360
254.017766
618.886005
281.992414
7.000000
1181.947723
402.143787
1206.431362
418.058153
4.000000
67.330010
493.957438
100.382923
631.065822
4.000000
197.093302
480.491435
222.801124
566.184176
4.000000
178.730572
491.509074
199.541666
594.340361
4.000000
878.350586
469.473798
899.161680
605.358002
4.000000
340.322596
471.922163
385.617330
594.340361
4.000000
525.174079
482.939800
560.675357
582.098540
4.000000
93.037832
475.594708
165.264570
653.101098
4.000000
198.317484
470.697980
277.889313
708.189288
4.000000
841.013035
496.405802
882.635223
631.065822
4.000000
928.542048
487.836528
973.836783
632.290004
2.000000
954.249870
480.491435
976.285147
501.302529
2.000000
912.627681
478.043072
934.662958
500.078349
2.000000
978.733510
485.388164
1035.045881
525.786170
2.000000
1024.028244
467.025434
1222.345730
586.995270
4.000000
775.519298
485.388164
786.536936
506.199258
9.000000
788.781272
427.647582
897.733471
562.307604
2.000000
1182.967877
479.063227
1278.454075
632.085979
1.000000
1115.637867
441.113586
1279.678257
512.116141
7.000000
139.556748
166.488751
160.367842
249.733129
