4.000000
316.348954
306.369492
343.293502
400.176437
4.000000
827.297422
237.511202
987.966764
575.814972
4.000000
745.465831
238.509148
839.272776
517.934092
4.000000
75.843913
310.361276
93.806945
360.258588
4.000000
95.802837
312.357169
104.784353
338.303770
4.000000
162.665236
309.363330
192.603622
448.077856
4.000000
177.634428
308.365384
200.587193
370.238049
4.000000
210.566654
304.373598
222.542009
335.309931
4.000000
239.507094
298.385922
257.470126
330.320201
4.000000
255.474234
317.346900
274.435212
364.250373
4.000000
2.993839
321.338684
21.954817
441.092231
4.000000
12.973301
308.365384
45.905525
438.098393
4.000000
41.913741
313.355115
78.837751
414.147684
4.000000
284.414674
311.359223
312.357168
393.190813
4.000000
115.761762
297.387976
169.650859
451.071694
4.000000
223.559986
306.369492
258.468073
399.031581
4.000000
201.817880
356.826318
230.525577
402.172329
4.000000
263.457804
322.336630
290.402352
398.180544
4.000000
720.517176
257.470126
801.350819
471.030619
4.000000
900.147496
246.492718
1055.827108
560.845779
4.000000
999.942119
246.492718
1090.755226
529.909447
4.000000
112.767923
319.342792
139.712471
417.141522
4.000000
1233.461536
255.474234
1277.412623
468.036780
2.000000
1000.940065
269.445480
1207.514934
432.110716
7.000000
38.919903
257.470126
47.901419
269.445480
7.000000
30.936333
273.437266
38.919902
281.420835
7.000000
42.911687
273.437266
51.893203
286.410566
7.000000
515.938199
319.342792
585.794435
393.190813
6.000000
101.790515
253.478342
119.753547
277.429051
6.000000
419.137415
231.489475
448.077856
261.461911
2.000000
1191.723149
289.042107
1278.691570
399.031581
6.000000
94.386301
125.336843
118.686301
171.378948
