6.000000
479.249671
264.093568
485.999666
280.968557
6.000000
612.562079
313.031035
626.062070
326.531025
6.000000
487.687166
260.718571
496.124659
279.281059
6.000000
642.937058
260.718571
654.749550
279.281059
6.000000
538.312130
238.781086
548.437122
260.718571
6.000000
551.812121
233.718589
560.249615
262.406071
6.000000
676.687035
309.656037
700.312020
326.531027
6.000000
332.437271
248.906079
342.562264
267.468567
6.000000
288.562302
292.781049
317.249782
309.656037
7.000000
408.374719
287.598006
421.874709
297.722999
7.000000
678.374535
263.973024
698.624520
274.098017
6.000000
496.124659
302.785498
512.999647
315.900002
2.000000
431.999703
338.222973
465.749681
361.847956
2.000000
533.249633
338.222973
590.624593
363.535454
2.000000
455.624686
336.535474
509.624649
373.660447
2.000000
723.937002
334.847975
766.124472
366.910453
2.000000
371.249745
334.847975
425.249708
400.660431
2.000000
337.499768
338.222973
398.249726
405.722926
2.000000
700.312018
317.972987
973.686831
496.847865
2.000000
577.356629
341.212261
661.731572
415.462209
2.000000
487.919191
344.587258
555.419144
400.274720
2.000000
238.169362
334.462265
369.794272
439.087194
1.000000
194.294393
287.212298
244.919359
361.462246
2.000000
0.000000
273.712307
172.402091
624.712065
2.000000
847.356444
356.399750
1279.356147
629.774563
