6.000000
342.794292
212.962349
363.044279
246.712325
6.000000
597.606616
239.962330
619.544101
263.587314
6.000000
523.356666
246.712325
543.606652
277.087304
6.000000
1076.856286
66.149949
1105.543766
123.524910
6.000000
1065.043794
283.837300
1103.856266
314.212279
6.000000
293.856824
297.337290
319.169306
320.962273
6.000000
143.669428
324.337272
170.669410
346.274757
6.000000
258.419349
312.524780
285.419330
334.462265
6.000000
592.544119
177.524873
617.856602
228.149838
6.000000
687.044054
327.712270
705.606542
349.649753
6.000000
1110.606262
69.524948
1137.606244
138.712400
7.000000
174.044408
283.837300
199.356890
297.337292
7.000000
408.606745
192.712361
503.106680
228.149838
7.000000
646.544082
243.337328
678.606559
273.712307
7.000000
1117.356257
231.524837
1144.356239
248.399824
7.000000
1083.606281
245.024827
1110.606264
260.212317
4.000000
395.106755
349.649755
415.356743
403.649717
4.000000
459.231710
347.962255
476.106699
403.649717
2.000000
104.856954
371.587239
174.044406
396.899722
2.000000
567.231636
374.962237
690.419052
410.399713
2.000000
1260.793659
407.024716
1279.356146
432.337198
7.000000
651.606578
275.399807
665.106569
312.524780
