6.000000
565.544137
233.212335
573.981632
250.087323
2.000000
212.856880
312.524780
249.981853
380.024735
2.000000
525.044165
314.212280
541.919154
336.149765
9.000000
832.168954
287.212297
1061.668797
440.774691
2.000000
550.356649
315.899778
577.356630
337.837263
2.000000
575.669130
314.212280
589.169122
334.462266
2.000000
595.919117
310.837281
621.231600
334.462265
9.000000
292.169324
120.149912
531.794160
450.899684
9.000000
0.000000
111.712419
222.981873
447.524688
2.000000
970.543859
285.524798
1279.356146
543.712121
