7.000000
476.062756
291.712657
528.999029
336.764805
7.000000
409.610838
295.091568
470.431236
332.259590
7.000000
355.548260
286.081139
408.484534
348.027842
7.000000
344.285223
326.628072
375.821728
349.154146
7.000000
295.854164
319.870250
319.506542
342.396323
7.000000
328.516971
319.870250
346.537831
343.522626
2.000000
434.077445
354.785664
455.477215
375.059131
2.000000
422.814408
363.796094
441.961571
376.185436
2.000000
413.803978
362.669790
428.445926
376.185436
2.000000
401.414638
362.669790
416.056586
375.059132
2.000000
385.646386
361.543487
400.288335
372.806525
2.000000
376.635956
363.796094
387.898993
372.806524
2.000000
455.477215
361.543487
474.624378
384.069561
2.000000
464.487645
352.533057
498.276755
403.216723
2.000000
466.740252
350.280450
597.391481
455.026693
2.000000
634.559503
362.669790
696.506205
408.848242
2.000000
216.700831
320.996554
231.342779
331.133287
2.000000
232.469083
320.996554
248.237335
327.754375
2.000000
233.595387
328.880679
249.363639
340.143716
2.000000
250.489942
330.006983
269.637105
345.775235
2.000000
264.005587
331.133287
284.279053
345.775235
