2.000000
64.560907
255.105242
132.708529
283.798979
2.000000
242.103394
262.278676
322.804525
308.905997
2.000000
279.763922
269.452110
394.538865
307.112639
2.000000
407.092375
271.245470
450.132978
299.939206
2.000000
439.372826
271.245470
503.933731
298.145847
2.000000
548.767695
283.798979
566.701278
292.765771
2.000000
514.693883
283.798979
548.767694
296.352487
2.000000
502.140373
283.798979
516.487241
294.559129
7.000000
665.784334
237.171660
692.684711
269.452112
7.000000
692.236372
289.179055
708.376596
299.939205
9.000000
652.782485
260.485318
681.476220
317.872789
9.000000
566.701278
194.131055
661.749277
342.979808
1.000000
733.483616
231.791584
869.778859
341.186451
2.000000
726.310182
296.352489
853.638634
378.846978
2.000000
1171.511425
319.666147
1187.651650
328.632941
2.000000
1141.024329
319.666147
1167.924709
325.046223
