7.000000
400.529048
516.570174
434.218408
527.799960
7.000000
637.602315
504.092634
671.291675
516.570175
7.000000
708.724296
526.552206
719.954084
541.525255
7.000000
581.453384
546.516272
593.930924
555.250550
7.000000
476.642045
551.507287
492.862848
560.241565
7.000000
283.240168
494.110601
310.690757
502.844880
6.000000
286.983430
511.579158
299.460969
536.534238
6.000000
361.848672
552.755041
373.078459
573.966859
6.000000
482.880815
496.606109
492.862848
516.570174
6.000000
605.160711
501.597124
616.390497
519.065681
7.000000
354.362147
542.773009
378.069475
551.507287
2.000000
852.216010
561.489319
1105.510082
681.273707
2.000000
598.921940
545.268516
759.882211
681.273706
2.000000
257.037333
596.426433
401.776802
696.246756
2.000000
1100.519066
557.746058
1270.213615
666.300660
2.000000
741.165901
557.746058
822.269914
633.859055
2.000000
812.287881
560.241565
890.896387
622.629268
2.000000
381.812736
583.948891
459.173488
643.841085
2.000000
557.746058
566.480335
591.435417
597.674185
2.000000
445.448193
581.453384
470.403274
625.124774
2.000000
466.660012
581.453384
495.358355
606.408465
2.000000
495.358355
576.462368
516.570174
596.426433
6.000000
740.872821
476.265361
754.352029
498.730708
6.000000
760.342789
473.269981
770.826617
501.726088
6.000000
796.287344
530.182194
809.766552
543.661402
