6.000000
802.305849
313.186265
812.287883
328.159313
6.000000
904.621681
313.186265
909.612697
329.407067
6.000000
826.013176
353.114394
832.251946
366.839689
6.000000
860.950289
346.875624
869.684569
363.096426
6.000000
724.945099
353.114394
736.174885
366.839689
7.000000
726.192853
323.168297
737.422639
336.893592
7.000000
723.697345
314.434019
738.670393
323.168297
7.000000
595.178678
329.407067
621.381513
341.884608
7.000000
274.505889
245.807546
329.407067
294.469954
6.000000
471.651028
291.974446
484.128569
314.434019
6.000000
519.065682
285.735676
527.799960
301.956478
2.000000
879.666600
386.803753
900.878419
398.033540
2.000000
845.977241
391.794769
870.932322
416.749850
2.000000
616.390497
394.290278
683.769215
419.245357
2.000000
566.480335
395.538032
610.151727
415.502095
2.000000
477.889798
391.794769
551.507287
426.731884
2.000000
344.380116
383.060491
451.686962
424.236375
2.000000
254.541825
366.839689
353.114394
430.475145
2.000000
153.473747
396.785786
257.037333
435.466161
2.000000
924.585746
386.803753
995.707726
436.713915
2.000000
1021.910561
391.794769
1053.104412
420.493112
2.000000
1055.599920
389.299261
1094.280295
420.493112
2.000000
1086.793771
365.591935
1225.294470
435.466161
2.000000
1184.118587
348.123378
1278.947894
455.430226
7.000000
979.486924
344.380116
995.707726
354.362148
7.000000
975.743661
355.609902
990.716710
368.087443
7.000000
913.355959
351.866640
923.337993
361.848672
7.000000
667.548413
374.326213
678.778199
380.564983
7.000000
333.150329
335.645837
358.105410
349.371132
