2.000000
1.247754
494.110600
56.148932
545.268518
2.000000
1014.424036
449.191455
1279.356147
576.462368
2.000000
1039.379119
446.695946
1189.109603
489.119586
2.000000
1035.635855
435.466161
1110.501098
456.677980
9.000000
761.129966
435.466161
1026.901577
541.525256
2.000000
344.380116
481.633060
384.308245
507.835896
2.000000
406.767819
475.394289
430.475146
491.615092
2.000000
193.401876
475.394289
230.834497
506.588141
2.000000
52.405670
485.376322
122.279895
525.304452
2.000000
240.816530
480.385307
273.258135
502.844880
2.000000
291.974446
477.889798
316.929527
494.110600
2.000000
283.240168
481.633060
291.974446
496.606109
2.000000
326.911558
480.385307
346.875623
494.110602
2.000000
323.168298
480.385307
331.902576
491.615093
2.000000
376.821721
479.137551
390.547015
491.615092
9.000000
389.299261
462.916751
409.263326
490.367340
2.000000
556.498303
466.660011
616.390497
486.624076
7.000000
635.106809
422.988620
663.805151
434.218406
