2.000000
661.309643
238.321022
711.219804
283.240168
2.000000
685.016969
229.586744
808.544619
281.992413
2.000000
536.534238
244.559792
554.002795
268.267120
2.000000
546.516271
247.055300
567.728089
277.001396
2.000000
558.993811
247.055300
606.408464
296.965462
2.000000
576.462368
267.019365
648.832102
323.168298
2.000000
621.381513
283.240168
693.751248
376.821720
2.000000
663.805151
267.019365
878.418846
431.722899
2.000000
884.657616
278.249152
1078.059493
373.078459
2.000000
859.702534
155.969254
1276.452385
588.939907
2.000000
434.218407
249.550810
467.907767
277.001397
2.000000
426.731883
258.285087
452.934717
283.240168
2.000000
431.722899
268.267120
450.439209
296.965463
2.000000
390.547014
259.532840
436.713915
306.947494
2.000000
346.875624
269.514873
413.006587
331.902574
2.000000
230.834498
267.019365
296.965462
291.974446
2.000000
291.974446
259.532840
368.087443
296.965462
2.000000
262.028349
290.726693
361.848672
394.290279
2.000000
0.000000
265.771611
283.240168
494.110600
7.000000
1035.635854
62.387702
1095.528050
121.032142
