6.000000
527.482360
280.119763
541.258741
293.896144
6.000000
570.342216
278.589055
582.587888
293.896143
6.000000
530.543778
296.957564
542.789450
312.264652
6.000000
600.956396
298.488271
610.140650
310.733943
6.000000
571.872925
293.896144
582.587888
307.672526
7.000000
518.298107
292.365434
535.135906
307.672526
7.000000
741.781632
264.812672
758.619432
284.711888
7.000000
770.252830
286.242599
790.152047
309.203234
7.000000
713.616593
293.896144
725.862266
303.080399
7.000000
741.169357
284.711890
761.068576
306.141817
7.000000
758.007158
281.650472
774.844959
295.426853
7.000000
869.748921
247.974873
898.832394
261.751254
7.000000
927.915865
260.220543
949.345794
270.935507
2.000000
615.038941
316.856780
636.468868
338.286707
2.000000
688.512974
316.856780
717.596447
344.409542
2.000000
734.434248
313.489225
797.193320
353.287661
2.000000
587.486175
319.612062
624.223193
345.634117
2.000000
859.340118
304.304972
948.121245
339.511280
2.000000
746.986034
315.019933
972.000270
451.253043
2.000000
547.075418
319.612062
591.465981
351.756950
9.000000
620.243316
273.996926
689.125225
352.063090
7.000000
528.400772
263.281965
542.177154
284.711892
