7.000000
961.372204
339.745610
976.345254
358.461921
7.000000
889.002470
354.718657
912.709797
359.709674
7.000000
1209.675259
295.004700
1237.125847
309.977750
6.000000
776.704605
355.253401
781.695624
366.483187
6.000000
866.542896
351.510139
879.020436
358.996664
6.000000
769.396318
356.501156
775.635086
367.730943
6.000000
932.673862
345.271367
942.655895
362.739926
7.000000
1192.206702
321.029297
1213.418520
345.984378
2.000000
824.119262
388.229762
836.596801
396.964042
2.000000
811.641719
386.982006
821.623752
398.211793
2.000000
796.668671
389.477514
812.889473
400.707301
2.000000
792.925409
393.220777
804.155196
403.202810
2.000000
776.704605
389.477514
797.916425
403.202810
2.000000
752.997280
398.211794
764.227066
414.432597
2.000000
735.528724
394.468532
754.245033
418.175858
2.000000
733.033215
398.211794
754.245033
418.175858
2.000000
729.289954
396.964039
744.263003
420.671365
2.000000
709.325888
393.220777
734.280969
424.414631
2.000000
705.582626
395.716286
724.298935
424.414630
2.000000
688.114067
394.468532
714.316904
426.910137
2.000000
686.866315
399.459549
708.078133
430.653401
2.000000
893.993484
389.477514
908.966534
413.184841
2.000000
906.471026
389.477514
932.673862
418.175858
2.000000
915.205304
388.229762
947.646910
420.671368
2.000000
926.435091
388.229762
982.584023
433.148908
2.000000
948.894665
399.459549
991.318301
440.635432
2.000000
975.097500
388.229762
1063.688037
443.130941
2.000000
993.813809
388.229762
1069.926805
448.121956
2.000000
1007.539105
399.459549
1071.174562
463.095003
2.000000
1042.476217
380.743239
1183.472424
484.306824
2.000000
458.527325
409.441581
545.870108
479.315810
2.000000
2.740600
433.148906
257.282426
582.879392
9.000000
556.386895
326.020311
692.392085
468.264273
1.000000
831.605784
359.709674
893.993486
427.088392
4.000000
862.799635
388.051518
889.002470
439.209434
2.000000
1136.057771
387.160263
1278.301732
538.138503
2.000000
165.483361
400.885557
479.917381
583.057648
2.000000
767.970329
397.142294
794.173164
409.619834
7.000000
910.214288
321.920554
925.187338
330.654832
7.000000
913.957551
341.884616
926.435091
353.114401
