7.000000
88.590538
98.572570
172.190059
113.545619
7.000000
642.593331
88.590538
678.778199
114.793373
6.000000
227.091235
86.095029
239.568776
118.536634
6.000000
586.444400
88.590538
601.417450
128.518667
6.000000
437.961669
217.109203
447.943701
228.338991
6.000000
204.631662
81.104013
223.347973
116.041126
6.000000
566.480334
88.590538
586.444400
123.527651
6.000000
778.598523
198.392893
791.076064
218.356957
6.000000
801.058095
197.145139
824.765421
219.604712
7.000000
777.350768
172.190058
791.076063
180.924336
6.000000
610.151727
225.843482
622.629267
238.321022
2.000000
870.932322
253.294070
1182.870832
389.299261
2.000000
524.056698
247.055299
572.719106
281.992413
2.000000
177.181074
252.046317
294.469954
325.663805
2.000000
47.414654
262.028349
144.739469
306.947494
2.000000
313.186266
252.046317
376.821722
286.983431
2.000000
144.739469
257.037333
192.154123
298.213216
2.000000
277.001397
249.550810
314.434019
291.974447
2.000000
376.821722
247.055299
403.024557
281.992413
2.000000
506.588141
249.550810
526.552207
272.010383
2.000000
499.101618
247.055299
510.331403
262.028349
2.000000
818.526651
233.330007
875.923338
270.762627
2.000000
1090.537032
217.109203
1244.010779
252.046317
2.000000
462.916751
242.064283
492.337600
256.236585
