6.000000
588.488757
222.770982
598.977974
243.749416
6.000000
672.402494
282.209879
682.891711
296.195502
6.000000
719.603971
268.224256
730.093190
283.958082
6.000000
695.129131
283.958082
709.114754
296.195500
6.000000
819.251533
221.022779
840.229967
240.253010
2.000000
668.906088
296.195502
681.143508
310.181124
2.000000
672.402494
297.943704
688.136320
313.677530
2.000000
698.625537
294.447299
716.107565
313.677530
2.000000
714.359362
299.691907
747.575216
334.655964
2.000000
656.668668
297.943704
675.898900
331.159558
2.000000
721.352174
289.202690
779.042868
343.396978
2.000000
598.977974
276.965270
670.654291
352.137993
2.000000
228.358971
283.958082
328.006533
343.396978
2.000000
397.934645
297.943704
434.646905
329.411356
2.000000
350.733170
297.943704
397.934645
332.907761
2.000000
1177.633115
275.217067
1277.280677
404.584078
4.000000
1182.877725
287.454487
1202.107957
324.166747
7.000000
1265.043259
163.332085
1279.028882
180.814114
2.000000
763.309042
201.792548
1191.618740
512.972655
2.000000
397.934645
269.972459
639.186638
450.037352
2.000000
1.092601
262.979647
118.222191
357.382601
