2.000000
329.877694
302.694018
344.204231
315.918514
2.000000
304.530742
301.591978
316.653198
311.510350
2.000000
270.367463
301.591978
301.224619
321.428722
2.000000
583.347195
310.408309
594.367608
324.734846
2.000000
526.041047
310.408309
539.265542
321.428722
2.000000
689.143162
309.306267
727.714607
340.163424
2.000000
814.041187
310.408309
961.714723
373.224663
2.000000
369.551180
292.775647
479.755311
389.755282
2.000000
534.857377
307.102184
579.537680
341.802090
2.000000
631.837012
317.020555
728.816648
380.938952
2.000000
56.755128
279.918492
74.387788
290.938906
2.000000
78.795953
277.714411
98.632697
296.449114
7.000000
758.755444
216.000098
790.714641
231.428676
7.000000
759.857484
240.245006
787.408516
265.591957
7.000000
758.755444
270.000121
787.408518
287.632781
2.000000
574.959973
311.284047
590.218995
340.276188
2.000000
749.217975
320.439460
804.150454
357.061112
7.000000
753.795682
318.913558
778.210117
349.431601
