6.000000
240.063430
124.803618
262.087597
161.510564
7.000000
863.934682
193.519020
881.554016
208.201798
7.000000
862.466404
208.201799
883.022294
217.011466
7.000000
906.514740
187.645909
937.348575
205.265243
7.000000
954.967909
165.621741
971.118966
175.899686
7.000000
834.569125
202.328688
852.188459
225.821133
7.000000
852.188459
234.630800
866.871238
250.781857
7.000000
865.898517
246.964331
882.049574
264.583665
2.000000
544.345666
237.861013
604.545059
302.465239
2.000000
390.176491
234.924457
583.989168
368.537742
2.000000
864.430239
261.647112
907.010297
321.846506
2.000000
75.965030
246.964334
465.058662
433.239308
9.000000
40.726362
136.843495
376.961991
314.505115
2.000000
0.000000
269.933707
86.361448
388.864214
2.000000
545.932417
209.734315
904.192214
531.541798
7.000000
872.996063
217.724631
896.488508
226.534298
7.000000
577.872213
220.661187
589.618437
239.748799
2.000000
0.000000
345.961396
86.526241
545.322521
4.000000
927.442656
270.791206
937.548520
302.946227
4.000000
938.467234
268.953777
944.898239
303.864942
4.000000
960.516391
268.035062
973.378399
307.539801
