2.000000
678.332585
286.226965
688.971109
301.424857
2.000000
687.451318
280.147809
717.847102
313.583169
2.000000
720.886681
292.306122
739.124152
312.063381
2.000000
740.643939
273.562050
792.316773
327.261272
2.000000
643.377434
280.147809
675.293006
310.543592
2.000000
611.461859
277.108229
644.897220
310.543591
2.000000
587.145233
277.108229
619.060805
312.063381
2.000000
529.393245
275.588441
587.145234
322.701906
2.000000
440.232294
248.232234
532.939433
350.058109
2.000000
277.614831
242.659680
479.746791
391.599019
2.000000
1.823745
227.664417
304.261791
441.954691
2.000000
1124.947947
340.128814
1276.926865
522.503515
6.000000
662.390615
259.883949
673.029139
273.562050
