6.000000
979.101223
302.063442
997.527751
334.309865
6.000000
718.058741
303.598987
727.272005
328.167691
6.000000
965.281328
298.992355
979.101224
331.238778
6.000000
430.912013
345.058675
443.387921
368.091837
6.000000
418.627661
345.058675
427.654095
363.485203
7.000000
413.445224
296.359993
434.942839
343.961858
7.000000
438.013926
307.108801
482.544705
320.928698
7.000000
547.037551
285.611186
579.283975
299.431082
7.000000
548.573096
304.037712
571.606256
314.786520
7.000000
579.283976
359.317297
599.246049
382.350457
7.000000
651.454543
370.066105
663.738895
379.279368
2.000000
649.919001
413.829110
663.738897
438.397814
2.000000
642.241280
410.758021
654.525632
436.862270
2.000000
622.279207
409.222476
648.383456
446.075533
2.000000
585.426152
404.615845
640.705737
453.753253
2.000000
665.274440
409.990249
699.056408
445.307761
2.000000
700.591952
413.061337
745.122727
451.449937
2.000000
742.051640
416.132425
768.155889
440.701129
2.000000
752.800448
411.525793
792.724593
460.663202
2.000000
771.226976
394.634809
901.748217
494.445169
9.000000
812.686664
364.691701
966.241065
476.786413
7.000000
966.241065
382.350457
983.132049
402.312530
2.000000
292.137246
410.758021
333.596934
444.539988
2.000000
315.170408
401.544757
371.985535
452.217709
4.000000
542.430920
403.848072
557.786359
446.843305
2.000000
369.490254
373.795275
549.148903
501.245428
2.000000
906.930652
340.013307
1278.532303
619.482317
