7.000000
381.495298
166.404825
404.008890
195.770382
7.000000
430.437892
212.410863
507.767193
225.135939
7.000000
110.353321
231.987902
134.824621
250.586089
7.000000
104.480212
236.882161
139.718880
268.205425
6.000000
80.008911
256.459200
109.374466
281.909348
6.000000
209.217362
229.051345
233.688661
263.311162
4.000000
271.468256
315.190312
287.129887
342.598165
4.000000
279.299072
335.093634
308.664631
371.311155
4.000000
402.634413
332.809647
420.253746
382.731092
4.000000
373.268856
321.063424
400.676709
381.752242
6.000000
530.929280
192.833825
539.738951
216.326271
6.000000
560.294838
193.812675
567.146801
214.368565
6.000000
547.569763
190.876122
556.379431
219.262827
6.000000
899.564898
122.356488
913.268825
161.510563
6.000000
879.009009
121.377635
896.628343
162.489415
6.000000
915.030749
208.495456
927.755823
242.755273
6.000000
809.314743
291.697867
817.145557
303.444089
6.000000
1268.004780
239.818718
1278.772150
266.247719
6.000000
1162.288774
217.305125
1195.569740
263.311162
2.000000
0.326278
308.012071
344.882149
568.386680
9.000000
653.873072
306.870073
678.344371
327.425960
2.000000
669.045277
321.552851
697.431984
329.383665
2.000000
664.151018
326.447108
698.410836
353.854965
2.000000
699.389686
319.595147
731.691798
327.425962
2.000000
737.564910
327.425962
762.036210
364.622331
2.000000
775.740135
303.933516
877.540732
413.564929
2.000000
683.728054
325.468256
750.289983
367.558888
2.000000
819.788470
298.060403
1119.317152
509.492416
4.000000
1078.042273
317.474311
1097.619310
369.353460
4.000000
1088.809641
319.432018
1113.280937
371.311167
4.000000
1113.280937
314.537755
1126.984865
334.114794
4.000000
1182.779425
312.906330
1192.567947
319.758294
4.000000
1201.377609
308.990923
1212.144981
317.800589
4.000000
1225.848907
308.990923
1238.573981
322.694850
4.000000
1241.380059
310.687603
1251.168577
325.370383
4.000000
1247.253170
313.624156
1258.999391
327.328085
4.000000
1262.914800
308.729899
1277.597577
343.968567
4.000000
1190.479758
321.454959
1219.845313
375.291812
2.000000
1106.298494
316.560700
1273.682169
368.439850
2.000000
412.818558
284.987695
676.129719
531.908132
2.000000
1088.016833
405.244690
1278.380585
659.279700
7.000000
396.295188
247.929203
402.168300
274.078535
6.000000
398.952068
277.993941
416.571402
291.697867
6.000000
374.480770
197.728088
401.888627
235.903309
