6.000000
641.101383
1.309935
670.444807
50.826961
6.000000
885.018584
130.735425
905.192187
176.584523
6.000000
17.553653
124.709519
37.727257
172.392580
7.000000
13.885725
68.118653
57.900860
117.635679
7.000000
547.569225
218.765693
589.750394
227.935513
7.000000
331.161482
213.263801
349.501122
231.603441
7.000000
787.818495
33.273338
828.165701
88.292256
7.000000
686.950481
36.941264
763.976965
60.782796
7.000000
863.011018
95.628111
901.524259
121.303605
6.000000
16.505675
191.649230
36.679278
209.988870
6.000000
587.785434
209.988868
596.955254
224.660579
4.000000
188.898283
224.660579
232.913418
305.354992
4.000000
533.683498
231.996434
570.362775
305.354990
2.000000
385.132421
248.502111
425.479627
274.177605
2.000000
438.317375
248.502111
467.660797
266.841751
2.000000
462.158907
250.336074
478.664582
266.841749
2.000000
619.879802
250.336074
634.551513
265.007786
2.000000
632.717550
244.834182
660.227010
266.841749
2.000000
652.891151
246.668146
680.400611
272.343640
2.000000
535.517463
244.834182
552.023137
259.505894
2.000000
553.857101
244.834182
564.860884
261.339857
2.000000
474.996653
250.336074
495.170256
266.841749
2.000000
504.340076
248.502111
537.351426
263.173822
2.000000
676.732683
244.834182
726.249709
281.513460
2.000000
574.030704
248.502111
594.204307
265.007786
7.000000
313.607828
195.317156
330.113503
209.988868
7.000000
964.665016
244.834182
1008.680151
268.675714
