7.000000
583.926611
88.700881
687.355880
120.434860
7.000000
723.791190
118.084196
782.557819
146.292179
7.000000
867.181766
170.974162
905.967741
185.078153
7.000000
841.324448
183.902822
891.863749
202.708143
7.000000
854.253108
208.584807
882.461091
257.948774
6.000000
870.707764
240.318786
911.844404
265.000771
7.000000
724.966522
140.415516
777.856490
156.870173
7.000000
603.907265
213.286136
672.076555
240.318784
7.000000
692.057210
242.669451
712.037864
265.000771
7.000000
640.342575
260.299440
649.745237
267.351436
7.000000
615.660592
261.474772
629.764583
274.403432
7.000000
456.990691
256.773442
486.374007
265.000771
7.000000
246.606159
236.792788
260.710151
261.474772
6.000000
422.906047
268.526769
435.834705
287.332090
6.000000
388.821402
265.000771
405.276058
281.455426
2.000000
234.852833
293.208752
320.652113
344.923385
2.000000
452.289362
292.033419
472.270016
315.540071
2.000000
475.796013
293.208752
518.107986
322.592067
6.000000
540.439305
91.051546
561.595292
132.188187
6.000000
574.523952
250.896778
586.277277
266.176102
2.000000
607.433264
296.734750
629.764583
322.592067
2.000000
609.783929
304.962079
629.764583
326.118065
2.000000
629.764583
304.962079
650.920570
330.819396
2.000000
642.693241
307.312742
673.251887
351.975381
2.000000
672.076556
302.611413
768.453828
377.832698
2.000000
409.977389
299.085415
454.640028
321.416735
2.000000
533.387309
299.085415
601.556600
347.274052
2.000000
0.000000
249.080355
312.424782
479.979784
