6.000000
236.581346
140.298239
265.924767
198.985084
6.000000
751.925204
164.139770
773.932772
226.494541
6.000000
918.815921
145.800131
946.325380
204.486976
6.000000
537.351426
272.343643
555.691067
327.362560
6.000000
508.008003
312.690847
524.513679
345.243706
6.000000
561.192957
312.690847
575.864666
342.034268
7.000000
524.880466
363.124854
559.725780
405.306023
7.000000
594.937909
368.626746
637.119079
407.139988
7.000000
323.878025
363.124854
356.889375
394.302241
2.000000
357.622963
443.819267
397.970171
469.494761
2.000000
324.611612
441.985303
366.792780
473.162687
2.000000
62.354773
441.985303
181.562427
491.502326
2.000000
256.754948
436.483411
331.947468
476.830619
4.000000
407.139988
432.815483
419.977736
460.324942
4.000000
959.529940
434.649447
976.035616
465.826833
