6.000000
213.345721
214.718604
237.508428
269.633848
6.000000
238.606733
219.111823
262.769442
264.142322
6.000000
193.576234
219.111823
215.542332
265.240627
7.000000
1.372881
221.308433
65.074564
250.962664
6.000000
721.860880
305.877908
744.925281
328.942309
7.000000
759.752399
314.664348
829.854792
333.694581
7.000000
852.815429
367.382980
877.271020
377.267724
2.000000
1197.224973
450.028471
1263.045464
486.765489
6.000000
830.593063
417.905006
849.264245
450.854153
2.000000
545.033795
455.247370
565.901588
480.508382
2.000000
504.396513
446.460932
549.427013
483.803298
2.000000
485.725333
458.542286
514.281259
489.294822
2.000000
428.613478
451.952458
492.315161
494.786348
2.000000
702.091393
456.345675
718.565966
476.115163
2.000000
710.877831
454.149067
731.745624
477.213470
2.000000
722.959185
456.345675
752.613416
480.508382
2.000000
357.223661
458.542286
437.399918
501.376176
2.000000
751.515113
461.837200
802.037137
494.786347
2.000000
566.450740
458.542286
600.498191
479.410078
2.000000
643.332081
446.460932
703.738849
498.081261
2.000000
1135.996609
521.971798
1276.821845
676.573416
6.000000
575.757084
404.107199
588.002757
419.414288
6.000000
607.901975
432.272247
621.678357
446.048629
4.000000
978.333574
413.291453
1038.031228
557.178107
