2.000000
684.679849
327.668214
725.027055
355.177673
2.000000
648.000572
324.000285
690.181742
362.513527
2.000000
567.306160
312.996503
657.170392
384.521094
2.000000
361.902202
312.996503
504.951390
406.528662
2.000000
0.000000
261.645514
365.570131
538.574064
2.000000
1207.359564
364.958818
1278.884157
489.668365
6.000000
486.611747
295.268190
497.615530
311.773865
6.000000
420.589047
260.422875
438.928686
284.264406
6.000000
391.245626
266.536079
407.751301
288.543647
6.000000
677.343996
265.313441
690.181742
283.653080
7.000000
802.053541
226.800199
831.396962
259.811550
7.000000
792.883721
276.317225
816.725251
305.660648
7.000000
1128.499118
136.935967
1176.182180
188.286957
6.000000
575.078683
266.972744
584.248503
287.146347
