2.000000
851.129551
365.968920
862.880847
382.756485
2.000000
834.341986
371.005189
847.772038
384.435241
2.000000
817.554421
365.968920
837.699499
384.435241
2.000000
797.409343
362.611406
824.269447
384.435241
2.000000
782.300534
357.575137
812.518152
389.471511
2.000000
768.870482
359.253893
800.766856
389.471511
2.000000
757.119187
355.896380
789.015560
394.507780
2.000000
747.046648
357.575137
780.621778
399.544050
2.000000
345.823841
349.181354
579.170996
470.051823
2.000000
876.982391
369.326433
888.733687
384.435241
2.000000
883.697417
369.326433
898.806226
386.113998
2.000000
893.769956
365.968920
910.557522
387.792754
2.000000
900.484983
367.647676
918.951304
387.792754
2.000000
910.557522
367.647676
935.738869
389.471511
2.000000
923.987574
365.968920
947.490165
399.544050
2.000000
937.417626
362.611406
986.101565
404.580319
2.000000
947.490165
365.968920
989.459078
412.974102
2.000000
960.920217
352.538867
1029.749234
418.010371
2.000000
967.635243
355.896380
1024.712964
424.725397
2.000000
986.101565
355.896380
1120.402086
436.476693
2.000000
1044.186550
364.290163
1143.233184
466.694310
2.000000
681.910915
337.430059
760.812471
402.901563
2.000000
623.825930
354.217624
717.836295
416.331615
2.000000
0.000000
318.963737
399.544050
585.886023
2.000000
1091.527504
337.430059
1277.869477
525.450788
