2.000000
337.170051
177.946184
394.205413
223.127393
2.000000
477.158546
149.894164
496.745446
158.871490
2.000000
209.743012
144.181319
233.138468
153.974766
2.000000
237.219071
144.997440
256.805968
153.158645
2.000000
400.443207
144.181319
428.191308
155.607009
2.000000
440.433118
146.629681
468.181221
158.055371
2.000000
446.145963
187.707752
466.548981
199.949564
2.000000
493.901395
187.707752
513.883978
206.193351
2.000000
63.805802
184.158093
89.105541
198.032146
2.000000
1.780630
171.100164
26.264252
185.790334
2.000000
1.780630
198.848265
20.551407
217.619042
7.000000
569.800615
170.135656
582.042425
183.193586
