6.000000
51.712638
178.634943
83.959061
206.274735
6.000000
824.091270
256.947689
837.911167
264.625409
6.000000
785.702669
258.483232
797.987021
269.232040
6.000000
804.129198
279.980849
816.413550
290.729656
6.000000
822.555725
279.980849
836.375622
290.729656
2.000000
692.034486
267.696497
744.242981
301.478465
2.000000
653.645887
267.696497
702.783295
299.942920
2.000000
612.186197
261.554321
664.394694
303.014010
2.000000
550.764437
261.554321
632.148269
310.691729
2.000000
461.702885
264.625409
570.726509
329.118257
2.000000
374.176875
261.554321
489.342677
335.260433
2.000000
266.688797
255.412145
406.423301
338.331521
7.000000
1019.105357
236.985617
1040.602974
258.483234
7.000000
91.356963
124.199915
131.856936
142.762402
7.000000
106.544453
88.762441
141.981929
107.324928
