7.000000
111.769977
63.868559
221.544062
88.817213
7.000000
564.837564
92.808999
651.658886
112.767924
7.000000
459.055264
107.778192
658.644511
192.603623
7.000000
421.133308
116.759709
454.065533
175.638536
7.000000
81.831591
85.823375
244.496826
148.693989
7.000000
1014.911313
121.749440
1099.736742
228.529686
7.000000
1044.849699
228.529686
1064.808624
249.486557
2.000000
0.997946
317.346900
41.913743
342.295556
2.000000
21.954817
317.346900
94.804892
339.301717
2.000000
178.632375
315.351008
223.539955
333.314040
2.000000
290.402352
319.342793
304.373599
326.328415
2.000000
402.172329
315.351008
424.127146
334.311986
2.000000
448.077856
314.353061
464.044994
325.330471
2.000000
430.114824
315.351008
445.084017
329.322255
2.000000
363.252427
310.361276
398.180543
339.301717
2.000000
652.656832
314.353061
675.609595
331.318147
2.000000
675.609595
306.369492
696.566466
323.334576
2.000000
705.547982
301.379760
720.517177
312.357170
2.000000
538.890962
304.373599
652.656832
406.164114
2.000000
472.028565
317.346900
483.005975
324.332524
