2.000000
640.970033
303.457996
805.417153
445.391520
9.000000
548.957954
292.690625
587.133179
326.950442
9.000000
369.828055
161.791423
479.459470
330.153950
9.000000
1.491218
0.000000
398.905093
565.309918
2.000000
313.744978
237.394528
718.989666
629.914141
7.000000
745.450093
226.665395
775.794502
264.840618
6.000000
725.873055
262.882915
738.598128
282.459952
6.000000
636.797532
246.459957
648.543755
269.952401
6.000000
543.806601
230.798324
551.637418
253.311919
0.000000
915.770325
362.943333
996.036180
451.040004
0.000000
852.144950
362.617044
914.791472
434.073234
7.000000
1235.311104
61.667669
1278.352554
167.383675
7.000000
1210.207592
3.915407
1257.192482
46.984889
