3.000000
668.464873
309.134323
769.476706
379.652018
2.000000
15.882355
323.364920
139.764792
384.353198
2.000000
120.705955
317.647270
193.129533
363.388478
2.000000
181.694231
317.647270
238.870740
355.764945
2.000000
337.976692
304.306085
385.623782
327.176690
2.000000
386.077573
303.307772
408.948178
320.460725
2.000000
407.042293
295.684235
429.912898
316.648955
2.000000
494.712942
291.872470
513.771778
316.648957
2.000000
529.018848
289.966583
549.983568
310.931303
2.000000
469.936457
297.590122
506.148247
320.460727
2.000000
555.701218
280.437167
576.665940
307.119538
2.000000
567.136520
289.966583
586.195358
312.837188
2.000000
593.818891
282.343050
649.089516
331.896025
