7.000000
540.138395
199.090273
570.076782
230.026605
2.000000
595.025438
262.958832
613.986415
273.936240
2.000000
590.035706
255.973205
601.013113
263.956777
2.000000
468.286267
242.001960
476.269837
245.993747
2.000000
468.286267
244.995799
479.263675
251.981423
2.000000
446.331451
246.991691
473.275997
263.956777
2.000000
446.331451
262.958832
485.251353
288.905434
2.000000
528.163041
264.954723
544.130182
271.940348
2.000000
478.265729
277.928024
526.167150
297.886947
2.000000
133.974282
285.911594
187.863378
307.866412
2.000000
547.124020
272.938294
603.009008
319.841767
2.000000
483.255458
245.993747
492.236974
252.979369
7.000000
702.803630
212.063572
728.750231
222.043035
7.000000
714.778985
255.973205
722.762556
266.950614
