7.000000
670.481400
257.602648
682.462918
269.584167
7.000000
487.763244
223.155781
498.247071
254.607268
2.000000
640.527606
268.086478
654.006814
278.570305
2.000000
652.509123
269.584167
670.481400
283.063376
2.000000
665.988330
266.588787
709.421336
302.533342
2.000000
706.425955
275.574925
731.886682
308.524101
2.000000
721.402852
241.128060
814.259621
323.501000
2.000000
763.338169
277.072614
856.194936
341.473277
2.000000
847.208797
268.086478
1035.917713
395.390112
2.000000
585.113080
269.584167
604.583048
290.551824
2.000000
528.200869
260.598028
576.126943
299.537962
2.000000
517.717037
275.574925
562.647732
308.524101
5.000000
573.131561
269.584167
586.610769
289.054135
0.000000
571.633872
284.561065
585.113080
308.524103
4.000000
565.643112
274.077236
573.131561
298.040273
4.000000
598.592288
262.095717
610.573806
278.570305
4.000000
694.444437
263.593406
706.425955
307.026412
2.000000
595.596909
275.574925
655.504501
324.998689
2.000000
949.051705
265.091097
1278.543465
474.767671
2.000000
1230.617390
395.390112
1278.543465
542.163712
2.000000
1.014052
296.542582
278.086666
506.219156
4.000000
823.245760
254.607268
838.222659
275.574925
4.000000
812.761932
253.109579
823.245760
275.574927
7.000000
1184.189005
104.838288
1238.105839
200.690435
