2.000000
477.813625
365.877733
491.038120
381.306308
2.000000
456.874839
363.673649
478.915666
387.918558
2.000000
446.956469
370.285898
465.691171
389.020601
2.000000
433.731972
371.387939
453.568714
393.428766
2.000000
417.201353
364.775692
437.038097
396.734893
2.000000
397.364611
368.081814
426.017684
400.041012
2.000000
384.140113
369.183856
403.976854
402.245097
2.000000
172.548180
370.285898
238.670660
440.816542
2.000000
528.507526
361.627013
547.242229
382.565798
2.000000
497.650369
362.729055
540.629979
399.096417
2.000000
1.653062
372.489963
205.530704
481.592053
2.000000
216.551119
338.326683
406.102226
470.571638
1.000000
539.449223
42.979609
1046.388223
552.122698
4.000000
1098.184167
369.183838
1130.143365
468.367556
6.000000
475.609543
318.489940
484.425872
332.816475
