7.000000
1161.231228
182.587369
1211.856193
206.212353
7.000000
1176.418718
158.962386
1215.231191
179.212373
7.000000
1152.793734
84.712438
1215.231191
158.962386
7.000000
1183.168713
7.087490
1218.606188
44.212465
7.000000
1238.856174
256.837318
1257.418661
272.024808
7.000000
1002.606337
287.212297
1024.543822
309.149782
7.000000
1080.231284
299.024789
1098.793771
315.899778
7.000000
714.044034
302.399787
732.606522
322.649773
4.000000
766.356500
334.462265
784.918987
378.337235
2.000000
523.356666
347.962255
548.669148
368.212242
2.000000
501.419180
341.212260
530.106662
366.524743
2.000000
476.106699
346.274757
506.481678
363.149744
2.000000
435.606727
341.212260
486.231692
368.212243
2.000000
383.294263
341.212260
440.669223
373.274738
2.000000
336.044295
346.274757
393.419257
385.087229
2.000000
226.356871
334.462265
359.669279
396.899723
2.000000
62.669482
334.462265
268.544341
415.462209
2.000000
833.856453
331.087267
899.668908
361.462245
2.000000
906.418903
329.399768
989.106346
363.149745
2.000000
1002.606337
327.712270
1073.481289
369.899742
2.000000
1110.606262
329.399768
1147.731236
354.712250
2.000000
1139.293743
314.212279
1245.606169
381.712233
2.000000
1245.606170
320.962274
1277.668648
353.024752
2.000000
0.000000
341.212260
118.356945
442.462192
2.000000
0.000000
381.712233
25.544510
442.462191
2.000000
636.419089
344.587258
668.481567
369.899740
2.000000
698.856546
331.087267
766.356498
390.149727
2.000000
943.543879
334.462265
1029.606319
381.712233
