6.000000
540.231656
221.399843
550.356648
239.962330
6.000000
371.481772
214.649847
383.294264
233.212334
6.000000
546.981651
221.399843
557.106643
238.274830
7.000000
369.794272
234.899833
388.356759
246.712325
2.000000
17.107014
250.087323
82.919469
287.212297
2.000000
379.919265
272.024808
395.106755
283.837300
2.000000
476.106699
280.462302
489.606690
290.587294
2.000000
489.606690
273.712307
518.294170
293.962293
2.000000
513.231673
278.774803
541.919154
297.337290
2.000000
528.419163
280.462302
552.044147
304.087285
2.000000
609.419107
288.899797
638.106587
320.962274
2.000000
629.669093
287.212297
685.356556
324.337272
2.000000
668.481567
290.587295
725.856527
334.462265
2.000000
707.294039
293.962293
803.481473
344.587258
2.000000
786.606485
287.212297
914.856396
363.149744
2.000000
879.418922
270.337309
1093.731274
386.774729
2.000000
550.356648
282.149802
580.731627
307.462284
2.000000
442.356722
273.712307
462.606708
293.962293
2.000000
398.481752
272.024808
442.356722
310.837280
2.000000
1044.793807
277.087304
1279.356146
430.649699
2.000000
322.544304
263.587314
344.481789
277.087304
2.000000
290.481826
261.899815
314.106810
277.087304
6.000000
651.327610
263.276103
666.300659
275.753643
