6.000000
383.510375
250.163378
397.836912
282.122575
6.000000
599.730895
290.938905
610.751310
316.285855
6.000000
554.547202
343.836890
563.363533
357.061384
6.000000
645.134977
368.081796
652.849266
376.898127
6.000000
526.775747
351.551179
532.285953
360.367510
7.000000
619.788028
370.285882
628.604358
381.306295
7.000000
669.379885
344.938931
680.400298
354.857302
7.000000
639.624770
359.265468
651.747225
369.183839
7.000000
547.273722
359.265468
556.971672
370.285880
7.000000
704.865629
342.734848
725.804415
352.653220
7.000000
331.934841
352.653220
352.873624
373.592003
7.000000
441.036929
375.796087
460.873675
383.510375
7.000000
427.812435
318.489939
443.241013
343.836891
6.000000
592.898225
346.040972
606.122719
360.367509
6.000000
381.967524
326.204228
389.681813
342.734847
6.000000
404.008351
325.102187
416.130805
341.632807
7.000000
500.547178
369.183839
518.179835
375.796087
2.000000
640.726811
379.102210
655.053348
400.040994
2.000000
644.032934
378.000171
684.808462
403.347120
2.000000
648.441102
381.306295
684.808465
408.857327
2.000000
606.563531
380.204251
635.216607
413.265492
2.000000
593.339035
379.102210
628.604358
436.408359
2.000000
678.196248
361.469550
771.869759
443.020608
2.000000
719.081957
380.755273
795.122805
474.428783
2.000000
758.755443
360.918529
893.388160
515.755335
2.000000
869.143252
168.612321
1279.102620
665.632951
2.000000
486.000217
369.734860
614.939052
478.836950
1.000000
0.734691
0.734684
344.571579
617.143135
2.000000
463.077772
382.408334
489.526764
402.245079
