2.000000
58.686845
429.758894
143.049185
475.607993
2.000000
150.385041
433.426822
181.562428
468.272136
2.000000
265.924767
427.924930
298.936118
457.268352
2.000000
515.343858
420.589077
553.857101
455.434392
2.000000
528.181606
415.087185
568.528813
449.932500
2.000000
557.525029
413.253221
579.532596
444.430608
2.000000
574.030703
407.751327
596.038270
433.426822
2.000000
634.551513
413.253221
663.894935
435.260788
2.000000
665.728899
415.087185
687.736466
446.264572
2.000000
687.736467
415.087185
702.408178
444.430608
2.000000
696.906286
411.419255
717.079888
448.098534
2.000000
704.242142
402.249437
772.098807
460.936284
2.000000
750.702581
415.087185
833.230957
466.438174
2.000000
170.558643
426.702280
265.924767
467.049487
2.000000
293.434226
426.702280
352.121071
459.713630
2.000000
396.136206
426.702280
427.313592
445.041918
2.000000
462.158905
402.860749
509.841966
448.709848
2.000000
592.370344
412.030569
638.219442
445.041920
2.000000
438.317375
423.034352
465.826833
452.377774
2.000000
0.000000
434.649447
75.192520
489.668364
7.000000
352.121071
380.241870
379.630530
391.245654
7.000000
386.966386
376.573942
401.638098
392.468276
7.000000
62.354773
363.736193
80.694412
380.241869
7.000000
644.332674
378.407906
668.174204
389.411689
7.000000
703.019519
358.234304
719.525193
371.072050
7.000000
959.774466
265.313456
1011.125457
287.321023
7.000000
985.449959
254.309672
1018.461309
268.981383
7.000000
961.608428
248.807780
976.280139
261.645528
6.000000
847.902668
169.336005
963.442394
196.845464
6.000000
523.780104
372.294673
536.617850
388.800348
7.000000
386.966386
397.970170
405.306024
410.807916
7.000000
614.377910
370.460709
623.547730
386.966384
2.000000
592.737158
385.132422
607.408868
399.804134
6.000000
833.720005
119.207654
855.727572
176.060535
6.000000
979.948040
193.788848
1001.955606
221.298307
7.000000
334.698414
394.302242
351.204088
416.309808
7.000000
309.939900
401.638098
331.947467
414.475844
6.000000
815.502629
119.818980
835.676232
182.173753
4.000000
856.461147
396.594696
876.634749
440.609831
4.000000
1033.897156
381.922986
1066.908506
458.949469
4.000000
1065.074541
372.753166
1098.085891
457.115505
6.000000
1032.063192
343.409741
1046.734902
391.092804
6.000000
1017.391480
343.409741
1033.897154
392.926768
6.000000
999.051841
323.236139
1015.557516
345.243705
7.000000
977.044275
297.560644
997.217877
317.734247
2.000000
367.348849
426.339196
400.866080
458.180566
