6.000000
420.419237
231.524837
430.544231
251.774823
6.000000
381.606764
231.524837
391.731757
248.399825
6.000000
352.919284
224.774840
361.356778
248.399823
6.000000
462.606707
263.587313
476.106699
278.774802
7.000000
629.669093
248.399823
643.169085
266.962310
2.000000
40.731998
263.587313
146.916364
315.899777
2.000000
244.919358
263.587313
292.169324
302.399787
2.000000
293.856824
273.712307
324.231803
297.337290
2.000000
207.794383
266.962312
226.356871
280.462303
2.000000
0.000000
241.649828
37.357002
295.649792
2.000000
523.356665
280.462302
579.939773
304.087285
2.000000
386.669261
275.399807
427.169234
300.712288
2.000000
444.811901
283.051937
506.233661
304.549553
