4.000000
1064.793527
273.727094
1118.657535
410.835480
4.000000
342.770960
251.691818
356.236962
314.125100
4.000000
302.372954
255.364368
325.632412
316.573468
4.000000
355.012780
252.916004
374.599692
319.021832
4.000000
1037.861523
287.193096
1080.707893
413.283844
4.000000
1263.111012
321.470192
1279.025380
431.646574
0.000000
356.236962
281.317028
397.859153
330.284308
1.000000
0.000000
172.364825
157.919478
269.075203
2.000000
1.224182
217.659564
210.559304
379.251588
6.000000
864.272493
185.830829
904.670499
227.453017
