2.000000
786.804254
290.969119
798.680543
304.329947
2.000000
748.206309
288.000048
761.567137
298.391802
2.000000
789.773326
293.938193
806.103226
310.268092
2.000000
800.165080
298.391802
822.433124
322.144384
2.000000
807.587761
298.391802
840.544486
334.020676
2.000000
880.330043
299.876338
1015.422847
400.824808
2.000000
665.963006
293.938193
701.591877
345.896964
2.000000
700.701148
301.732009
728.907338
328.453662
2.000000
697.138268
304.329947
723.859922
336.989746
2.000000
966.804283
302.474277
1278.556912
491.010390
2.000000
591.439263
268.701075
681.995980
366.680473
2.000000
828.074390
305.814483
881.517698
339.958818
2.000000
764.239329
296.907266
786.507373
317.690775
6.000000
799.868200
271.670149
808.775418
286.515512
3.000000
1108.217610
347.124992
1275.153977
470.981007
2.000000
728.571999
294.620812
751.458437
324.238555
