2.000000
631.095796
306.327346
660.550349
333.220634
6.000000
608.044407
279.434058
617.008836
293.521019
6.000000
567.064159
278.153426
578.589853
289.679120
6.000000
728.423885
283.275957
733.546414
294.801651
7.000000
748.914008
289.679120
759.159070
297.362917
7.000000
784.918987
264.066466
796.297418
279.434057
7.000000
806.542480
278.153426
821.910073
285.837222
7.000000
880.819179
279.434058
902.589936
303.766082
2.000000
687.443637
305.046713
712.356536
325.012277
2.000000
719.106532
310.169244
738.668946
326.699777
2.000000
738.668946
310.169244
754.036539
326.817470
2.000000
778.168991
322.975572
809.103746
342.185063
2.000000
798.418977
320.414306
825.751971
346.026961
2.000000
819.348808
315.291775
876.043924
360.449754
2.000000
859.168936
287.887304
1184.329138
474.090234
2.000000
1.024491
215.402421
410.826966
516.351115
2.000000
395.459373
294.801651
455.649112
320.414305
2.000000
353.198494
294.801651
398.020638
316.572408
7.000000
918.231395
242.324833
930.043887
257.512323
7.000000
921.606393
259.199822
935.106383
277.762309
7.000000
781.543989
281.137307
800.106476
291.262300
