6.000000
372.641332
215.488000
389.532316
270.767584
7.000000
368.034702
283.051937
391.067861
298.407377
7.000000
690.498941
260.018777
713.532101
286.123026
7.000000
1247.901415
74.217952
1280.000000
172.492769
6.000000
894.726294
258.483233
905.475102
281.516392
2.000000
237.513460
295.336289
364.963612
373.649033
2.000000
93.172323
295.336289
303.541852
421.250897
2.000000
446.347444
310.691729
656.716972
410.502090
2.000000
893.190750
319.904993
1060.565046
389.004473
2.000000
833.304534
326.047169
1278.612295
608.587266
