2.000000
672.289899
268.766232
1101.517291
552.755041
2.000000
0.000000
341.884606
70.719054
462.916749
2.000000
66.130964
368.711320
153.473746
414.254342
2.000000
242.064284
370.582949
323.168297
417.997603
2.000000
449.191455
365.591935
549.011779
441.704931
2.000000
554.418726
375.989898
596.426431
405.935995
2.000000
389.299261
356.857657
430.475145
393.042525
2.000000
429.227391
368.087443
445.448193
380.564983
2.000000
447.943700
364.344180
470.403274
389.299261
2.000000
506.588141
360.600918
524.056698
368.087444
2.000000
539.029746
370.582949
554.002795
389.299260
2.000000
545.268515
374.326213
567.728087
393.042523
2.000000
604.328887
353.114394
699.990019
433.386584
2.000000
1079.057719
362.347785
1127.720128
442.204044
1.000000
339.389100
348.123378
386.803753
386.803753
6.000000
405.520064
334.398083
414.254342
344.380117
6.000000
415.502096
335.645837
422.988622
346.875624
6.000000
477.889798
333.150329
486.624078
343.132363
6.000000
606.408465
334.398083
615.142743
351.866640
7.000000
617.638251
335.645837
631.363546
351.866640
7.000000
563.984827
331.902575
575.214614
343.132363
