7.000000
745.661862
345.004267
771.608464
368.954977
7.000000
751.649539
370.950869
768.614625
419.850234
7.000000
752.647485
437.813266
771.608464
448.790674
7.000000
668.820002
404.881041
691.772765
425.837911
7.000000
483.202004
424.839965
498.171199
439.809159
7.000000
315.547038
456.774244
331.514178
473.739330
7.000000
1093.945095
347.285302
1146.836245
386.205205
7.000000
1122.315290
383.211366
1160.237247
413.149753
7.000000
723.261528
437.100447
736.234830
447.079910
6.000000
307.117951
412.151792
320.091252
430.114824
6.000000
651.908373
401.673356
667.875512
414.646657
6.000000
501.218492
401.673356
514.191794
412.650765
6.000000
792.618791
454.564506
799.604414
462.548077
5.000000
468.660481
470.032688
495.605030
512.944376
0.000000
468.660481
502.964913
492.611191
544.878655
2.000000
514.566008
479.014204
543.506449
508.952590
2.000000
529.535201
475.022419
580.430458
532.903299
2.000000
731.690610
462.049118
816.516038
488.993667
2.000000
776.598190
485.999828
844.458535
567.831418
2.000000
824.499609
474.024473
992.154575
601.761591
9.000000
925.719884
483.304885
1278.637201
676.607557
2.000000
533.669561
466.040903
818.658950
718.853933
2.000000
277.772095
459.554237
427.464028
545.211290
4.000000
422.380740
471.529592
441.341719
524.420742
4.000000
263.707290
473.525485
276.680591
488.494679
4.000000
253.727828
470.531646
263.707291
489.492624
4.000000
245.744258
470.531646
256.721667
492.486463
4.000000
236.762742
475.521377
249.736044
514.441281
4.000000
224.787388
472.527538
235.764796
519.431011
4.000000
216.803818
473.525485
222.791494
515.439226
4.000000
203.830517
471.529592
214.807925
511.447440
4.000000
192.853108
471.529592
202.832571
510.449495
4.000000
179.879807
469.533700
192.853107
510.449495
4.000000
156.927044
470.531646
173.892130
508.453602
4.000000
146.947582
470.531646
155.929098
508.453602
4.000000
127.986604
465.541915
146.947582
522.424849
4.000000
114.015356
477.517269
125.990711
526.416635
4.000000
98.048217
477.016531
112.019465
527.414581
4.000000
78.089292
478.813204
96.052324
534.400204
4.000000
59.128314
479.711540
77.818359
542.383774
4.000000
42.163228
484.203221
59.128314
545.377613
4.000000
23.202250
486.498785
41.165281
548.371452
4.000000
1.247433
481.509054
25.198142
550.367344
2.000000
195.846947
481.509054
279.674429
544.379667
