6.000000
52.117151
417.682686
66.044481
445.840280
6.000000
23.959561
457.103315
40.854117
467.240048
6.000000
738.036104
301.673407
752.678052
347.851858
6.000000
749.299141
373.756842
765.067392
395.156612
6.000000
732.404586
380.514664
749.299143
396.282916
6.000000
847.356444
242.324834
870.939940
283.652549
7.000000
873.192549
252.116043
905.855356
288.157761
2.000000
302.156575
458.229620
337.071989
512.292197
2.000000
30.607005
457.103315
180.515774
525.824640
2.000000
636.668773
432.324634
763.941089
541.576092
2.000000
384.376744
405.293346
644.552899
630.554085
2.000000
682.847222
424.440510
1007.222686
614.785833
2.000000
1102.958503
507.262151
1279.356147
718.405773
2.000000
171.505345
443.587671
311.167003
522.428930
1.000000
316.798523
284.778850
738.036106
514.544804
