2.000000
224.203440
385.664566
252.422798
410.748439
2.000000
239.880863
388.800050
269.667963
406.045213
2.000000
252.422799
388.800050
285.345384
423.290376
2.000000
274.371191
398.206503
307.293773
427.993604
2.000000
293.184094
398.206503
344.919584
438.967799
2.000000
338.648615
395.071018
407.629270
443.671024
2.000000
388.816366
388.800050
471.906700
448.374250
2.000000
442.119598
395.071018
583.216391
478.161352
2.000000
547.158323
390.367792
797.997065
517.354905
2.000000
763.506737
398.206503
1208.745505
605.148464
2.000000
1138.197108
495.406517
1279.356147
664.722666
7.000000
515.803477
305.709716
542.455095
330.793590
7.000000
506.397025
268.083906
550.293805
310.412943
2.000000
37.357000
362.137252
150.419423
406.012222
