2.000000
358.105434
260.905386
417.340918
306.678261
2.000000
506.194147
258.212864
523.695541
283.791824
2.000000
522.349279
247.442776
553.313283
290.523129
2.000000
550.620761
220.517557
605.817463
293.215652
2.000000
301.562471
264.944171
321.756386
289.176869
2.000000
14.808871
270.329219
117.124711
349.758618
2.000000
187.130283
266.290436
236.941942
310.717050
4.000000
376.953088
252.827825
420.033441
325.525921
4.000000
390.415698
301.293222
415.994658
363.221230
4.000000
721.595912
274.368002
737.751044
301.293222
2.000000
1180.670923
159.935812
1278.947978
336.296004
7.000000
961.230375
104.739107
996.233161
122.240500
7.000000
935.651415
123.586761
961.230376
141.088155
7.000000
942.382720
137.049371
992.194380
155.897026
7.000000
1086.432651
81.852671
1120.089175
118.201717
7.000000
1090.471434
118.201717
1125.474218
165.320853
2.000000
134.626103
273.627554
150.781235
289.782687
6.000000
726.980956
157.849106
747.174871
184.774325
6.000000
784.870180
159.195367
807.756618
182.081804
