6.000000
36.987700
5.491524
64.445321
66.996598
6.000000
64.445321
8.786439
98.492771
69.193206
6.000000
18.316516
12.081355
45.774138
65.898294
6.000000
1013.014639
235.037244
1047.062089
262.494864
7.000000
679.125054
280.538441
698.894542
302.504538
7.000000
620.914895
306.897757
635.192860
318.979109
7.000000
586.867445
307.996061
598.948799
317.880805
7.000000
331.433103
284.931659
351.202591
295.914708
7.000000
19.357606
174.002866
40.225398
191.575744
7.000000
487.235485
297.013014
496.021923
309.094367
7.000000
786.758933
238.802854
809.823334
257.474037
6.000000
561.606431
294.816404
570.392870
303.602842
2.000000
541.189727
313.566042
554.369386
322.352481
2.000000
531.579560
316.311803
542.562609
323.999938
2.000000
524.989732
317.410109
534.874476
327.294854
2.000000
516.203291
315.213499
529.382950
328.393158
2.000000
508.515159
317.410109
519.498205
330.589768
2.000000
506.318549
318.508413
516.203293
332.786378
2.000000
490.942280
318.508413
512.908377
334.982986
2.000000
489.843976
326.196548
503.023634
340.474512
2.000000
472.271097
325.098244
495.335498
343.769427
2.000000
440.859577
331.688074
474.907031
352.555865
2.000000
403.517213
327.294854
441.957881
360.244000
2.000000
340.913835
321.803329
409.008737
366.833830
2.000000
577.049381
316.311803
586.934126
326.196548
2.000000
580.344297
318.508413
594.622260
331.688072
2.000000
585.835822
320.705023
603.408699
331.688072
2.000000
588.032432
323.999938
599.015480
342.671121
2.000000
593.523954
325.098244
609.998527
349.260953
2.000000
606.703613
318.508413
625.374796
352.555863
2.000000
624.276492
317.410109
656.127334
359.145696
2.000000
640.751065
316.311803
715.435796
370.128742
2.000000
659.422241
320.705023
743.991716
375.620267
2.000000
1114.779449
288.854182
1278.426877
396.488060
4.000000
983.806594
299.288079
1032.132007
398.135519
2.000000
565.352435
311.369432
578.532093
323.450786
