2.000000
587.564778
299.658037
594.279804
314.766846
2.000000
594.279804
297.979282
604.352343
316.445602
2.000000
606.031100
303.015550
616.103639
321.481872
2.000000
611.067371
303.015550
629.533695
321.481872
2.000000
629.533691
292.943011
664.787579
328.196898
2.000000
644.642500
287.906741
708.435249
344.984463
2.000000
671.502605
294.621769
721.865301
355.057003
2.000000
698.362709
276.155447
789.015559
366.808298
2.000000
730.259080
286.227986
867.917116
397.025914
2.000000
831.823851
235.865292
1242.946122
473.162689
2.000000
577.492240
291.264256
589.243536
309.730576
2.000000
542.238353
292.943011
582.528510
329.875655
2.000000
505.305711
294.621769
525.450788
313.088089
2.000000
465.015554
301.336795
481.803118
319.803115
2.000000
359.253892
291.264256
416.331614
339.948194
2.000000
223.274616
299.658037
330.715031
365.129542
2.000000
0.000000
297.979282
75.544042
417.170995
7.000000
513.699492
225.792751
525.450786
245.937829
7.000000
535.523327
235.865292
547.274621
252.652856
7.000000
550.632136
261.046638
562.383431
279.512958
7.000000
520.414520
259.367880
530.487059
274.476689
2.000000
1178.757385
363.124854
1277.791436
546.521246
