2.000000
577.077326
355.124507
589.322998
368.900890
2.000000
566.362362
356.655217
580.138743
371.962308
2.000000
607.691507
352.063090
624.529306
365.839470
2.000000
618.406472
350.532379
629.121434
367.370179
2.000000
624.529308
350.532379
641.367108
370.431597
2.000000
642.897816
355.124507
658.204905
378.085145
2.000000
653.612778
353.593800
679.634833
379.615853
2.000000
670.450580
341.348126
717.902560
390.330817
2.000000
690.349797
349.001671
730.148234
394.922944
2.000000
710.249016
349.001671
756.170287
401.045778
2.000000
733.209651
352.063090
786.784469
410.230035
2.000000
768.415961
350.532379
860.258506
420.944999
2.000000
825.052197
349.001671
972.000271
445.436344
2.000000
459.825022
356.655217
476.662822
385.738691
2.000000
447.579350
358.185928
467.478569
385.738691
2.000000
430.741550
356.655217
453.702187
385.738691
2.000000
400.127370
356.655217
432.272261
391.861525
2.000000
369.513188
359.716636
416.965168
396.453653
2.000000
338.899006
364.308762
384.820279
402.576491
2.000000
465.335562
359.716636
505.133998
385.738691
2.000000
551.055271
356.655217
572.485198
371.962308
2.000000
270.935509
364.308762
355.124509
410.230035
2.000000
0.000000
350.532379
153.070910
454.620596
2.000000
938.936991
306.141818
1277.223695
512.787545
7.000000
827.260931
286.983430
843.420707
296.965462
4.000000
596.023505
356.857657
606.005538
374.326212
7.000000
590.187662
358.354957
595.178677
377.071268
