6.000000
601.540163
67.856664
616.211873
102.701979
6.000000
458.490978
161.388825
476.830616
183.396391
6.000000
843.623400
159.554861
863.797002
183.396391
7.000000
825.283760
110.037835
874.800786
126.543509
2.000000
596.038271
230.468132
616.211873
248.807770
2.000000
585.034488
230.468132
599.706199
250.641734
2.000000
568.528813
230.468132
596.038271
252.475698
2.000000
550.189173
223.132276
574.030703
248.807770
2.000000
506.174040
212.128492
557.525029
248.807770
2.000000
298.936117
204.792636
359.456926
248.807770
2.000000
198.068101
210.905851
339.283324
295.268191
2.000000
38.513242
190.732247
214.573779
324.611612
2.000000
0.000000
242.083235
51.350990
326.445576
2.000000
781.268626
220.686988
816.113941
246.362483
2.000000
764.762951
231.690772
777.600698
250.030411
6.000000
391.986867
157.720897
410.326505
172.392609
6.000000
923.836401
141.215221
938.508113
170.558643
