6.000000
262.345881
335.708722
275.712963
351.506186
6.000000
405.738228
324.772017
420.320499
341.784670
6.000000
128.675048
396.468191
140.826942
413.480841
2.000000
447.821467
399.607433
473.340443
433.632736
2.000000
464.834117
391.101107
514.656883
444.569440
2.000000
475.770822
392.316296
568.125214
501.683340
2.000000
40.101250
411.949200
130.025264
512.809919
2.000000
518.885865
341.468216
819.037642
594.227608
4.000000
39.053145
420.698564
56.065797
496.040303
4.000000
6.243032
424.344128
25.323142
503.905266
2.000000
0.000000
426.774508
45.129092
469.306135
2.000000
694.953301
392.822624
1278.244203
718.493378
2.000000
1.080164
396.468191
549.130575
718.493373
6.000000
675.510271
325.987205
685.231789
338.139098
