2.000000
22.528888
371.963727
266.263013
556.966736
2.000000
601.764503
386.646506
622.320393
425.555869
2.000000
618.144978
379.549826
668.066424
474.987887
2.000000
629.891200
383.954660
719.456150
497.012056
2.000000
669.534703
360.462214
1036.604166
579.235614
2.000000
876.596292
310.575179
1278.352554
713.617451
2.000000
213.101030
312.393320
629.357803
651.565505
2.000000
1.468278
391.296048
139.486395
680.546786
7.000000
1257.780726
179.514174
1277.602476
226.499066
7.000000
632.460687
330.362518
648.611743
351.652544
