7.000000
306.460959
193.077511
377.873187
212.914244
7.000000
227.114038
212.914240
266.787499
243.330563
7.000000
283.979331
251.265254
310.428304
275.069326
7.000000
276.044639
279.036676
310.428304
306.808100
7.000000
1029.575903
251.265254
1081.151401
304.163199
7.000000
581.530289
272.424432
602.689468
293.583611
7.000000
440.292765
298.873407
464.096841
308.130549
7.000000
498.480508
304.163201
506.415202
320.032584
6.000000
231.081384
251.265254
249.595660
279.036677
6.000000
466.477252
179.853022
488.958883
223.493831
6.000000
846.020027
190.432614
860.566966
214.236690
6.000000
475.734393
297.550958
486.313978
320.032584
6.000000
490.281328
293.583611
506.150713
310.775446
6.000000
527.309892
298.873407
539.211931
313.420345
6.000000
576.240493
302.840751
586.820083
314.742790
6.000000
625.171094
309.452996
637.073137
320.032586
2.000000
694.996382
325.322380
725.412704
357.061148
2.000000
519.110704
322.677483
540.269882
342.514214
2.000000
661.935164
338.546868
692.351485
358.383599
2.000000
888.073890
325.322380
1074.539156
443.020315
2.000000
566.718857
333.257072
589.200487
362.350944
2.000000
687.061691
326.644829
893.363690
448.310109
2.000000
889.396342
320.032586
1036.188148
376.897881
2.000000
593.961300
338.546868
658.761288
378.220329
2.000000
1116.857516
320.032586
1231.942338
403.472060
