6.000000
602.669112
312.524780
611.106606
329.399768
6.000000
719.106532
309.149782
730.919025
326.024770
6.000000
708.981539
331.087267
719.106532
344.587258
7.000000
572.294133
319.274775
592.544119
329.399768
7.000000
563.856639
327.712270
580.731627
342.899759
7.000000
855.793938
304.087285
876.043925
327.712269
7.000000
754.544007
336.149764
768.043998
347.962257
7.000000
540.231656
331.087267
555.419144
341.212259
2.000000
631.356592
353.024752
651.606578
371.587239
2.000000
614.481604
354.712250
634.731591
373.274738
2.000000
568.919136
361.462245
585.794123
374.962237
2.000000
555.419144
361.462245
570.606634
380.024733
2.000000
538.544156
359.774748
558.794142
380.024734
2.000000
523.356666
354.712250
548.669148
388.462228
2.000000
486.231692
356.399750
525.044164
398.587222
2.000000
727.544026
349.649755
746.106513
369.899743
2.000000
742.731516
353.024752
766.356498
368.212242
2.000000
589.169121
354.712250
614.481603
378.337234
2.000000
432.231729
368.212242
494.669187
408.712214
2.000000
309.044314
366.524743
408.606745
430.649699
2.000000
769.731497
344.587258
784.918987
369.899740
2.000000
779.856490
346.274757
800.106476
368.212242
2.000000
783.231488
349.649755
820.356462
374.962238
2.000000
811.918968
341.212260
852.418941
374.962238
2.000000
838.918948
342.899759
882.793918
380.024734
2.000000
870.981427
339.524762
914.856397
381.712233
2.000000
887.856416
358.087249
936.793882
395.212223
2.000000
923.293891
359.774748
963.793864
401.962219
2.000000
946.918875
347.962255
1053.231301
415.462208
2.000000
0.000000
359.774748
278.669335
540.337122
2.000000
1043.106309
332.774765
1279.356146
455.962181
2.000000
671.856564
349.649755
692.106551
374.962238
