2.000000
326.642910
269.772043
364.313781
290.430262
2.000000
287.756848
261.265716
337.579615
289.215072
2.000000
259.807494
258.835337
302.339123
287.999880
2.000000
446.703626
280.708749
490.450443
298.936591
2.000000
557.285858
290.430262
580.374456
305.012537
2.000000
953.437633
347.544164
971.665474
364.556814
2.000000
926.703469
335.392269
959.513581
370.632759
2.000000
966.804715
347.544164
987.462936
368.202383
2.000000
978.956609
347.544164
1009.336343
369.417572
2.000000
1003.260398
349.974542
1032.424943
370.632761
2.000000
1036.070510
351.189731
1107.523634
401.012496
2.000000
1015.412291
349.974542
1056.728731
387.645414
2.000000
1107.523634
363.341626
1135.472987
407.088445
2.000000
765.083243
319.594806
778.450327
332.961890
2.000000
720.121233
309.873293
738.349073
326.885945
2.000000
596.171918
296.506209
678.804795
359.696057
2.000000
675.159226
303.797345
715.260475
339.037836
2.000000
728.627561
315.949238
769.944000
351.189731
2.000000
807.371856
326.885943
864.485756
374.278329
2.000000
768.485796
320.809998
797.650339
343.898597
2.000000
852.333863
330.531512
870.561701
348.759349
2.000000
1131.341314
373.063138
1223.695710
422.885906
2.000000
191.140714
259.645472
264.101172
281.561859
6.000000
742.237696
283.139127
749.528833
294.075828
6.000000
796.921217
300.151778
802.997166
311.088481
6.000000
857.437634
295.291019
865.943962
314.734048
2.000000
318.622652
252.759391
356.293523
270.987233
9.000000
351.432765
247.898635
410.977048
281.923936
