7.000000
962.018367
207.127171
989.468956
227.091236
7.000000
975.743661
142.243961
1023.158314
153.473747
7.000000
976.991415
158.464763
990.716710
173.437812
7.000000
788.580555
247.055300
818.526652
278.249152
6.000000
26.202835
210.870433
62.387701
238.321021
6.000000
1001.946496
233.330006
1030.644839
257.037333
6.000000
979.486924
232.082252
1003.194250
257.037333
2.000000
401.776802
311.938511
511.579158
385.555999
2.000000
706.228788
309.443003
772.359753
359.353164
2.000000
491.615093
314.434019
526.552207
358.105410
2.000000
522.808944
316.929527
549.011779
345.627870
2.000000
532.790976
308.195249
566.480335
341.884608
2.000000
688.760232
319.425035
719.954083
351.866640
2.000000
666.300659
321.920543
690.007987
346.875624
2.000000
648.832102
316.929527
686.264722
346.875624
2.000000
635.106808
316.929527
661.309643
336.893592
2.000000
554.002795
311.938511
592.683170
334.398083
7.000000
0.000000
140.710418
25.946602
211.564600
6.000000
460.053210
1.995892
492.985436
38.919903
6.000000
411.153845
0.000000
447.079910
43.909634
