6.000000
114.793373
289.478937
126.023158
304.451985
7.000000
124.775404
203.383909
142.243961
230.834499
7.000000
123.527650
257.037333
137.252946
281.992415
7.000000
170.942303
268.267119
190.906368
273.258135
7.000000
173.437811
277.001397
183.419844
285.735676
7.000000
1059.343182
232.082252
1101.766820
279.496906
6.000000
279.496906
301.956478
290.726692
310.690757
2.000000
204.631662
309.443002
223.347973
320.672788
2.000000
185.915352
310.690757
202.136156
323.168298
2.000000
168.446797
310.690757
183.419844
323.168298
2.000000
162.208026
308.195249
172.190058
328.159313
2.000000
137.252944
306.947494
162.208026
326.911558
2.000000
117.288881
305.699739
133.509684
319.425035
2.000000
87.342783
305.699739
116.041126
318.177280
2.000000
57.396686
306.947494
88.590536
326.911558
2.000000
17.468557
301.956478
59.892194
334.398084
2.000000
2.495508
298.213217
18.716312
330.654822
2.000000
257.037333
311.938511
269.514874
326.911558
2.000000
263.276103
316.929527
291.974445
331.902574
2.000000
285.735676
319.425035
305.699739
335.645837
2.000000
227.091236
313.186265
253.294070
336.893592
2.000000
288.231184
324.416051
338.141347
360.600918
2.000000
57.396686
314.850277
162.208026
381.812737
2.000000
356.857655
334.398084
490.367338
426.731885
