4.000000
107.732974
233.260199
133.956017
292.699095
4.000000
16.826426
250.742228
69.272511
348.641587
4.000000
1149.661871
119.627014
1188.122334
194.799736
4.000000
1091.971178
128.368028
1121.690626
194.799736
4.000000
1118.194219
114.382406
1142.669060
193.051535
4.000000
469.610962
200.044346
478.351977
228.015591
4.000000
485.344790
200.044346
495.834007
226.267389
4.000000
814.006924
156.339273
826.244343
187.806925
4.000000
833.237156
151.094665
843.726374
184.310520
5.000000
209.128739
222.770983
242.344594
285.706284
0.000000
216.121551
248.994025
238.848188
297.943703
6.000000
294.790678
7.742032
314.020910
47.950696
7.000000
294.790678
182.562317
317.517315
207.037157
7.000000
817.503330
96.900377
834.985358
123.123420
7.000000
1030.784078
16.483047
1079.733758
33.965074
2.000000
259.826621
219.274576
371.711603
283.958083
2.000000
667.157886
179.065910
702.121942
205.288952
2.000000
546.531890
193.051533
569.258527
208.785359
2.000000
329.754736
205.288954
413.668472
262.979647
2.000000
396.186443
214.029968
432.898703
248.994025
2.000000
420.661284
215.778172
462.618153
243.749417
9.000000
841.978171
109.137798
973.093383
229.763794
9.000000
611.215394
154.591072
656.668668
205.288954
9.000000
567.510323
170.324896
609.467191
210.533562
9.000000
600.726176
166.828491
614.711799
201.792547
1.000000
712.611160
131.864435
789.532085
200.044346
9.000000
939.877530
82.914754
1050.014310
214.029968
2.000000
700.373739
173.821302
719.603969
194.799736
2.000000
651.424058
177.317709
670.654291
191.303331
6.000000
571.006728
133.612636
577.999539
151.094664
6.000000
1070.992744
65.432725
1093.719381
89.907564
7.000000
515.064236
180.814114
525.553454
194.799736
4.000000
81.231970
243.337328
103.169455
302.399787
