6.000000
646.336594
371.830705
655.070872
381.812736
2.000000
625.004505
392.301015
643.538410
405.686614
2.000000
600.292629
393.330677
617.796874
406.716276
2.000000
579.699401
393.330677
597.203645
409.805260
2.000000
566.313801
395.390000
580.729064
414.953566
2.000000
545.720573
389.212031
568.373123
415.983229
2.000000
528.216329
390.241692
549.839217
418.042552
2.000000
504.534115
393.330677
531.305311
420.101875
2.000000
483.940884
391.271354
510.712082
426.279843
2.000000
234.762811
343.906927
479.822241
497.326484
2.000000
733.118959
373.767109
766.068125
407.745937
2.000000
756.801171
377.885755
785.631692
405.686612
2.000000
765.038463
383.034062
783.572369
415.983230
2.000000
784.602031
382.004400
824.758828
421.131536
4.000000
941.110572
384.063725
955.525835
424.220522
4.000000
954.496171
371.707786
978.178385
446.873075
4.000000
986.415676
375.826432
1007.008906
443.784087
4.000000
1174.843723
367.589140
1219.119166
455.110364
