6.000000
524.041324
281.001517
543.340296
298.815953
6.000000
385.979445
237.949964
400.824808
263.187082
6.000000
241.979421
234.980891
255.340248
251.310791
6.000000
774.291752
276.547909
790.621652
295.846881
7.000000
543.340296
211.793846
605.690822
247.422717
7.000000
607.175358
214.762918
668.041347
250.391790
7.000000
541.855759
247.422717
604.206285
263.752617
7.000000
605.690822
247.422717
651.711448
263.752617
7.000000
307.299020
236.536114
383.010372
288.494885
7.000000
385.979445
285.525813
397.855736
309.278394
7.000000
394.886663
288.494885
409.732026
306.309321
4.000000
1165.361017
264.247466
1183.175453
285.030975
2.000000
329.567065
297.896953
368.165009
324.618606
2.000000
270.185612
290.474271
311.752629
326.103143
2.000000
200.412404
305.072215
270.185612
357.030987
2.000000
1029.632001
278.668672
1259.735131
345.472807
2.000000
814.374233
290.544963
994.003129
401.885187
9.000000
778.745361
233.284274
974.704157
384.706979
2.000000
894.539195
307.723171
1277.549567
554.156202
2.000000
531.464005
292.948494
570.061950
337.484584
2.000000
539.981537
250.886639
808.682612
507.711424
2.000000
151.422705
292.877808
176.659823
316.630389
2.000000
90.556716
297.331417
126.185588
321.083998
2.000000
476.536161
297.649534
509.195960
318.433042
