7.000000
1006.937512
0.000000
1088.041525
43.671392
2.000000
474.146535
378.069475
491.615092
395.538032
2.000000
466.660012
376.821721
476.642046
396.785785
2.000000
455.430226
380.564983
472.898782
403.024556
2.000000
439.209423
381.812736
462.916751
406.767818
2.000000
420.493111
376.821721
447.943700
409.263325
2.000000
406.767818
379.317229
434.218407
411.758833
2.000000
366.839689
376.821721
416.749848
420.493111
2.000000
343.132361
383.060492
384.308244
424.236376
2.000000
296.965462
383.060492
364.344180
441.704931
2.000000
534.038730
374.326213
546.516272
393.042522
2.000000
544.020762
376.821721
556.498302
400.529048
2.000000
551.507287
366.839689
577.710122
405.520064
2.000000
563.984827
361.848672
591.435416
416.749850
2.000000
585.196647
365.591935
676.282692
436.713914
2.000000
648.832101
356.857657
848.472749
501.597126
2.000000
499.101617
376.821721
536.534238
406.767818
2.000000
213.365941
384.308246
319.425035
460.421243
2.000000
788.580555
215.861449
1278.947894
641.345578
