6.000000
687.443637
394.691005
698.969331
408.777966
6.000000
786.052356
354.991390
796.297418
374.200882
3.000000
755.317170
433.109988
770.684763
453.600112
5.000000
751.475274
411.339231
764.281601
442.074415
2.000000
752.755907
406.216700
783.491093
438.232519
2.000000
778.368562
408.777966
820.629442
454.880744
2.000000
805.261848
406.216700
873.135383
489.457827
2.000000
835.543952
402.374802
1030.653209
568.012109
7.000000
907.712467
356.272023
933.325122
388.287842
7.000000
961.499042
367.797718
988.392330
398.532902
7.000000
969.182839
356.272023
981.989168
367.797718
2.000000
641.340858
420.303660
664.392249
439.513152
2.000000
519.680749
407.497331
595.238079
462.564539
2.000000
467.174806
427.987457
496.629359
462.564541
4.000000
291.728120
427.987457
307.095713
447.196948
4.000000
226.415852
420.303660
254.589772
470.248336
0.000000
125.245865
447.196946
168.787379
490.738460
5.000000
136.771558
430.548722
158.542315
472.809603
0.000000
52.544490
446.512195
106.544453
498.422256
2.000000
285.419330
427.987457
359.601657
480.262170
2.000000
345.514697
417.742393
444.123417
484.335298
2.000000
647.744022
412.619862
752.755905
495.860991
2.000000
962.106365
286.199803
1279.356147
718.199506
