2.000000
877.761011
306.405287
1079.885507
435.147004
2.000000
633.151749
312.842373
700.097441
363.051642
2.000000
490.248443
302.543034
567.493473
354.039721
2.000000
788.929227
302.543034
908.659023
384.937734
2.000000
738.719957
310.267538
794.078895
365.626477
2.000000
701.384860
315.417207
742.582209
356.614557
5.000000
449.051094
307.692704
473.512021
338.590716
0.000000
452.913345
323.141711
469.649767
352.752306
2.000000
585.517314
323.141711
606.115987
338.590716
6.000000
685.935853
280.656943
692.372939
293.531114
