1.000000
1.591044
171.606211
278.920816
580.869562
2.000000
515.862755
389.700497
542.787975
409.894413
2.000000
571.059459
392.393019
587.214591
405.855631
2.000000
549.519282
395.085541
572.405720
405.855631
2.000000
592.599635
389.700497
608.754768
396.431802
2.000000
612.793551
388.354235
622.217378
401.816848
2.000000
623.563639
393.739280
637.026249
404.509370
2.000000
682.799124
392.393019
704.339300
408.548152
2.000000
717.801911
399.124325
731.264521
411.240674
2.000000
739.342088
397.778063
758.189742
413.933196
7.000000
802.616356
369.506582
845.696709
396.431802
7.000000
794.538788
378.930409
808.001400
399.124325
7.000000
911.663499
387.007976
942.627503
396.431802
7.000000
960.128897
395.085541
985.707856
415.279457
7.000000
1044.943341
267.190743
1127.065264
408.548152
7.000000
1174.184400
416.625719
1193.032054
428.742067
6.000000
556.250588
372.199103
572.405720
381.622930
6.000000
645.103816
380.276670
655.873903
391.046758
2.000000
628.948684
377.584148
638.372510
388.354235
2.000000
615.486072
376.237887
627.602421
388.354235
2.000000
470.089879
377.584148
514.516493
407.201891
