9.000000
696.566467
250.484503
1169.592979
516.936145
2.000000
0.000000
271.441374
144.702204
449.075801
2.000000
45.905526
293.396191
351.277072
467.038834
2.000000
318.022588
309.363330
358.938384
375.227781
2.000000
357.940437
322.336632
414.823372
360.258588
2.000000
408.835694
325.330470
436.778189
353.272964
2.000000
416.819264
319.342793
445.759705
347.285286
2.000000
437.776135
319.342793
451.747382
345.289393
2.000000
447.755597
323.334577
462.724792
342.295556
2.000000
504.638532
325.330470
512.622100
336.307878
2.000000
494.659070
323.334577
504.638533
336.307877
2.000000
486.675500
319.342793
499.648801
335.309932
2.000000
461.726844
323.334577
492.663178
347.285286
9.000000
506.634426
239.507093
644.351004
393.190812
9.000000
623.394133
281.088185
758.116875
434.771903
7.000000
662.314036
243.498880
682.272960
253.478343
7.000000
337.981512
263.457803
356.942491
271.441373
7.000000
754.790391
225.535847
772.753422
251.482449
