2.000000
357.264748
196.595407
944.057130
487.995705
2.000000
1094.747010
307.367439
1278.369116
514.940254
6.000000
51.893203
76.841858
114.763815
144.702202
6.000000
1126.681290
200.587192
1154.623783
227.531740
6.000000
815.322067
166.657020
827.297422
189.609782
6.000000
513.942308
31.934280
534.899178
81.831592
6.000000
493.983382
35.926064
511.946414
85.823375
6.000000
829.293315
170.648805
840.270724
191.605676
6.000000
1158.615569
257.470126
1170.590925
272.439320
7.000000
1081.773710
261.461911
1108.718258
272.439320
7.000000
453.067587
57.880881
484.003920
89.815160
7.000000
399.178491
140.710417
419.137415
155.679610
7.000000
387.203136
171.646751
420.135360
186.615944
7.000000
510.948468
184.620051
531.905339
190.607729
7.000000
508.952577
151.687826
532.903285
179.630320
7.000000
935.075614
216.554331
958.028378
240.505041
7.000000
0.000000
32.691152
44.919146
72.619281
7.000000
0.000000
2.745055
27.450589
30.195644
