2.000000
492.412107
412.892919
526.575387
436.035788
2.000000
582.779494
413.994962
610.330526
429.423541
2.000000
527.677428
399.668425
565.146832
436.035788
5.000000
558.534583
397.065951
580.575410
424.618714
2.000000
627.963186
413.994962
647.799930
427.219458
6.000000
597.936128
382.294594
610.058583
395.475402
6.000000
621.918641
373.110340
634.041095
385.347117
7.000000
148.285767
338.736118
185.215799
371.962308
2.000000
605.778121
400.663103
619.554502
411.378067
2.000000
619.554502
397.601685
647.107266
411.378067
2.000000
588.940321
400.663103
607.308830
412.908776
3.000000
560.851823
413.903751
582.281750
447.579351
6.000000
664.633880
397.065951
672.287426
412.373042
