2.000000
683.844284
182.537058
696.089955
197.844150
2.000000
705.274212
182.537058
717.519883
199.374859
2.000000
714.458465
182.537058
726.704138
202.436280
2.000000
719.050594
182.537058
735.888394
208.559112
2.000000
729.765558
181.006349
777.217538
222.335493
2.000000
644.045847
182.537058
660.883648
199.374859
2.000000
656.291521
181.006349
686.905701
203.966985
2.000000
546.463144
181.006349
564.831654
199.374859
2.000000
529.625343
179.475640
546.463144
199.374859
2.000000
506.664707
177.944933
532.686761
202.436280
2.000000
495.949744
182.537058
518.910380
205.497695
2.000000
468.396980
181.006349
502.072580
207.028404
2.000000
399.515070
165.699260
476.050525
219.274078
7.000000
786.401793
127.431532
821.608100
153.453585
7.000000
872.121503
127.431532
901.204976
158.045712
2.000000
585.386889
170.346054
637.430998
214.736621
9.000000
0.000000
83.236663
445.714665
455.198969
6.000000
314.073681
14.493901
332.442193
55.823046
6.000000
1042.691206
0.000000
1087.081770
29.800993
