9.000000
184.620052
390.196975
263.457804
428.118930
4.000000
72.850075
383.211351
93.806944
416.143578
2.000000
59.876774
401.174383
118.755601
417.141523
2.000000
575.814973
368.242158
612.738983
385.207243
2.000000
539.888909
375.227781
574.817027
392.192867
2.000000
777.400111
351.277072
796.361089
371.235995
2.000000
835.280992
356.266803
853.244024
373.231889
2.000000
818.315906
346.287341
834.283044
363.252427
2.000000
638.685585
362.254480
683.593165
377.223674
2.000000
745.465831
356.266803
773.408327
378.221620
2.000000
799.354928
352.275018
818.315906
376.225727
1.000000
849.252239
329.322255
912.122851
378.221620
6.000000
921.104367
292.398244
932.081777
307.367439
6.000000
855.239916
297.387976
861.227595
307.367438
6.000000
746.463778
290.402352
755.445294
307.367438
6.000000
703.552090
299.383868
710.537712
313.355115
