2.000000
512.525626
240.349215
823.034048
376.543217
1.000000
978.161401
247.418308
1213.797885
371.127461
2.000000
1139.179665
294.545604
1274.670643
359.345637
2.000000
206.451916
278.836506
261.433763
325.963803
4.000000
877.091350
276.218317
910.473186
315.491064
4.000000
926.182284
284.072867
947.782294
313.527428
4.000000
949.745932
282.109229
977.236856
311.563789
4.000000
1142.182394
307.636515
1277.673373
502.036614
4.000000
1232.509713
280.145591
1277.673373
386.182009
2.000000
468.654779
284.072867
505.963890
311.563790
1.000000
1.309086
229.091020
209.454647
350.836537
2.000000
1.309086
329.236526
229.091020
665.018516
2.000000
641.454867
306.417760
1280.000000
720.000000
6.000000
319.418339
209.454647
335.127438
256.581944
6.000000
341.018350
225.163746
350.836537
256.581944
6.000000
397.963834
93.600042
429.382031
144.654614
6.000000
103.418229
115.200053
119.127328
166.254625
6.000000
193.745548
234.981933
217.309196
272.291043
6.000000
1042.036888
209.454647
1063.636899
252.654669
6.000000
1042.036888
174.109174
1069.527812
201.600097
6.000000
906.545911
225.163746
926.182285
266.400130
7.000000
272.291043
278.836506
299.781967
306.327430
7.000000
323.345614
189.818273
339.054712
209.454647
6.000000
1054.753783
0.000000
1099.917442
65.922106
7.000000
398.898903
76.862369
422.462551
96.498742
7.000000
224.135179
263.407926
243.771552
286.971574
