7.000000
901.417067
366.123615
950.366747
425.562513
6.000000
679.395305
443.044541
689.884522
458.778365
6.000000
716.107565
444.792744
724.848579
458.778366
2.000000
112.977582
488.497815
308.776300
575.907957
6.000000
228.321586
2.330928
342.647758
88.935684
6.000000
720.259573
68.762636
767.461050
177.151213
2.000000
667.813488
481.338522
685.295516
497.072346
2.000000
638.094039
483.086725
659.072473
498.820551
2.000000
706.273949
481.338522
727.252384
491.827738
7.000000
767.461050
496.489609
777.950267
510.475231
7.000000
410.827669
459.777350
430.057900
468.518362
7.000000
444.043523
466.770160
459.777350
475.511175
2.000000
586.740555
481.505003
619.956406
500.735235
2.000000
509.535332
484.790574
553.628080
512.226062
6.000000
1056.285403
379.947819
1070.982985
407.383306
