7.000000
965.761630
150.978239
985.725695
169.694550
7.000000
969.504892
174.685566
1006.937513
185.915352
7.000000
944.549810
249.550809
995.707725
264.523856
7.000000
945.797564
192.154123
995.707725
243.312038
7.000000
27.450590
249.550809
42.423637
259.532840
7.000000
0.000000
258.285087
24.955081
267.019365
4.000000
177.181074
351.866640
197.145140
396.785787
7.000000
661.309643
311.938510
671.291675
328.159313
4.000000
774.855261
335.645837
792.323816
383.060491
2.000000
546.516271
339.389100
598.921941
385.555999
2.000000
693.751248
343.132362
749.900180
389.299261
9.000000
491.615093
325.663805
531.543222
365.591935
2.000000
464.164504
354.362148
482.880815
369.335197
2.000000
0.000000
351.866640
21.211819
406.767818
2.000000
29.946097
354.362148
91.086045
401.776802
2.000000
1125.474147
309.443003
1278.947894
390.547015
2.000000
1014.424037
323.168298
1197.843880
406.767818
2.000000
984.477939
334.398084
1074.316231
391.794769
2.000000
682.521461
346.875624
701.237772
381.812737
2.000000
670.043922
341.884608
711.219805
376.821721
2.000000
660.061889
344.380116
676.282691
374.326213
2.000000
653.823118
349.371131
663.805151
371.830705
2.000000
645.088840
345.627869
661.309643
365.591935
2.000000
597.674186
346.875624
616.390497
365.591935
2.000000
807.296866
330.654822
948.293072
376.821721
2.000000
793.571571
334.398084
819.774406
376.821721
2.000000
767.368736
336.893592
773.607505
369.335197
2.000000
756.138950
338.141346
766.120981
371.830705
2.000000
924.585746
321.920543
1005.689758
368.087443
2.000000
1010.680775
318.177281
1089.289279
356.857657
2.000000
1085.546017
320.672789
1145.438211
326.911558
6.000000
908.364943
277.001397
940.806548
284.487922
2.000000
87.286868
360.476808
134.921304
399.099323
2.000000
476.086854
343.740385
492.823277
364.339059
7.000000
441.326590
332.153630
455.488179
342.452967
