2.000000
228.665927
320.378224
305.016375
367.363116
2.000000
510.281601
326.251336
532.305769
337.997559
2.000000
457.423600
321.846503
491.193991
339.465836
2.000000
404.565596
323.314780
436.867709
337.997559
7.000000
603.951618
327.425962
621.570951
339.172185
7.000000
623.039230
345.045295
637.722010
356.791519
2.000000
653.873066
354.344382
677.365513
367.558884
2.000000
700.857956
349.939549
727.286957
366.090605
2.000000
21.045308
319.595143
78.308144
343.087590
2.000000
79.776423
321.063420
144.380648
340.151032
