2.000000
559.061786
152.251135
634.961008
210.195704
2.000000
93.056884
125.319154
128.150072
146.538292
2.000000
152.633693
131.848120
184.462399
149.802774
2.000000
200.784812
134.296483
247.303691
151.435017
2.000000
311.777223
131.848120
355.847739
152.251135
2.000000
260.361622
134.296483
272.603431
148.986654
2.000000
0.019128
132.664241
27.767231
146.538292
6.000000
245.671449
91.042085
255.464897
100.019413
6.000000
340.341447
93.490448
352.583256
100.019414
6.000000
372.170152
91.042085
380.331359
95.938809
6.000000
364.825067
100.835534
374.618515
104.916136
6.000000
343.605929
103.283896
357.479981
108.180620
7.000000
766.356435
136.744844
776.149883
147.354412
7.000000
778.598244
136.744844
791.656175
147.354412
2.000000
642.306094
149.802774
668.421955
161.228464
2.000000
690.457213
154.699498
714.940833
169.389670
