7.000000
149.267239
213.322864
164.546564
236.829517
7.000000
684.043567
233.891185
698.147557
250.345842
7.000000
808.628822
178.650554
833.310806
204.507870
6.000000
606.471617
223.313192
612.348279
238.592516
6.000000
607.646948
242.118514
614.698943
256.222504
6.000000
611.172948
273.852492
615.874278
285.605818
7.000000
794.524831
182.176552
806.278156
204.507872
7.000000
801.576825
210.384535
816.856150
218.611863
7.000000
937.915407
240.943182
948.493401
258.573170
7.000000
535.559890
260.923835
559.066542
266.800498
6.000000
515.579234
260.923835
519.105231
272.677160
6.000000
597.852517
223.313192
604.904513
237.417183
2.000000
124.977026
271.110051
217.828301
343.980672
2.000000
224.880295
314.597357
250.737613
343.980672
2.000000
877.385778
281.492154
907.944426
293.245480
2.000000
866.807786
283.842820
877.385779
292.070148
2.000000
799.813828
290.894816
820.969815
317.927466
1.000000
623.318061
259.356732
679.734026
299.318041
2.000000
640.948051
287.564713
745.552651
378.065322
9.000000
237.808973
179.434115
497.557475
414.500632
2.000000
0.000000
264.472789
269.467954
585.338586
2.000000
906.498215
253.894795
1277.903315
687.592520
2.000000
401.105203
279.752111
674.957695
493.662641
