6.000000
583.948892
27.450589
617.638251
97.324815
6.000000
1217.807946
177.181074
1242.763027
204.631663
6.000000
1164.154522
192.154123
1205.330405
224.595728
7.000000
1086.793771
189.658614
1135.456179
227.091237
7.000000
1086.793771
127.270912
1130.465163
170.942304
7.000000
900.878419
182.172090
924.585746
234.577760
2.000000
610.151727
301.956478
636.354562
321.920543
2.000000
197.145139
313.186265
253.294071
359.353164
2.000000
248.303055
316.929527
296.965461
346.875624
2.000000
746.156918
304.451986
767.368735
321.920543
2.000000
719.954083
306.947495
754.891196
323.168297
2.000000
714.963066
296.965462
756.138950
320.672789
2.000000
72.369734
306.947495
127.270912
333.150328
2.000000
127.270912
300.708724
192.154124
330.654821
2.000000
541.525255
303.204232
561.489318
320.672789
4.000000
803.553604
288.231184
827.260929
336.893592
4.000000
437.961669
306.947495
451.686963
339.389100
