6.000000
672.013604
273.150285
686.389935
287.526614
6.000000
704.759691
316.279278
720.733392
329.856924
6.000000
451.576532
321.071388
464.355492
336.246404
7.000000
576.051589
295.114124
593.622659
300.704919
2.000000
309.019800
357.810925
356.413202
403.335973
2.000000
560.876573
351.022077
576.051589
359.008928
2.000000
574.454219
350.223392
589.629234
361.404984
2.000000
641.543762
348.626022
651.926669
359.807613
2.000000
650.329298
350.223392
662.309574
361.404984
2.000000
660.712203
348.626022
670.296424
363.801037
2.000000
670.296424
350.223392
692.659605
366.197094
2.000000
693.458290
345.431282
736.587282
381.372108
2.000000
732.593857
351.022077
760.547834
389.358958
2.000000
745.372818
347.028652
785.307070
394.949756
2.000000
766.138629
354.216817
826.838694
404.533974
2.000000
817.254472
343.035227
889.136126
424.501101
2.000000
853.993984
324.665471
1030.503378
442.870858
2.000000
982.981619
342.236542
1225.781873
490.791960
2.000000
595.619372
351.820762
608.398333
360.606299
2.000000
623.972691
349.424707
638.349022
357.411558
2.000000
611.193731
344.632597
623.174006
355.015502
2.000000
524.935746
347.028652
569.662108
378.177369
2.000000
496.981769
352.619447
522.539690
369.391835
2.000000
468.229108
351.022077
495.384400
375.781314
2.000000
348.426351
351.820762
433.885651
403.735290
2.000000
242.201240
359.807613
314.082893
406.131344
2.000000
78.470806
360.606298
185.494602
433.286637
2.000000
0.000000
365.398408
98.437933
444.468229
7.000000
742.617369
312.126118
756.195016
328.099820
2.000000
1165.680823
353.018790
1279.892785
539.112406
