6.000000
386.181779
268.277310
404.181777
309.902305
6.000000
353.556783
356.027300
373.806780
387.527296
6.000000
876.681718
308.777305
892.431715
340.277301
6.000000
378.306780
376.277297
392.931778
401.027295
6.000000
903.681715
374.027297
922.806713
392.027295
6.000000
626.931749
369.527298
638.181747
383.027296
6.000000
201.681802
206.402318
229.806798
257.027312
7.000000
754.056733
377.402297
769.806730
390.902295
7.000000
446.931772
377.402297
462.681769
394.277293
2.000000
665.181744
406.652293
688.806742
428.027291
2.000000
613.431752
406.652293
664.056745
455.027287
7.000000
351.866640
339.389100
381.812737
351.866640
7.000000
887.153124
339.389100
914.603713
346.875624
7.000000
895.887403
308.195249
930.824516
319.425035
7.000000
1240.267518
219.604712
1275.204632
247.055300
7.000000
1216.560192
247.055300
1276.452386
272.010381
4.000000
751.147934
410.511080
762.377720
439.209423
6.000000
1260.231583
301.956478
1276.452386
334.398083
6.000000
405.520064
268.267119
427.979637
311.938511
