2.000000
1043.953338
386.275358
1278.748165
628.644211
2.000000
727.106558
449.392249
910.145533
555.428621
2.000000
679.137724
462.015626
768.763704
522.607839
2.000000
643.792267
459.490950
720.794869
512.509136
2.000000
632.431225
445.605234
676.613049
482.213029
2.000000
188.088328
436.768871
237.319502
502.410436
2.000000
231.007812
429.194842
374.914319
545.329916
2.000000
350.929901
450.654585
408.997439
506.197445
2.000000
350.929901
421.620815
692.377057
678.895909
6.000000
555.428619
376.176655
561.740310
395.111722
6.000000
407.735103
367.340292
414.046793
383.750682
6.000000
397.636400
366.077954
406.472761
381.226009
6.000000
411.522114
364.815617
422.883153
383.750685
6.000000
545.329916
377.438993
557.953294
391.324708
6.000000
559.215634
377.438993
569.314335
390.062371
7.000000
569.314335
391.324709
617.283170
398.898738
