7.000000
733.494174
213.440618
758.062878
261.042479
7.000000
801.058111
279.469008
834.840079
322.464241
7.000000
583.010861
300.966625
595.295213
316.322064
7.000000
556.906614
304.037714
569.190966
316.322066
7.000000
524.660188
304.037714
536.944540
316.322066
7.000000
424.849829
279.469008
449.418533
304.037714
7.000000
429.456462
251.829217
450.954078
277.933465
2.000000
461.702885
310.179889
484.736046
331.677504
2.000000
387.996774
302.502168
427.920919
337.819679
2.000000
306.612938
294.824449
374.176875
343.961857
2.000000
260.546620
296.359992
305.077395
336.284136
2.000000
495.484852
308.644344
520.053556
334.748593
2.000000
518.518013
313.250977
572.262053
356.246209
2.000000
610.650652
300.966625
695.105575
377.743822
