4.000000
405.631816
401.879813
424.352926
470.024648
4.000000
417.855458
375.670264
473.269980
538.169485
4.000000
329.249693
392.893683
356.208090
482.006160
4.000000
338.984671
386.902927
413.120261
535.174108
4.000000
279.077124
390.147904
303.040143
469.525406
4.000000
288.812098
391.895216
315.770496
492.240359
4.000000
219.918419
367.183352
279.825967
528.184886
4.000000
164.503938
354.452997
219.918421
532.677952
4.000000
1081.588650
432.832034
1101.807448
487.497669
4.000000
677.462327
415.359001
688.694993
455.047753
4.000000
756.090982
418.354377
768.072492
449.056996
4.000000
747.853695
419.852068
754.593295
444.563930
6.000000
582.608706
329.741135
592.343680
358.946062
6.000000
727.884509
370.178728
732.377575
385.155616
6.000000
752.596373
384.406773
760.833658
400.881347
2.000000
671.221949
418.853611
681.705771
433.081654
2.000000
419.111019
404.625569
678.960007
632.274249
2.000000
699.678035
415.858235
749.101762
457.044673
2.000000
707.915322
417.106302
726.386831
442.567009
2.000000
642.508930
421.749461
675.458107
454.698637
1.000000
769.812564
329.491759
994.466036
501.726088
