6.000000
619.570101
0.000000
656.708451
84.777883
6.000000
376.249881
223.086219
396.740005
265.347100
7.000000
383.933680
207.718626
399.301271
219.244321
6.000000
249.467241
319.133674
278.921796
356.272023
7.000000
252.028507
362.675187
271.237998
384.445944
7.000000
255.870405
302.485448
271.237998
317.853041
2.000000
435.158988
397.252271
473.577970
431.829353
2.000000
472.297337
335.781899
561.941629
454.880744
2.000000
304.534449
388.287842
449.245948
499.702891
2.000000
154.700418
392.129740
228.977118
438.232519
2.000000
111.158907
388.287842
154.700420
420.303660
2.000000
12.550185
404.936067
49.688537
448.477581
2.000000
26.637146
397.252271
141.894091
456.161376
2.000000
523.522645
371.639616
715.617557
515.070482
1.000000
600.360612
242.295711
915.396264
489.457827
