6.000000
565.232581
272.010381
573.966861
284.487922
6.000000
620.133759
272.010381
625.124776
284.487922
6.000000
521.561190
293.222200
531.543222
301.956478
2.000000
541.525255
300.708724
566.480334
324.416051
2.000000
417.997604
303.204232
461.668996
338.141347
2.000000
313.186265
303.204232
384.308245
366.839690
2.000000
247.055300
301.956478
328.159313
374.326213
2.000000
99.820323
300.708724
258.285087
396.785786
2.000000
1.024237
311.367899
91.086045
436.713915
2.000000
642.593332
300.708724
666.300660
324.416051
2.000000
671.291675
295.717708
717.458575
328.159313
2.000000
663.805151
299.460970
774.855261
353.114394
2.000000
771.111998
288.231183
888.400878
376.821720
2.000000
845.977241
310.690757
1015.671792
421.740865
2.000000
980.734678
274.495384
1279.271399
522.808944
2.000000
560.241565
280.744660
653.823118
381.812737
2.000000
456.677980
304.451986
524.056698
349.371132
7.000000
753.643442
252.046317
761.129965
275.753642
4.000000
757.386704
299.460970
773.607505
358.105410
