2.000000
938.311040
393.042523
1070.572969
466.660013
2.000000
807.296866
403.024556
876.172904
429.227391
2.000000
882.411674
394.290278
935.815532
426.731883
2.000000
160.211619
426.482336
260.031943
447.694153
2.000000
30.445199
430.225598
141.495309
460.171695
2.000000
0.499102
430.225598
27.949691
465.162711
2.000000
359.852266
418.995811
399.780395
430.225598
2.000000
558.993811
406.518271
588.191256
421.241772
2.000000
403.523658
420.243565
445.947296
427.730089
2.000000
638.350976
404.022763
655.819531
415.252549
2.000000
622.629267
400.029954
635.106809
415.003003
2.000000
517.817928
400.029954
552.755041
416.250756
7.000000
468.406860
381.812737
485.875416
408.015573
7.000000
665.551999
359.353164
673.038522
373.078460
7.000000
685.266535
343.132362
697.744077
356.857656
6.000000
632.611300
370.582951
642.593332
383.060492
6.000000
650.079856
364.344180
660.061889
373.078460
7.000000
673.787183
385.555999
682.521462
398.033540
2.000000
1111.436914
396.161909
1132.648732
412.382710
2.000000
685.266535
401.277708
706.478354
419.994018
3.000000
1070.157076
402.192732
1123.810500
442.120862
