7.000000
731.302092
200.794738
758.159987
231.489475
7.000000
251.696828
212.305264
295.181039
232.768422
7.000000
490.859987
240.442107
498.533671
250.673686
6.000000
513.881040
223.815792
525.391566
235.326318
6.000000
557.365250
221.257896
568.875777
232.768422
9.000000
563.759987
244.278949
586.781040
267.300001
2.000000
572.712619
258.347370
584.223145
274.973686
2.000000
586.781040
253.231579
600.849461
276.252633
2.000000
599.570514
235.326316
646.891568
276.252633
1.000000
497.254724
248.115792
529.228408
268.578949
2.000000
539.459987
249.394738
556.086303
267.300001
2.000000
456.328408
262.184212
490.859987
283.926318
2.000000
517.717882
257.068422
548.412619
283.926316
2.000000
605.965251
250.673686
650.728409
289.042107
2.000000
31.717879
248.115792
277.275775
384.963160
2.000000
1084.291569
263.463159
1177.654726
319.736844
2.000000
979.417884
258.347370
1081.733674
305.668423
7.000000
738.975779
150.915790
754.323147
164.984211
2.000000
803.553604
252.046317
855.959273
296.965462
