7.000000
297.738934
321.015792
310.528407
331.247370
7.000000
407.728407
323.573685
423.075775
338.921054
7.000000
751.765252
258.347370
764.554725
272.415791
2.000000
924.423147
318.457896
943.607358
331.247370
2.000000
474.076476
343.610530
503.492265
358.957899
2.000000
335.950160
348.726320
360.250160
365.352635
2.000000
303.976475
350.005267
338.508054
375.637242
2.000000
46.908053
356.400005
133.876475
398.605267
7.000000
610.923845
329.968424
633.944898
341.478949
9.000000
628.829110
299.273685
674.871215
355.547369
2.000000
581.508055
332.526317
618.597530
365.778948
2.000000
754.165950
312.063160
830.902793
370.894739
9.000000
674.871213
323.573685
743.934371
383.684213
2.000000
1244.159992
370.894739
1279.970519
462.978950
