2.000000
1071.995316
212.249403
1259.183945
299.706384
7.000000
1248.098985
182.600610
1278.785645
270.824755
7.000000
1225.851156
1.549318
1276.484142
69.059970
4.000000
938.943340
226.423722
975.767333
300.838873
4.000000
1026.400321
229.492388
1059.388481
337.662865
4.000000
636.364612
253.932113
652.475110
291.523270
4.000000
621.021283
265.439609
634.830283
290.756107
2.000000
519.678584
262.524375
538.857749
283.237871
2.000000
521.980083
266.360207
544.995078
302.417032
2.000000
535.789079
263.291541
581.819069
306.252866
2.000000
355.198090
277.714272
410.434078
317.606931
2.000000
557.116323
268.508275
634.600139
323.744265
2.000000
8.191096
235.264409
364.923519
466.948694
9.000000
408.132580
235.136533
525.509054
334.101011
7.000000
191.791624
176.831879
217.108119
205.217040
7.000000
198.696123
218.258869
222.478284
235.136532
7.000000
179.516961
164.557215
235.520116
218.258869
7.000000
336.786095
223.629035
358.266756
245.109697
7.000000
401.995247
219.793202
415.037077
232.835029
7.000000
403.529581
233.985783
416.571407
240.890280
7.000000
297.660602
211.737955
315.305433
230.149950
7.000000
914.394013
65.428341
1003.385327
96.882168
7.000000
599.088581
65.428341
694.217231
87.676173
7.000000
711.862057
164.392821
755.590546
180.503320
6.000000
192.558793
125.431722
207.902120
159.954215
6.000000
407.876860
246.260447
413.247026
257.767944
6.000000
549.291216
21.224938
571.539044
71.857927
6.000000
569.621126
22.247830
589.567455
75.182318
6.000000
992.713453
103.567478
1051.785270
156.501967
6.000000
746.716718
194.093126
776.636208
219.409620
6.000000
318.374097
227.848450
325.278596
240.890280
7.000000
306.099434
227.081284
313.771103
243.958946
