2.000000
0.000000
373.846326
175.144443
589.960229
2.000000
1204.502134
535.675694
1279.271398
717.989792
2.000000
325.707210
394.331056
508.021307
554.111951
2.000000
516.215200
415.840022
592.008702
474.221503
2.000000
257.083364
409.694603
351.313123
489.585051
2.000000
107.544833
405.597657
229.428978
487.536578
2.000000
207.920011
395.355292
269.374202
472.173030
2.000000
496.754707
405.597657
526.457564
447.591354
2.000000
930.006750
408.670367
1184.017404
495.730471
6.000000
487.536578
243.768289
504.948599
279.616567
6.000000
1006.824488
287.810459
1064.181732
335.949575
7.000000
582.790573
274.495384
621.711561
300.101298
7.000000
681.117278
327.755683
708.771664
341.070756
7.000000
659.608311
356.434305
693.408116
373.846326
7.000000
643.220527
385.112927
664.729494
398.428001
7.000000
149.538530
370.773616
171.047496
395.355292
6.000000
272.446911
400.476475
280.640803
413.791549
6.000000
298.052824
405.597657
308.295190
417.888495
7.000000
947.050969
218.550224
1030.878452
246.492718
