6.000000
427.169233
263.587315
437.294226
285.524799
6.000000
567.231636
233.212335
575.669130
253.462320
6.000000
577.356628
233.212335
585.794123
253.462320
7.000000
246.606856
265.274813
280.356832
280.462301
7.000000
644.856583
275.399805
666.794068
285.524798
7.000000
914.856397
187.649866
940.168880
234.899833
4.000000
796.731478
302.399787
823.731460
361.462247
4.000000
773.106495
307.462284
796.731478
361.462245
2.000000
801.793975
311.343536
879.186895
347.962255
2.000000
509.624650
318.093531
524.812139
331.593521
2.000000
487.687166
318.093531
519.749643
348.468510
2.000000
558.562116
319.781030
570.374608
346.781012
2.000000
570.374608
314.718535
583.874598
329.906023
2.000000
573.749606
316.406033
599.062088
333.281022
2.000000
578.812101
319.781030
599.062087
340.031016
2.000000
595.687091
316.406033
627.749568
326.531028
2.000000
310.499787
326.892622
345.937262
362.330098
2.000000
867.606430
300.712288
914.856397
327.712270
2.000000
516.606671
312.524780
560.481641
354.712250
2.000000
594.231618
317.587277
638.106586
346.274757
1.000000
401.856750
287.212298
492.981688
368.212242
2.000000
40.731997
299.024788
352.971159
492.739949
2.000000
1240.543673
533.587127
1279.356148
616.274570
6.000000
91.356962
226.462338
104.856953
256.837318
