2.000000
100.428075
269.452111
114.774941
289.179054
2.000000
107.601509
271.245470
130.915169
294.559130
2.000000
120.155018
273.038828
138.088603
303.525922
2.000000
129.121811
273.038828
150.642111
310.699356
2.000000
139.881962
271.245470
188.302641
316.079430
2.000000
152.435469
283.798979
197.269431
319.666149
2.000000
184.715924
267.658753
292.317431
351.946601
2.000000
220.583093
296.352488
279.763922
368.086829
2.000000
30.487094
267.658753
57.387471
283.350639
1.000000
0.717343
254.656904
32.280453
279.763923
2.000000
53.800754
269.003771
102.221433
308.457657
2.000000
254.656904
286.937356
398.125583
389.158789
4.000000
408.885732
286.937356
437.579468
376.605280
4.000000
430.406034
276.177205
460.893128
378.398638
4.000000
844.671842
271.992698
891.299162
388.560999
6.000000
570.287996
178.140272
609.741882
214.007442
6.000000
134.501886
0.000000
161.402263
23.313660
6.000000
164.988980
0.000000
197.269433
20.922497
6.000000
107.601509
1.195554
136.295245
24.509214
7.000000
222.376452
240.310037
234.929961
256.450263
