6.000000
82.687443
309.149796
96.187432
324.337285
6.000000
247.049830
256.499824
260.549819
271.687314
6.000000
462.374682
241.312335
480.937168
261.562321
6.000000
425.249708
283.499805
433.687202
303.749790
6.000000
460.687183
285.187304
475.874672
298.687294
7.000000
335.812269
293.624798
349.312259
307.124789
7.000000
470.812176
202.499861
492.749661
217.687351
7.000000
499.499656
234.562339
514.687146
248.062329
7.000000
560.249614
259.874821
573.749605
275.062310
7.000000
600.749587
263.249819
622.687072
280.124809
7.000000
1041.186784
92.812436
1091.811749
126.562414
6.000000
452.924704
248.300132
464.737197
269.999813
2.000000
38.812473
352.687259
106.312428
391.499732
2.000000
0.000000
323.999777
40.499973
426.937206
4.000000
268.312315
334.124769
278.437308
357.749753
2.000000
381.374739
327.374776
406.687220
345.937262
2.000000
413.437217
315.562283
426.937206
334.124769
2.000000
470.812176
320.624780
489.374664
342.562265
2.000000
479.249671
310.499787
496.124659
325.687276
2.000000
565.312110
313.874784
590.624592
359.437252
2.000000
588.937096
283.499805
673.312038
364.499748
2.000000
629.437067
290.249800
739.124491
376.312241
2.000000
674.999535
288.562302
779.624462
391.499731
2.000000
743.062006
228.374847
1083.374255
437.624703
2.000000
492.749661
301.499794
551.812122
354.374754
2.000000
423.562209
315.562283
472.499674
359.437252
2.000000
1038.052863
224.437333
1277.677698
519.749630
