6.000000
606.785718
248.916804
614.130804
260.342493
6.000000
632.085457
238.307235
640.246663
254.629649
6.000000
526.805891
267.687579
537.415461
284.009993
6.000000
574.957012
269.319821
584.750460
285.642234
7.000000
544.760547
222.800942
555.370116
236.674992
7.000000
712.065284
260.342493
724.307092
286.458355
4.000000
1130.602562
284.336441
1233.776302
405.938419
7.000000
859.650500
254.956097
873.524549
269.592695
2.000000
610.570476
281.071957
621.180044
291.681527
2.000000
624.099140
282.261166
635.524831
291.238492
1.000000
633.426235
277.247851
645.668043
290.305780
2.000000
552.513691
292.171199
565.571623
306.861371
2.000000
565.105282
284.126584
575.714850
293.103911
2.000000
574.898730
292.287791
595.301746
309.426325
2.000000
599.382350
293.103911
621.417605
308.610202
2.000000
535.724938
291.471670
558.576314
311.058566
2.000000
657.793259
294.075482
669.218948
306.317294
2.000000
661.873862
295.707725
680.644636
316.110740
2.000000
460.564105
288.362639
474.438154
298.156087
2.000000
435.264366
291.627120
453.219019
301.420568
2.000000
412.412987
298.156087
426.287037
311.214018
2.000000
338.962127
299.788328
363.445747
324.271948
2.000000
307.949540
301.420568
335.697644
321.007464
2.000000
272.040232
298.972206
303.868938
315.294619
2.000000
233.682559
300.604449
296.523850
325.904188
2.000000
211.647301
304.685052
256.533937
329.168670
2.000000
158.599459
303.052811
223.072990
332.433155
7.000000
511.979707
266.871459
526.669879
286.458355
7.000000
368.342471
287.274475
382.216521
302.780768
