2.000000
634.544405
358.444929
647.461340
371.361864
2.000000
621.627469
361.674167
639.388251
376.205716
2.000000
587.720516
358.444929
620.012853
379.434948
2.000000
545.740480
355.215697
586.105898
382.664183
2.000000
502.145826
350.371846
553.813564
400.424968
2.000000
670.065972
355.215697
694.285224
372.976482
2.000000
689.441376
358.444929
728.192178
381.049565
2.000000
702.358310
356.830313
739.494497
384.278796
2.000000
786.318383
354.139291
876.736924
402.577795
2.000000
876.044945
347.603930
995.526587
421.876301
2.000000
721.733711
359.252238
771.786830
389.929957
2.000000
424.644219
341.491455
534.438163
412.534595
7.000000
205.594531
313.773857
218.511466
345.527997
