2.000000
512.375837
364.435769
527.731276
378.255665
2.000000
489.342677
362.900224
506.233661
378.255664
2.000000
467.845062
362.900224
486.271590
376.720121
2.000000
447.882989
364.435769
461.702886
379.791208
2.000000
427.920916
365.971313
447.882989
381.326752
2.000000
412.565477
365.971313
432.527550
382.862297
2.000000
389.532317
365.971313
423.314285
390.540017
2.000000
355.750348
372.113489
377.247964
390.540017
2.000000
337.323822
372.113489
364.963613
392.075562
2.000000
321.968379
372.113489
341.930452
393.611104
2.000000
216.015844
369.042400
294.328588
410.502088
2.000000
96.243411
372.113489
205.267036
422.786442
2.000000
0.000000
372.113489
71.674709
442.748514
2.000000
526.195733
353.686961
553.835525
375.184576
2.000000
561.513245
359.829137
578.404229
370.577945
2.000000
573.797597
361.364681
589.153037
372.113489
2.000000
587.617494
362.900224
606.044022
378.255664
2.000000
596.830757
362.900224
624.470548
379.791208
2.000000
613.721741
369.042400
638.290445
389.004473
2.000000
635.219358
381.326752
658.252519
396.682192
2.000000
653.645886
382.862297
678.214590
399.753280
2.000000
678.214590
358.293593
736.565262
415.108720
2.000000
705.854381
330.653801
836.375621
439.677426
2.000000
796.451478
326.047170
1141.948879
531.810065
2.000000
936.185982
310.691729
1278.612295
717.610889
