7.000000
714.963066
267.019365
726.192853
285.735676
7.000000
707.543875
287.408513
734.927131
301.956479
2.000000
58.644440
396.785786
117.288879
426.731883
2.000000
277.001397
381.812737
310.690757
404.272311
2.000000
263.276103
376.821721
290.726691
398.033540
2.000000
344.380116
380.564983
363.096426
391.794769
2.000000
487.871831
368.087443
511.579158
385.555999
2.000000
464.164504
371.830705
485.376324
386.803754
2.000000
436.713915
374.326213
456.677980
388.051507
2.000000
365.591935
371.830705
381.812736
388.051507
2.000000
386.803753
373.078459
409.263326
384.308245
9.000000
519.065682
356.857656
570.223598
378.069475
