6.000000
551.784506
390.232028
558.944728
408.132578
6.000000
530.303843
390.232028
537.464064
408.132578
2.000000
557.423181
411.712690
577.113786
424.243074
2.000000
575.323735
411.712690
593.224285
424.243074
2.000000
591.434227
411.712690
609.334780
426.033131
2.000000
609.334780
409.922635
630.815440
431.403297
2.000000
629.025387
413.502743
648.715992
434.983403
2.000000
645.135882
415.292798
670.196656
433.193350
2.000000
664.826490
415.292798
698.837538
442.143626
2.000000
689.887262
409.922635
750.749138
449.303849
2.000000
509.091690
400.972359
539.522629
440.353573
2.000000
394.528162
368.751366
530.572352
508.375669
7.000000
761.892203
326.557199
786.952976
360.568245
7.000000
715.350770
378.468799
729.671211
392.789240
7.000000
709.980606
356.988135
735.041379
378.468799
7.000000
674.179499
371.308578
693.870106
390.999183
2.000000
715.350770
407.109679
801.273419
460.811334
2.000000
0.232026
378.724526
513.074537
719.212000
2.000000
543.606652
408.712214
558.794142
427.274701
