6.000000
545.268516
265.771611
552.755039
285.735676
6.000000
491.615093
254.541824
501.597126
274.505888
6.000000
552.755041
264.523857
561.489320
281.992415
6.000000
472.898782
315.681772
485.376322
325.663805
7.000000
354.362147
227.091236
375.573967
265.771611
7.000000
466.660012
288.231184
486.624078
296.965463
7.000000
484.128568
291.974446
499.101616
299.460969
7.000000
479.137553
301.956478
494.110603
309.443003
7.000000
739.918147
280.744661
759.882212
291.974447
2.000000
563.984828
339.389099
591.435416
356.857655
2.000000
596.426431
339.389099
607.656218
356.857655
2.000000
611.399481
335.645838
631.363547
361.848672
2.000000
605.160710
338.141345
616.390497
360.600917
2.000000
650.079856
336.893592
696.246756
381.812736
2.000000
671.291675
340.636853
703.733281
390.547015
2.000000
683.769216
335.645838
742.413656
398.033541
2.000000
718.706329
325.663805
845.977241
419.245359
2.000000
776.103016
330.654820
979.486925
461.668995
2.000000
541.525255
335.645838
556.498303
356.857657
2.000000
521.561189
336.893592
544.020762
361.848672
2.000000
466.660012
326.911559
522.808945
374.326213
2.000000
449.191455
331.902574
506.588141
379.317228
2.000000
419.245359
336.893592
492.862847
386.803753
4.000000
345.627870
325.663805
365.591936
379.317230
4.000000
354.362147
321.920544
385.555999
385.555999
4.000000
551.507287
336.893592
561.489320
361.848672
4.000000
540.277501
339.389099
550.259533
361.848670
4.000000
566.480335
328.159313
583.948893
369.335197
4.000000
622.629268
329.407067
646.336595
383.060491
4.000000
1175.384307
289.478938
1232.780994
336.893592
4.000000
1053.104411
301.956478
1078.059492
326.911559
4.000000
831.004192
314.434019
840.986225
330.654820
4.000000
817.278898
315.681772
828.508685
329.407067
4.000000
798.562587
316.929526
808.544619
329.407067
4.000000
398.033540
321.920544
408.015572
369.335197
2.000000
889.648633
324.416051
1277.700141
558.993810
2.000000
32.441606
319.425036
91.216786
377.796566
2.000000
0.000000
318.177280
42.423636
386.803753
