2.000000
718.407473
357.947865
739.375132
374.422453
2.000000
733.384372
359.445555
748.361270
371.427074
2.000000
739.375132
363.938625
757.347409
374.422452
2.000000
751.356649
362.440935
775.319686
377.417834
2.000000
760.342790
362.440935
778.315065
383.408592
2.000000
775.319686
356.450176
814.259621
386.403973
2.000000
811.264242
356.450176
868.176455
398.385490
2.000000
856.194936
360.943245
895.134871
405.873939
2.000000
662.992950
363.938625
677.969849
374.422452
2.000000
652.509123
365.436314
664.490639
375.920142
2.000000
643.522983
363.938625
652.509123
377.417833
2.000000
622.555325
360.943245
631.541464
374.422452
9.000000
592.601531
351.957106
613.569188
362.440934
2.000000
594.099219
365.436314
607.578427
377.417833
2.000000
571.633872
354.952486
595.596909
377.417834
2.000000
562.647733
359.445555
574.629250
378.915523
2.000000
538.684696
357.947865
561.150044
378.915523
2.000000
522.210108
363.938625
552.163904
381.910900
2.000000
481.772483
357.947865
519.214727
386.403972
2.000000
462.302515
365.436314
499.744761
387.901662
2.000000
378.431886
359.445555
418.869511
398.385490
2.000000
312.533535
354.952486
388.915716
405.873940
2.000000
254.123631
362.440935
326.012741
410.367010
2.000000
162.764553
360.943245
269.100529
419.353147
2.000000
0.000000
362.440935
173.248381
440.320805
2.000000
607.578427
363.938625
624.053015
377.417833
2.000000
709.421335
356.450176
722.900543
383.408591
2.000000
676.472159
353.454796
713.914404
386.403972
2.000000
877.162594
350.459417
974.512432
419.353148
7.000000
1011.954677
260.598028
1032.922334
308.524102
4.000000
1028.429265
356.450176
1047.899232
405.873939
