6.000000
324.400725
106.654657
339.246090
145.252600
6.000000
334.792480
106.654657
349.637843
146.737138
6.000000
311.039898
108.139193
325.885263
142.283530
6.000000
443.163632
284.799016
453.555385
296.675307
7.000000
468.400751
272.010381
485.376323
286.283552
2.000000
282.833711
292.221698
300.648147
327.850570
2.000000
440.194560
308.551597
460.978068
329.335106
2.000000
416.441978
305.582525
441.679095
327.850570
2.000000
299.163608
238.778390
423.864659
347.149542
7.000000
0.771807
51.726813
49.761506
134.860847
