2.000000
242.326985
377.626219
261.174640
387.050047
2.000000
243.673246
380.318741
266.559684
399.166395
2.000000
263.867162
369.548654
310.986299
405.897700
2.000000
273.290989
368.202390
355.412912
408.590222
2.000000
1034.652074
347.335346
1190.818353
457.728750
7.000000
740.628673
255.789596
785.055288
277.329772
7.000000
751.398760
277.329771
772.938936
294.831164
2.000000
366.182999
352.047259
545.235717
462.440664
2.000000
289.446121
374.933697
351.374129
419.360312
2.000000
337.911517
366.856130
399.839524
442.246749
7.000000
343.296562
335.892125
360.797956
353.393519
