7.000000
626.714663
167.364232
647.313339
187.962907
7.000000
598.391486
187.962907
608.690823
198.262244
7.000000
588.092149
196.974827
598.391487
207.274165
7.000000
600.966320
203.411913
612.553074
213.711250
2.000000
518.571621
230.447674
534.020627
243.321845
2.000000
499.260363
230.447674
518.571621
244.609261
2.000000
434.889505
227.872839
463.212682
244.609262
2.000000
546.894797
231.735091
571.355725
249.758932
2.000000
588.092149
229.160256
613.840493
254.908600
2.000000
563.631222
226.585422
591.954398
256.196016
2.000000
624.139829
229.160256
665.337178
266.495355
2.000000
195.429911
198.262244
311.297456
296.105949
2.000000
1.029918
186.675490
236.627261
325.716545
3.000000
306.147788
218.860919
346.057720
275.507275
0.000000
361.506726
239.459594
389.829904
285.806613
5.000000
365.368978
208.561582
392.404738
258.770850
9.000000
667.912011
164.789398
818.539820
297.393365
2.000000
729.708037
207.274164
958.868293
339.878132
7.000000
772.192804
126.166883
796.653731
157.064895
