4.000000
137.534667
185.142818
154.379361
220.319953
4.000000
232.403832
196.515876
253.563010
216.352605
4.000000
213.889550
193.870982
233.726281
216.352609
4.000000
190.085476
187.258737
211.244654
217.675058
4.000000
377.873191
195.193428
401.677266
256.026070
4.000000
392.420124
204.450568
404.322163
232.221994
4.000000
458.542562
191.226082
478.379293
217.675055
4.000000
426.803792
192.548531
438.705832
257.348517
4.000000
426.803792
189.903633
449.285422
258.670967
4.000000
264.142600
174.034247
298.526267
232.221990
4.000000
950.228980
204.979548
963.453468
230.106075
4.000000
906.588172
191.755061
933.037147
271.101985
4.000000
776.988198
211.591793
820.629006
341.191765
4.000000
958.163672
198.367304
972.710608
231.428520
4.000000
820.629007
202.334653
872.204509
355.738700
4.000000
15.522247
163.983639
76.354887
308.130549
4.000000
160.991600
186.465269
229.758935
394.089714
4.000000
265.465051
186.465269
359.358909
372.930537
4.000000
332.909932
178.530573
406.967062
357.061150
4.000000
614.591507
203.657100
650.297623
267.134637
4.000000
630.460892
202.334653
667.489454
265.812191
2.000000
533.922137
207.624446
597.399676
235.395870
2.000000
581.530291
198.367304
705.840465
245.975458
2.000000
687.106559
206.868758
753.228992
237.285079
2.000000
721.490228
205.546312
804.804494
239.929976
2.000000
786.290212
196.289168
917.212630
287.538129
4.000000
986.546749
197.611616
1014.318174
254.476913
4.000000
977.289609
200.256517
993.158992
221.415695
4.000000
887.363097
196.289168
901.910033
208.191209
7.000000
433.763173
148.114254
478.726426
177.208126
7.000000
615.203132
125.632626
631.072515
166.628536
7.000000
690.582707
145.469357
703.807194
166.628538
7.000000
586.109258
124.310176
599.333743
158.693844
7.000000
765.168826
158.693844
782.360658
165.306087
7.000000
757.234133
167.950985
774.425967
177.208127
7.000000
816.744323
140.179560
844.515749
152.081600
7.000000
999.242245
145.469357
1020.401425
154.726499
7.000000
1079.828952
51.575500
1106.277926
76.702025
4.000000
160.016291
185.142818
175.885676
215.559139
2.000000
454.922352
203.657100
548.816209
277.714226
6.000000
1075.885469
113.606600
1108.946687
154.602508
2.000000
980.669164
114.488238
1278.220120
537.671821
