2.000000
0.232026
287.556444
422.106736
566.324611
2.000000
507.233211
314.887284
934.074807
627.532033
2.000000
967.023983
350.459416
1279.356147
615.550513
7.000000
1107.806825
238.132680
1149.742140
269.584165
7.000000
1077.853029
166.243569
1163.221348
194.699676
7.000000
1113.797585
71.889111
1176.700557
115.322117
7.000000
1136.262933
116.819805
1200.043701
141.074905
7.000000
1131.769862
134.792083
1152.737520
157.257430
7.000000
134.308448
229.146541
173.248383
241.128059
7.000000
149.285344
248.616509
191.220659
262.095717
6.000000
334.998881
139.285154
349.975779
181.220468
6.000000
736.379751
77.879870
754.352029
134.792083
6.000000
355.966539
146.773602
367.948057
187.211228
6.000000
749.858961
89.861389
763.338168
134.792083
6.000000
514.721659
341.473278
525.205488
357.947866
6.000000
787.301205
314.514861
799.282724
327.994068
6.000000
775.319687
314.514861
790.296585
326.496379
6.000000
1080.848409
236.634991
1101.816066
272.579546
1.000000
367.948057
299.537963
466.795585
398.385491
2.000000
466.795585
360.943244
481.772483
392.394730
2.000000
481.772483
371.427074
498.247072
398.385491
2.000000
496.749381
380.413213
516.219350
401.380870
2.000000
516.219350
383.408592
528.200868
404.376250
