7.000000
81.104013
203.383909
132.261929
217.109203
7.000000
158.464763
197.145139
177.181074
215.861448
7.000000
365.591935
253.294071
380.564983
270.762627
6.000000
481.633060
194.649631
492.862847
217.109202
6.000000
363.096426
215.861449
375.573967
239.568776
6.000000
476.642044
248.303055
489.119585
255.789579
6.000000
14.973049
259.532841
32.441605
274.505889
2.000000
514.074666
265.771611
558.993811
300.708724
2.000000
549.011779
268.267119
582.701138
320.672789
6.000000
578.957876
249.550809
591.435416
260.780595
2.000000
558.993811
267.019365
610.151727
325.663805
2.000000
593.930924
275.753643
627.620283
335.645837
2.000000
606.408465
269.514873
685.016968
344.380116
2.000000
647.584348
262.028349
759.882212
381.812737
2.000000
709.972050
227.091236
1078.059493
452.934718
2.000000
334.398083
265.771611
421.740866
339.389100
2.000000
419.245358
253.294071
527.799960
358.105410
2.000000
878.418846
265.771611
1277.700140
708.724296
4.000000
874.675584
238.321022
1030.644839
454.182472
2.000000
0.000000
277.001397
77.360751
348.123378
