2.000000
1.023144
330.654821
153.473747
551.507287
2.000000
870.932322
197.145139
1279.970515
506.588141
2.000000
47.414654
295.717708
321.920543
466.660012
2.000000
242.064284
290.726692
383.060489
399.281293
2.000000
335.645836
281.992415
415.502097
371.830705
2.000000
361.848672
285.735676
435.466160
341.884608
2.000000
411.758834
284.487922
455.430227
331.902574
2.000000
741.165901
240.816530
965.761630
409.263327
2.000000
675.034937
262.028349
796.067081
365.591935
2.000000
631.363546
274.505889
716.210820
341.884608
2.000000
612.647236
267.019365
660.061890
311.938511
2.000000
593.930924
270.762627
621.381513
306.947494
2.000000
573.966860
277.001397
600.169695
301.956476
2.000000
456.677980
242.064284
595.178678
386.803753
6.000000
391.794769
229.586744
410.511080
257.037332
6.000000
482.880815
228.338990
496.606109
257.037333
6.000000
565.232580
225.843482
578.957875
250.798563
7.000000
698.742264
182.172090
727.440608
222.100220
7.000000
772.359753
225.843482
798.562585
264.523857
7.000000
143.491716
169.694550
178.428827
192.154123
