7.000000
616.390496
340.636854
631.363546
358.105410
7.000000
398.033540
345.627870
421.740866
371.830705
6.000000
541.525255
304.451987
552.755041
328.159314
6.000000
430.475145
305.699740
446.695946
321.920543
6.000000
450.439209
343.132362
460.421243
356.857656
6.000000
561.489320
349.371133
571.471353
361.848673
6.000000
500.349371
349.371133
511.579158
360.600919
2.000000
521.561190
368.087443
546.516272
400.529048
2.000000
474.146535
361.848673
490.367338
375.573968
2.000000
451.686963
364.344180
466.660012
379.317229
2.000000
451.686963
370.582951
481.633060
391.794769
2.000000
405.520065
363.096426
461.668997
406.767819
2.000000
553.020183
370.582951
587.692155
406.472566
2.000000
480.969862
374.326213
526.552206
407.832006
2.000000
336.893593
363.096426
399.403461
411.910326
6.000000
327.353140
354.813845
338.228660
367.048805
4.000000
1007.073150
377.924325
1064.169631
505.711687
