7.000000
804.580440
171.096591
831.613090
197.443332
6.000000
801.054439
198.927868
832.788421
266.298528
2.000000
1208.894849
433.195758
1227.700168
453.176412
2.000000
1227.700171
432.020426
1246.505494
453.176415
2.000000
912.711036
408.513771
969.127001
436.721753
2.000000
1039.646956
419.091768
1074.906934
455.527079
2.000000
1070.205604
412.039771
1126.621568
455.527077
2.000000
1150.128219
415.565769
1214.771514
467.280402
2.000000
1239.453498
421.442433
1278.239472
467.280404
7.000000
96.906338
307.848931
110.120838
326.936545
