2.000000
671.624538
371.249745
690.187025
389.812230
2.000000
654.749549
374.624742
671.624537
399.937225
2.000000
636.187063
371.249745
659.812046
406.687220
2.000000
575.437104
369.562246
649.687053
425.249708
2.000000
60.749958
322.649887
489.374664
568.687109
2.000000
754.311981
367.537253
786.374459
399.599731
2.000000
769.499471
364.162255
813.374441
406.349725
2.000000
796.499453
347.287266
867.374405
426.599713
2.000000
840.374422
355.724761
923.061865
441.787201
2.000000
879.186897
350.662264
992.249319
462.037187
2.000000
934.874357
345.599768
1181.249188
499.162162
2.000000
1066.499627
342.562264
1279.124122
577.799798
2.000000
685.124529
350.999758
767.811972
425.249707
