2.000000
100.375176
397.403767
226.356266
475.245742
2.000000
448.615590
412.767313
505.972835
453.736772
2.000000
223.283560
412.767313
276.543857
457.833719
2.000000
353.361595
415.840022
388.185637
428.130862
2.000000
409.694603
415.840022
429.155098
427.106625
2.000000
442.470171
414.815785
452.712537
433.252041
4.000000
864.455613
367.700908
917.715912
496.754708
4.000000
1050.866658
348.240414
1157.387257
563.330081
6.000000
263.228782
142.368875
282.689275
202.798827
6.000000
646.293237
321.610264
657.559839
344.143467
6.000000
664.729494
317.513319
684.189988
344.143467
7.000000
620.687323
271.422675
660.632546
319.561791
7.000000
644.244764
256.059128
691.359643
270.398438
7.000000
611.469195
182.314099
660.632547
199.726119
