7.000000
599.570683
264.997963
613.894899
282.391652
6.000000
1228.812953
192.353734
1266.669804
226.117956
6.000000
1169.469779
190.307418
1211.419264
229.187429
2.000000
432.795902
284.437968
453.259068
299.785340
2.000000
413.355897
285.461128
434.842221
305.924290
2.000000
393.915892
282.391653
419.494846
310.016924
2.000000
370.383255
282.391653
398.008525
312.063237
2.000000
338.665352
271.136914
373.452729
314.109556
2.000000
288.530602
276.252705
346.850618
325.364294
2.000000
207.701107
283.414811
298.762182
344.804301
2.000000
0.000000
264.997963
207.701107
375.499044
2.000000
612.871738
301.831658
634.358059
329.456929
2.000000
629.242271
291.600076
667.099122
336.619035
2.000000
642.543326
297.739025
691.654915
349.920090
2.000000
674.261228
290.576919
804.202313
378.568520
2.000000
436.888536
253.743223
623.103324
417.448529
