6.000000
484.175109
411.728284
500.832370
423.486350
6.000000
459.679140
482.276680
467.517852
489.135551
6.000000
494.953336
471.498451
503.771886
484.236356
6.000000
256.852500
468.558936
269.590404
484.236356
6.000000
280.368632
456.800870
293.106536
469.538774
6.000000
803.602579
366.655697
817.320323
390.171829
6.000000
819.279998
466.599257
832.997742
479.337162
7.000000
379.920264
632.192022
394.617846
637.091214
7.000000
275.469438
379.197630
296.046054
422.310537
7.000000
256.852500
435.048443
283.308145
444.846832
7.000000
268.610566
446.806510
298.985568
454.645222
7.000000
380.312193
466.403285
392.070260
480.121029
7.000000
430.283973
391.935536
459.679138
410.552472
7.000000
433.223490
448.766187
447.921073
478.161352
7.000000
599.796093
472.282319
611.554160
481.100870
7.000000
601.755771
484.040385
612.533998
495.798452
7.000000
614.493675
456.604897
639.969486
480.121029
7.000000
644.868680
457.584735
670.344490
480.121031
7.000000
672.304166
456.800870
699.739653
478.357324
7.000000
746.771918
471.498451
759.509823
482.276680
7.000000
793.804182
458.760548
809.481603
484.236354
7.000000
820.259833
412.708121
838.876769
429.365382
7.000000
825.159029
480.317001
840.836448
496.974262
7.000000
1069.726804
419.566996
1105.001002
432.304900
6.000000
697.388047
493.054907
707.186436
500.893619
2.000000
578.239639
512.651683
593.917059
530.288781
2.000000
553.743666
509.712166
574.320283
518.530716
2.000000
505.731564
517.550878
530.227535
541.067010
2.000000
457.719462
508.732328
505.731565
557.724271
2.000000
413.626714
514.611362
433.223490
526.369431
2.000000
435.183169
510.692006
460.658979
527.349263
2.000000
422.445263
526.369428
482.215432
581.240401
2.000000
688.961426
512.651683
756.570305
544.006525
2.000000
298.005730
519.510556
442.042041
630.232344
2.000000
523.368662
506.772651
547.864635
518.530718
2.000000
615.473515
506.772651
691.900943
575.361369
2.000000
538.066247
514.611362
581.179154
556.744431
2.000000
506.711403
524.409750
569.421089
574.381530
2.000000
1.114563
537.147652
317.602507
717.438000
