6.000000
1198.799581
363.149874
1206.899580
375.299869
6.000000
1138.049601
368.549871
1146.149599
382.049867
6.000000
1250.099563
384.749865
1260.899560
394.199862
6.000000
1186.649585
345.599878
1197.449581
356.399874
7.000000
1233.899567
363.149874
1251.449561
384.749865
2.000000
1158.685318
371.442729
1177.585311
382.242725
2.000000
1154.635318
378.192727
1174.885311
387.642723
2.000000
1150.585320
380.892725
1172.185312
390.342721
2.000000
1150.585320
386.292725
1169.485314
395.742720
2.000000
1149.235320
394.392722
1165.435314
403.842718
2.000000
1209.985300
375.492727
1228.885293
386.292723
1.000000
1205.935300
383.592725
1228.885291
402.492718
2.000000
1133.999603
401.399854
1228.499570
424.349845
2.000000
1138.049601
387.449865
1277.555174
548.369809
2.000000
1014.551506
418.288917
1071.251488
454.738903
2.000000
951.101528
414.238917
1006.451510
435.838908
2.000000
1009.151508
419.638917
1086.101481
437.188908
2.000000
899.801546
425.038915
959.201528
450.688906
2.000000
867.401558
429.088912
899.801546
443.938908
2.000000
843.101567
438.538908
879.551555
460.138899
2.000000
825.551573
429.088912
894.401549
456.088903
2.000000
783.701587
429.088912
825.551571
443.938908
2.000000
766.151594
431.788910
812.051578
447.988906
2.000000
739.151605
431.788910
790.451587
460.138901
2.000000
787.751587
445.288908
887.651551
511.438883
2.000000
716.201612
446.638906
798.551582
539.788874
1.000000
752.651598
418.288917
824.201572
433.138912
1.000000
853.901562
415.588917
930.851537
426.388913
2.000000
382.049867
411.749856
728.999745
629.099779
2.000000
971.999660
414.449856
1256.849560
639.899777
