2.000000
64.426262
229.877252
84.982151
248.475438
2.000000
86.939856
233.792660
135.882451
258.263957
2.000000
0.000000
218.131029
67.362816
265.115923
2.000000
142.734415
242.513340
182.867343
266.984638
2.000000
256.281235
250.255163
278.794831
271.789907
2.000000
235.725345
249.276312
255.302384
263.959090
2.000000
172.099972
222.847310
237.683049
266.895646
2.000000
305.223831
257.196119
326.758575
281.667416
2.000000
318.927757
244.471044
387.447391
312.990679
2.000000
393.320502
260.132675
409.960984
278.730861
2.000000
557.767622
281.578424
598.879404
308.986278
2.000000
628.244960
303.113166
639.991183
316.817093
2.000000
705.574261
306.049722
749.622596
338.351834
2.000000
394.299354
270.811053
628.244961
445.046691
4.000000
590.069735
280.599573
639.012330
386.315578
6.000000
277.815977
176.841271
286.625644
192.502901
6.000000
285.646792
178.976953
295.435313
195.617435
6.000000
309.139239
201.490547
317.948906
219.109881
6.000000
381.574279
209.321362
390.383947
227.919548
6.000000
367.870353
221.067585
377.658872
234.771509
2.000000
1026.349164
326.500641
1149.684504
413.618461
2.000000
973.491161
317.690974
1108.572724
420.470424
2.000000
1146.747948
352.929643
1278.892953
440.047464
