2.000000
134.889767
401.142785
206.301997
435.526452
2.000000
247.585125
390.634314
302.604043
430.981517
2.000000
547.621637
399.804132
624.648122
452.989085
2.000000
439.052968
398.497888
477.403980
427.591759
2.000000
315.441793
394.302243
348.453144
427.313594
2.000000
346.619180
396.136204
372.294673
412.641881
2.000000
370.460709
394.302243
385.132421
408.973954
2.000000
388.800349
394.302243
396.136207
408.973954
7.000000
348.453141
366.792782
364.958816
374.128636
2.000000
433.763173
394.530542
452.277455
409.077478
