2.000000
569.475499
383.064454
624.784270
433.252043
2.000000
498.803180
395.355292
541.821113
427.106624
2.000000
661.656784
400.476475
699.553537
427.106626
2.000000
776.371273
392.282583
853.189012
445.542883
2.000000
106.520597
394.331056
174.120206
423.009678
2.000000
335.949575
394.331056
370.773616
415.840020
2.000000
379.991745
396.379529
410.718840
417.888493
2.000000
417.888495
398.428002
451.688300
418.912734
2.000000
462.954902
397.403765
494.706234
417.888495
2.000000
293.955878
392.282583
329.804156
412.767315
2.000000
624.784270
399.452238
642.196291
427.106626
2.000000
540.796876
401.500711
558.208897
417.888493
2.000000
854.213248
410.718840
903.376600
437.348989
2.000000
761.007726
406.621894
776.371273
430.179334
2.000000
742.571469
407.646130
765.104672
426.082388
2.000000
729.256394
409.694603
742.571469
425.058149
2.000000
719.014029
407.646130
733.353340
425.058151
2.000000
708.771664
407.646130
722.086736
421.985442
2.000000
173.642643
392.192867
208.570761
416.143577
2.000000
212.562546
390.196975
255.474234
417.141523
