7.000000
176.703903
248.135223
193.958339
277.851196
7.000000
758.698772
329.751449
816.213557
347.005884
7.000000
845.381774
380.556175
876.056327
393.017713
7.000000
1104.335262
276.070981
1146.512772
297.159735
7.000000
1102.144216
297.296679
1143.363145
313.592534
7.000000
1092.147597
309.758217
1121.863570
327.012652
7.000000
1080.370768
328.929811
1131.175497
348.101405
7.000000
1096.666625
381.651699
1119.672539
400.823295
7.000000
695.295572
393.154655
712.550007
410.409092
6.000000
460.118289
274.345527
473.538405
307.895819
6.000000
454.366810
407.588115
462.994028
420.049652
6.000000
705.514709
309.812977
718.934825
337.611791
6.000000
588.567979
400.366820
596.236618
413.786938
6.000000
527.218873
401.325402
531.053193
410.911198
6.000000
178.295836
197.467433
202.260328
253.065059
6.000000
476.733681
276.070974
493.988116
308.662684
6.000000
1115.147837
368.414167
1154.449608
401.005877
2.000000
561.344317
438.070954
574.764435
452.449652
2.000000
538.338403
437.112373
565.178637
462.035447
1.000000
575.914742
432.319475
604.672137
458.201129
2.000000
569.204685
436.153795
594.127759
460.118289
2.000000
600.262648
436.153795
618.475663
464.911190
2.000000
605.055547
435.195215
626.144302
471.621247
2.000000
612.724184
423.692259
701.872101
496.544320
2.000000
483.891069
432.319475
492.518288
442.863853
2.000000
486.958522
422.733679
542.556149
480.248465
1.000000
496.544320
415.065040
538.721831
428.485154
2.000000
348.923035
429.443736
401.644923
488.875682
2.000000
379.597588
396.852023
494.627161
514.757335
2.000000
10.304733
325.437830
347.724810
595.757327
3.000000
757.996951
450.053201
819.346057
474.017694
4.000000
1044.612303
439.508823
1087.748393
508.526566
4.000000
1009.144851
440.467403
1035.985084
521.946683
4.000000
974.635979
430.881606
1015.854906
522.905265
4.000000
910.411135
438.550243
937.251367
511.402305
4.000000
815.032448
439.508823
834.204043
500.857929
1.000000
1144.927670
290.449669
1278.170257
597.195196
7.000000
285.337244
342.532504
305.786947
351.479249
6.000000
225.266246
329.112387
248.911212
350.201141
