7.000000
457.728751
237.615074
475.230144
257.808988
7.000000
768.715048
272.617859
782.177658
283.387951
7.000000
1197.499185
207.997329
1225.770666
261.847768
2.000000
701.401996
317.044473
717.557128
329.160821
2.000000
615.241290
308.966907
647.551558
331.853345
2.000000
724.288434
314.351950
736.404782
327.814561
2.000000
740.443566
310.313166
766.022526
327.814561
2.000000
764.676266
308.966907
784.870180
330.507084
2.000000
937.670806
323.775779
1077.681955
415.321529
2.000000
780.158267
307.620643
816.507313
334.545864
2.000000
1027.870296
303.581861
1278.274847
481.288317
7.000000
915.457499
244.346377
931.612630
260.501507
