4.000000
330.654822
420.493112
355.609905
462.916750
4.000000
1154.172489
386.803754
1187.861847
465.412260
4.000000
1106.757836
380.564983
1150.429228
455.430227
4.000000
1061.838691
383.060491
1096.775807
440.457176
4.000000
29.946097
439.209423
57.396687
506.588141
5.000000
1230.285485
379.317230
1276.452386
460.421243
2.000000
0.000000
442.952686
52.405669
525.304453
2.000000
844.729487
391.794769
900.878419
416.749851
2.000000
764.873228
390.547015
843.481734
446.695948
2.000000
456.677981
400.529049
501.597125
442.952684
2.000000
400.529049
417.997604
461.668995
466.660011
2.000000
441.704931
374.326213
756.138950
576.462367
2.000000
787.332801
401.776802
1110.501097
505.340388
6.000000
1144.190457
229.586744
1164.154522
272.010381
6.000000
1134.208425
334.398082
1162.906768
360.600917
6.000000
348.123378
244.559792
368.087441
290.726692
6.000000
217.109203
386.803754
237.073266
408.015572
7.000000
237.073269
281.992414
259.532842
308.195248
7.000000
209.622679
331.902575
242.064284
343.132362
7.000000
1172.888801
264.523856
1217.807946
283.240168
6.000000
370.582951
247.055300
386.803754
285.735675
6.000000
335.645837
247.055300
348.123379
288.231183
0.000000
1202.525203
397.182598
1279.367063
471.030619
