7.000000
483.596587
289.202690
518.560643
315.425733
7.000000
569.258527
173.821302
660.165075
262.979647
7.000000
604.222581
276.965270
642.683043
311.929326
2.000000
355.977780
416.821498
382.200821
441.296339
2.000000
350.733169
425.562512
369.963400
453.533757
4.000000
473.107369
423.814309
481.848384
453.533759
9.000000
289.546070
374.864630
350.733169
474.512191
9.000000
69.272512
287.454487
296.538883
539.195697
2.000000
362.970591
409.828688
478.351976
516.469060
4.000000
553.524701
410.827670
576.251337
482.503986
