7.000000
902.709236
295.587090
923.331592
305.210858
7.000000
901.334412
306.585678
924.706414
312.084973
7.000000
564.266921
300.693578
589.013747
311.692165
7.000000
571.676696
318.228717
592.299052
325.102838
7.000000
710.194629
332.118120
721.193217
343.116708
6.000000
778.935813
331.921719
788.559579
353.787972
2.000000
874.387860
348.288679
886.761273
359.287268
2.000000
753.403375
357.912447
776.775378
370.285858
2.000000
632.418892
355.162799
669.539132
388.158566
2.000000
670.664001
350.724544
717.408006
390.594432
2.000000
568.927047
353.474192
632.168939
396.093727
2.000000
475.439038
368.597252
557.928459
409.841962
2.000000
204.598775
367.222430
441.068447
484.082444
2.000000
802.536141
357.179191
823.158497
370.927428
4.000000
1022.672419
324.261991
1040.545127
350.383641
