9.000000
527.949612
412.332739
551.482248
440.981168
2.000000
553.528566
425.633795
579.107520
444.050643
2.000000
462.467489
427.680112
483.953812
447.120118
2.000000
405.170632
422.564320
429.726427
446.096958
2.000000
423.587479
427.680112
464.513805
456.328539
2.000000
373.452729
425.633795
415.402214
456.328540
7.000000
327.410612
372.429571
360.151673
410.286422
2.000000
614.918055
419.494846
652.774906
456.328540
2.000000
645.612799
416.425372
669.145437
462.467489
2.000000
865.591805
358.105357
1032.366585
515.671713
2.000000
1021.111846
417.448530
1189.932941
510.555923
2.000000
1155.145565
402.101158
1278.947702
588.315943
9.000000
661.983331
272.160071
898.332866
518.741187
2.000000
0.000000
336.619034
386.753784
667.099123
