2.000000
765.891138
406.215908
837.280958
441.361664
2.000000
769.186054
415.002347
857.050444
481.998946
2.000000
839.477565
401.822689
969.077540
508.358263
2.000000
1171.165638
429.280310
1277.701212
561.076895
2.000000
889.999589
406.215908
1220.589358
588.534518
2.000000
548.897470
383.151506
789.426238
577.551470
7.000000
504.808362
364.637227
516.889716
397.586373
7.000000
544.347339
375.620276
563.018519
390.996544
7.000000
547.642251
390.996544
558.625301
405.274506
1.000000
642.096473
355.536978
697.011715
370.913246
1.000000
784.091618
366.520026
814.844153
377.503076
1.000000
895.020410
374.208162
937.854300
380.797991
7.000000
649.784606
369.814942
693.716802
386.289516
7.000000
711.760396
366.520026
754.594288
387.387819
7.000000
775.462080
373.109857
816.099360
390.682736
7.000000
872.426712
377.503076
947.111444
404.960698
7.000000
1065.728370
268.770892
1163.477504
298.425125
