7.000000
755.497220
268.405987
811.793611
300.686437
7.000000
699.409807
260.634762
755.497220
298.295290
7.000000
859.018710
313.239949
871.572219
327.586819
6.000000
891.299162
261.232552
909.232747
275.579421
2.000000
753.210559
331.173533
792.664446
359.867269
2.000000
724.516824
326.989027
746.037127
362.856195
2.000000
906.841612
348.509328
958.849009
384.376498
2.000000
582.243728
287.535145
736.472556
416.656955
2.000000
786.686594
327.586815
917.601764
404.701228
2.000000
906.841612
327.586815
1278.066815
512.302738
7.000000
348.987565
218.789732
363.334430
231.343240
