6.000000
526.915608
272.439321
534.899178
292.398245
6.000000
672.615758
283.416728
682.595220
303.375654
6.000000
539.888910
269.445481
549.868372
292.398245
6.000000
685.589058
336.307878
697.564412
349.281180
6.000000
1118.697720
278.426996
1155.621731
312.357169
6.000000
1078.779871
278.426996
1092.751116
310.361275
6.000000
275.433159
236.513256
291.400298
264.455748
6.000000
268.447534
315.351008
279.424942
335.309934
6.000000
177.634428
314.353061
187.613892
335.309934
6.000000
189.609783
333.314040
201.585137
348.283233
7.000000
254.476287
233.519418
277.429051
260.463966
7.000000
573.819081
277.429051
624.470549
290.402352
7.000000
665.630134
326.328416
688.582897
338.303771
7.000000
245.494772
274.435212
261.461912
281.420836
7.000000
1067.802463
220.546116
1131.671020
242.500933
7.000000
1214.500558
265.453696
1261.404031
316.348954
7.000000
1211.506719
246.492718
1252.422514
325.330469
7.000000
836.278938
325.330471
853.244024
350.279127
7.000000
371.235996
308.365384
395.186707
329.322255
7.000000
369.240104
329.322255
387.203136
352.275019
4.000000
973.995518
366.246264
994.952389
420.135360
4.000000
716.525391
368.242158
734.488423
409.157954
4.000000
703.552089
367.244211
718.521282
414.147684
4.000000
237.511203
352.275017
252.480395
416.143576
4.000000
684.591111
376.225727
698.562359
401.174383
4.000000
674.611649
378.221620
686.587003
394.188760
4.000000
659.642456
377.223673
669.621918
396.184652
4.000000
649.662994
375.227781
660.640402
398.180545
4.000000
641.679424
375.227781
651.658888
399.178492
4.000000
632.697908
373.231889
642.677370
400.176437
4.000000
611.741037
372.233943
619.724606
390.196975
4.000000
604.755412
373.231889
615.732821
390.196975
4.000000
598.767737
368.242158
608.747199
384.209298
2.000000
219.548169
351.277072
241.502986
414.147684
4.000000
636.689693
372.233943
645.671209
397.182598
2.000000
62.870612
348.283233
169.650859
403.170275
2.000000
157.675504
359.260642
185.617998
386.205190
2.000000
183.622106
362.254480
226.533792
385.207243
2.000000
248.488610
361.256534
275.433159
384.209298
2.000000
269.445481
362.254480
290.402352
384.209296
2.000000
278.426996
364.250374
314.353060
377.223675
2.000000
294.394137
369.240104
326.328416
380.217511
2.000000
316.348954
365.248319
344.291448
380.217511
2.000000
331.318146
370.238049
357.264748
383.211351
2.000000
350.279127
370.238049
371.235996
377.223673
2.000000
386.205190
367.244211
401.174383
381.215460
2.000000
397.182598
364.250374
411.153845
379.219566
2.000000
409.157954
367.244211
423.129201
380.217513
2.000000
526.915608
371.235996
545.876587
388.201083
2.000000
1099.736742
370.238049
1162.607354
422.131254
2.000000
1195.539579
384.209298
1251.424567
414.147684
2.000000
540.886855
365.248319
608.747197
419.137414
2.000000
1186.558064
385.207243
1280.000000
462.049104
2.000000
745.465830
369.240104
801.350820
392.192867
