6.000000
461.668996
220.852466
470.403274
235.825514
6.000000
611.399480
232.082252
618.886004
245.807545
6.000000
697.494510
267.019365
707.476541
281.992415
7.000000
552.755041
257.037333
568.975843
264.523856
7.000000
554.002795
277.001397
566.480335
284.487922
2.000000
1.247754
193.401878
99.820323
542.773009
2.000000
217.109203
257.037333
416.749850
385.555998
2.000000
406.767818
279.496906
479.137553
338.141346
2.000000
476.642044
284.487922
516.570174
319.425036
2.000000
516.570174
286.983430
542.773009
311.938510
2.000000
611.399480
283.240168
667.548413
336.893591
9.000000
1.247754
0.000000
321.920543
369.335197
7.000000
346.875624
230.834497
365.591935
237.073267
9.000000
761.129966
283.240168
826.013175
311.938510
2.000000
587.692154
291.974446
602.665203
299.460970
2.000000
571.471352
290.726692
585.196645
298.213216
