7.000000
0.998976
2.497423
240.596391
107.389594
7.000000
705.618348
110.886000
782.539273
229.763792
2.000000
1.092601
163.332084
50.042281
222.770981
2.000000
34.308454
170.324895
142.697031
242.001212
2.000000
181.157493
177.317708
279.056852
221.022778
2.000000
282.553259
214.029967
331.502939
243.749416
2.000000
300.035287
212.281765
471.359165
317.173936
2.000000
121.718598
191.303332
307.028098
301.440110
2.000000
602.474380
222.770982
946.870340
390.598456
2.000000
621.704611
235.008402
1279.028881
589.893580
