6.000000
111.485879
0.997970
171.195845
32.321232
6.000000
647.896722
0.997970
677.262279
50.919417
6.000000
851.111731
162.489415
862.857954
192.833825
7.000000
849.154027
110.610264
873.625325
141.933526
7.000000
852.090583
143.891229
877.540731
155.637453
7.000000
856.984842
211.432010
878.519584
221.220529
7.000000
863.836807
218.283975
881.456140
233.945605
6.000000
886.350401
231.009049
900.054326
247.649533
7.000000
1050.797519
187.939565
1065.480297
211.432009
7.000000
1049.818669
214.368566
1068.416854
235.903308
7.000000
1238.737085
197.728086
1257.335271
211.432010
4.000000
900.054326
268.205422
919.631364
317.148017
7.000000
531.842862
239.166150
542.610233
258.743188
7.000000
531.842862
259.722039
544.567936
272.447113
2.000000
654.851924
282.398773
667.576998
297.081553
2.000000
643.105701
288.271885
658.767332
300.018109
2.000000
619.613256
281.419923
647.021109
305.891218
2.000000
614.718996
286.314182
634.296035
306.870071
2.000000
603.951626
289.250738
620.592108
311.764332
2.000000
567.734105
274.567958
610.803586
317.637442
2.000000
521.728065
277.504514
591.226550
330.362518
2.000000
222.688808
284.845905
313.722035
358.259797
2.000000
286.314182
270.163126
436.078523
380.773390
2.000000
0.000000
286.105614
287.604497
488.727959
2.000000
401.151317
279.342643
547.000251
376.248983
2.000000
672.605848
286.216298
690.225181
299.920224
2.000000
694.140590
277.406628
717.633033
301.877926
2.000000
713.717628
282.300889
729.379258
300.899075
2.000000
722.527296
283.279742
746.019741
303.835631
2.000000
737.210073
281.322037
761.681371
312.645299
2.000000
745.040888
281.322037
778.321851
317.539558
2.000000
753.850556
282.300889
789.089222
325.370373
2.000000
768.533333
280.343184
842.926078
340.053152
2.000000
1116.380597
253.522643
1175.111710
275.057385
2.000000
973.468218
249.607236
1203.498416
339.661612
2.000000
1245.589049
239.818716
1279.848865
335.746201
2.000000
1227.377050
364.152026
1279.256201
541.324221
6.000000
1270.446534
81.263827
1279.256201
137.058386
