7.000000
680.294058
224.774840
698.856546
245.024827
7.000000
678.606559
243.337328
705.606541
258.524817
7.000000
705.606541
216.337347
764.669000
278.774804
4.000000
886.168917
253.462322
957.043869
450.899686
4.000000
747.794012
314.212279
779.856490
380.024734
4.000000
741.044017
314.212279
759.606505
374.962237
4.000000
719.106532
314.212279
742.731516
381.712233
4.000000
698.856546
309.149782
719.106532
373.274738
4.000000
663.419069
320.962274
676.919061
347.962257
4.000000
639.794086
314.212279
676.919061
381.712233
2.000000
425.481734
327.712270
449.106717
366.524743
2.000000
447.419219
339.524762
486.231692
368.212242
2.000000
589.169121
320.962274
654.981576
383.399732
2.000000
489.606690
336.149764
523.356667
358.087249
2.000000
525.044166
336.149764
552.044148
353.024752
2.000000
295.544323
327.712270
450.794215
427.274702
9.000000
133.544434
314.212279
307.356815
415.462209
9.000000
0.000000
142.087396
136.919433
493.087156
