2.000000
440.762651
215.796416
462.770219
234.136056
2.000000
433.426795
217.019054
453.600398
237.192658
2.000000
501.283461
218.853017
514.121208
233.524728
1.000000
473.774000
202.347341
499.449495
233.524728
1.000000
534.294810
193.788848
616.823185
272.649297
1.000000
613.155258
197.456777
666.340213
235.970020
2.000000
670.008139
226.800199
690.181743
243.305875
2.000000
681.011922
225.577561
725.027056
265.924767
2.000000
591.147691
229.245490
697.517598
298.936119
2.000000
989.117861
238.415309
1187.185963
328.279540
1.000000
737.864803
185.230356
934.098942
274.483261
2.000000
413.253191
223.132271
444.430578
252.475694
2.000000
376.573914
223.132271
420.589048
256.143622
2.000000
328.890852
234.136056
378.407878
281.819116
2.000000
292.211575
232.302092
358.234276
285.487044
2.000000
217.019054
224.966235
321.554995
300.158756
2.000000
127.154822
235.970020
277.539863
322.166323
2.000000
0.000000
186.452994
160.166172
391.856951
2.000000
668.174177
232.302092
963.442366
406.528663
2.000000
1249.540737
193.788848
1278.884159
325.834250
4.000000
1174.348215
234.136056
1205.525601
314.830468
4.000000
985.449932
229.245490
1029.465066
317.275757
4.000000
405.917336
225.577561
424.256976
264.090803
4.000000
387.577697
225.577561
409.585265
267.758731
4.000000
422.423012
218.241705
440.762651
253.087020
4.000000
195.011486
217.630379
215.185090
237.803982
4.000000
101.479326
220.686981
136.324640
261.034186
7.000000
688.347779
171.169956
725.027056
185.841667
7.000000
648.000573
176.671847
664.506249
195.011486
7.000000
402.249408
162.000136
437.094721
174.837884
7.000000
413.253191
174.837884
435.260759
196.845450
7.000000
286.709682
180.339775
317.887069
206.015269
7.000000
218.853017
195.011486
240.860584
217.019054
7.000000
338.060672
180.339775
361.902203
195.011486
6.000000
341.728599
198.679415
358.234274
218.853018
6.000000
464.604182
157.109570
473.774000
175.449209
6.000000
673.676068
163.222788
684.679852
185.230356
6.000000
666.340213
163.222788
677.343996
187.064318
2.000000
504.951389
219.464343
526.958956
245.139837
