6.000000
460.167341
243.127793
469.380605
267.696497
6.000000
776.489406
200.132560
788.773757
236.985617
6.000000
721.209821
241.592249
735.029717
267.696497
6.000000
232.906828
193.990384
248.262268
232.378986
6.000000
219.086932
195.525928
232.906828
240.056705
6.000000
295.864132
221.630177
309.684028
250.805513
6.000000
312.755116
218.559089
325.039468
252.341056
6.000000
209.873668
287.658569
223.693564
304.549553
6.000000
302.006308
316.833905
318.897293
327.582713
6.000000
1052.887326
286.123025
1074.384942
307.620641
6.000000
128.489835
315.298361
137.703099
329.804156
7.000000
225.229108
261.554321
248.262268
281.516392
7.000000
222.158020
319.904993
248.262268
347.544785
7.000000
302.006308
335.260433
318.897293
350.615872
6.000000
303.541852
261.554321
312.755116
286.123025
7.000000
758.062877
246.198881
796.451478
279.980849
2.000000
44.034917
355.222505
59.390357
364.435770
2.000000
60.925899
356.758049
76.281338
367.506857
2.000000
80.887971
355.222505
100.850043
365.971313
2.000000
100.850043
353.686961
119.276570
369.042400
2.000000
131.560923
355.222505
146.916364
364.435770
2.000000
151.522996
353.686961
168.413980
365.971312
9.000000
156.129628
341.402609
186.840508
362.900225
2.000000
194.518228
350.615873
216.015844
367.506858
2.000000
214.480300
353.686961
237.513460
370.577945
9.000000
239.049004
350.615873
260.546620
369.042401
9.000000
337.323822
335.260433
380.319054
365.971312
9.000000
394.138948
292.265201
486.271589
378.255666
2.000000
389.532316
341.402609
461.702885
399.753281
2.000000
492.413765
344.473697
555.371069
393.611106
2.000000
552.299981
350.615873
599.901845
372.113490
2.000000
613.721741
344.473697
688.963397
399.753281
2.000000
1157.304319
289.194113
1280.000000
344.473697
2.000000
856.261721
342.094994
1280.000000
719.146434
