7.000000
833.856453
104.962423
894.606412
180.899871
2.000000
489.606690
234.899833
508.169177
256.837318
2.000000
467.669206
233.212335
499.731684
266.962311
2.000000
449.106717
226.462338
476.106700
270.337308
2.000000
425.481734
229.837337
465.981706
273.712307
2.000000
550.356648
233.212335
584.106626
273.712307
2.000000
703.919042
233.212335
906.418904
381.712230
2.000000
368.106773
233.212335
437.294226
280.462302
2.000000
573.981632
239.962330
631.356592
287.212297
2.000000
0.000000
206.212354
241.544359
374.962238
2.000000
791.668981
153.899889
1279.356146
486.337161
2.000000
0.000000
214.649925
162.913999
396.899861
