2.000000
788.840651
324.661157
858.930432
351.110131
2.000000
698.914137
329.950951
754.456983
344.497886
2.000000
647.338638
333.918297
693.624344
345.820336
2.000000
560.057023
343.175437
590.473344
349.787680
2.000000
467.485615
345.820336
533.608051
366.979515
7.000000
836.448802
179.191800
872.154917
217.542811
7.000000
837.844702
218.961685
881.485509
253.345352
7.000000
841.812048
253.345352
882.807958
266.569838
7.000000
1029.599765
183.255570
1071.918123
224.251480
2.000000
187.199942
335.337171
275.804006
381.622876
2.000000
989.859102
302.604045
1092.561081
348.453143
2.000000
1125.136860
293.434226
1270.020009
342.034269
6.000000
616.211874
312.690847
625.381694
332.864450
2.000000
554.905080
281.644457
595.252286
298.150133
