7.000000
37.432621
253.294070
63.635456
315.681771
7.000000
49.910163
218.356957
102.315832
252.046317
7.000000
667.548413
267.019366
687.512478
321.920544
7.000000
535.286483
289.478937
547.764024
305.699740
6.000000
172.190058
157.217009
190.906369
195.897385
6.000000
299.460971
155.969255
318.177282
198.392895
6.000000
445.448193
157.217009
466.660011
197.145138
6.000000
576.462368
153.473747
592.683170
197.145138
2.000000
0.000000
324.416051
179.676581
427.979637
2.000000
192.154123
331.902576
340.636854
399.281294
2.000000
505.340387
351.866640
591.435417
409.263326
2.000000
598.921941
349.371132
645.088840
373.078459
2.000000
491.615093
345.627869
534.038730
389.299261
