2.000000
407.800627
299.919724
454.182347
348.318044
2.000000
416.875311
299.919724
526.779822
372.517202
2.000000
33.721958
212.197774
392.676153
453.181069
2.000000
585.261127
271.687371
873.634436
422.932115
2.000000
948.248514
318.069093
1120.667522
386.633379
2.000000
1051.991216
308.753151
1123.081269
392.683169
4.000000
1106.551345
288.828444
1138.816891
394.699764
4.000000
1055.128133
299.919724
1101.509852
393.691466
6.000000
775.829502
137.583700
795.995469
202.114792
6.000000
205.132670
49.861747
228.323531
106.326448
6.000000
227.315231
57.928135
248.489496
106.326455
6.000000
174.883721
48.853450
192.024790
94.226874
2.000000
1260.170296
324.000221
1279.229132
394.517916
2.000000
389.943792
310.659036
409.002629
325.906105
2.000000
1093.390544
305.025824
1271.534904
395.582538
