7.000000
1059.358735
178.009806
1121.073048
284.907814
7.000000
682.714592
314.081775
712.469707
325.102188
7.000000
721.286038
336.122600
748.837070
373.592005
7.000000
733.408493
315.183814
753.245236
337.224640
7.000000
600.061494
368.081798
615.490072
405.551203
6.000000
678.306426
375.796088
708.061541
398.938956
7.000000
133.898019
298.653195
169.163341
314.081775
7.000000
136.102102
333.918517
165.857217
368.081798
7.000000
287.081763
341.632805
314.632795
353.755260
7.000000
272.755225
351.551178
293.694009
360.367509
2.000000
410.589104
428.379201
427.119725
443.807780
2.000000
394.058485
427.277162
412.793187
449.317987
2.000000
376.425825
428.379201
399.568692
453.726151
2.000000
573.691220
425.545410
672.874938
498.280137
2.000000
615.568788
431.055617
694.915763
518.116881
2.000000
658.548400
409.959368
830.649866
554.326779
2.000000
745.370188
419.877741
1246.798985
683.774525
2.000000
1121.166274
546.612490
1277.656140
718.530934
2.000000
52.186204
400.040996
329.900613
564.245151
2.000000
410.349630
366.979757
577.859909
556.530862
2.000000
334.308779
432.000194
380.594514
459.551227
6.000000
290.227126
286.530740
323.288365
320.694021
6.000000
515.043554
312.979731
538.186421
338.326683
2.000000
1.919525
425.587202
45.794495
481.274664
6.000000
526.731664
307.462283
545.294151
342.899759
