2.000000
695.879955
301.679988
714.239954
313.559986
2.000000
789.839947
298.439987
801.719946
308.159985
2.000000
757.439950
294.119986
767.159950
303.839986
2.000000
747.719951
296.279986
759.599950
305.999988
2.000000
737.999953
298.439987
747.719951
309.959973
6.000000
732.455955
269.999978
741.095956
279.719978
6.000000
741.095955
282.959978
748.655952
292.679979
6.000000
730.295955
282.959978
737.855952
292.679979
6.000000
779.975951
280.799977
788.615952
289.439978
2.000000
531.905339
286.077923
647.667101
316.016310
2.000000
37.921957
352.940321
84.825429
370.903353
