6.000000
970.543859
170.774878
997.543840
236.587332
6.000000
955.356369
273.712307
987.418846
302.399787
7.000000
692.106549
44.212465
730.919023
89.774933
7.000000
670.169064
196.087360
712.356536
233.212335
6.000000
722.481529
103.274924
762.981502
191.024864
7.000000
693.794049
0.000000
732.606523
57.712455
4.000000
180.794403
270.337309
211.169381
359.774748
4.000000
957.043869
326.024770
1002.606337
457.649679
4.000000
975.606355
339.524762
1004.293836
390.149727
4.000000
918.231395
327.712270
967.168861
455.962182
4.000000
393.419257
280.462302
435.606728
374.962237
4.000000
1012.731330
354.712250
1041.418810
442.462191
2.000000
1186.543710
405.337216
1218.606188
462.712177
2.000000
1065.043794
354.712250
1188.231209
467.774672
2.000000
1211.856193
374.962237
1274.293650
471.149671
2.000000
1248.981168
369.899740
1279.356148
484.649662
