2.000000
467.129428
354.642191
482.320628
367.301524
2.000000
479.788761
358.439992
492.448095
374.897125
2.000000
496.245894
362.237791
513.968960
376.163058
2.000000
513.968962
354.642191
527.894229
367.301524
2.000000
520.298628
357.174057
544.351361
377.428991
2.000000
541.819495
352.110324
575.999695
379.960857
2.000000
557.010695
341.982857
639.296364
401.481725
2.000000
981.098349
370.918474
1117.819151
475.990942
1.000000
0.000000
198.329558
327.876738
429.995363
2.000000
254.452604
312.432356
478.522807
475.737758
2.000000
572.201875
347.878488
688.667743
441.810739
6.000000
486.118408
312.685538
492.448075
325.344872
6.000000
488.650274
336.738272
498.777740
345.599806
6.000000
473.459074
329.142671
483.586541
344.333872
6.000000
463.331607
339.270138
474.725009
350.663538
