2.000000
935.106384
354.712250
946.918876
368.212243
2.000000
924.981390
354.712250
936.793882
368.212243
2.000000
914.856397
358.087249
928.356390
373.274738
2.000000
908.106402
351.337253
921.606393
369.899740
2.000000
884.481418
347.962255
914.856397
374.962238
2.000000
857.481437
349.649755
894.606411
386.774729
2.000000
968.856360
349.649755
1005.981335
386.774729
2.000000
977.293854
346.274757
1149.418735
498.149652
2.000000
619.544101
309.149782
762.981502
435.712193
2.000000
489.606690
356.399750
665.106569
472.837172
2.000000
128.481938
356.399750
511.544173
557.212112
2.000000
803.481475
344.587258
862.543932
398.587221
2.000000
0.232026
226.462339
182.481901
587.587091
2.000000
999.231339
393.524724
1279.356145
719.212000
