7.000000
788.580555
285.735675
814.783391
296.965462
7.000000
541.525254
311.938511
561.489319
321.920542
2.000000
591.435415
351.866640
625.124774
383.060492
2.000000
683.769214
348.123378
708.724295
378.069474
2.000000
707.476541
350.618887
741.165900
380.564983
2.000000
733.679377
345.627869
789.828309
393.042522
2.000000
536.534239
339.389100
591.435417
411.758834
2.000000
457.925733
333.150329
562.737072
427.979637
2.000000
383.060492
341.884609
531.543223
461.668997
2.000000
69.874226
346.875625
475.394289
562.737074
2.000000
772.359753
336.893591
824.765422
406.767817
2.000000
801.058096
325.663805
885.905370
422.988620
2.000000
847.224994
306.947495
1000.698741
446.695946
2.000000
940.806549
238.321021
1278.947895
542.773008
