6.000000
502.611754
134.463890
507.004972
147.643549
6.000000
497.120227
131.796586
501.513449
143.877941
2.000000
487.235485
185.142820
497.120229
192.830954
2.000000
496.021923
185.142820
521.282935
210.403832
2.000000
511.398190
187.339428
528.971069
215.895356
2.000000
522.381241
174.159771
550.937168
227.976707
2.000000
472.957520
180.749600
488.333789
188.437734
2.000000
471.859216
190.634344
488.333789
202.715695
4.000000
1219.491053
138.857110
1261.226639
247.589289
4.000000
1260.128332
156.429989
1279.033175
275.046915
2.000000
537.949716
161.921514
635.698850
252.610121
9.000000
649.470823
1.569000
1125.036835
324.470634
4.000000
1115.152089
163.019820
1157.985979
293.718098
6.000000
1193.058643
38.955501
1232.597617
71.904647
