2.000000
110.699961
256.499910
132.299955
271.445748
2.000000
259.199909
249.749913
271.349905
257.849909
2.000000
229.499920
251.099912
244.349914
260.549909
2.000000
348.299878
240.299916
359.099874
252.449912
2.000000
745.199739
225.449921
795.149722
260.549909
2.000000
0.000000
241.649915
102.599964
309.149892
2.000000
299.699895
242.999914
323.729891
263.249907
2.000000
282.149901
247.049913
301.049895
263.249907
2.000000
265.949908
245.699914
284.849900
263.249908
2.000000
180.899938
245.699914
222.749922
276.749902
7.000000
275.939903
197.099931
321.839886
217.349923
7.000000
822.959719
207.899927
845.909711
236.249917
7.000000
735.209752
214.649925
754.109744
225.449921
7.000000
609.659795
193.049932
636.659785
218.699923
7.000000
369.629875
224.099922
387.179869
240.299915
2.000000
318.329892
242.999914
327.779887
255.149910
2.000000
353.429880
244.349914
368.279875
256.499910
2.000000
332.163872
244.913454
347.470962
257.159126
