7.000000
802.293904
224.610773
832.108815
247.764875
7.000000
624.969609
279.778330
665.688521
300.794544
7.000000
664.375007
278.464818
693.272301
298.167518
7.000000
568.488537
288.972925
594.758801
303.421572
7.000000
596.072317
281.091845
622.342581
294.226977
7.000000
468.661526
288.972925
546.158812
311.302651
7.000000
865.342543
281.091845
877.164163
299.481030
7.000000
697.212840
315.243191
707.720946
333.632378
2.000000
341.250738
344.140483
393.791268
363.843182
2.000000
401.672348
338.886430
445.018287
355.962103
2.000000
794.412824
317.870217
819.369578
338.886430
2.000000
757.634452
319.183729
789.158770
338.886428
2.000000
824.623630
323.124269
850.893894
340.199942
2.000000
1185.839786
311.302651
1277.785716
341.513455
2.000000
1087.326289
315.243191
1162.196544
340.199944
2.000000
1041.353322
315.243191
1086.012775
338.886432
2.000000
978.304684
307.362110
1036.099270
337.572914
2.000000
936.272259
317.870217
978.304684
336.259402
2.000000
623.656097
336.259402
648.612850
349.394535
2.000000
568.488537
337.572916
588.191236
357.275616
2.000000
645.985822
332.318864
656.493929
357.275617
2.000000
110.072399
354.648589
187.569684
383.545883
2.000000
472.602067
331.005350
577.683132
394.053988
2.000000
652.553389
321.810757
707.720948
362.529670
2.000000
854.834436
316.556705
902.120913
341.513456
2.000000
891.612808
321.810757
936.272261
344.140483
2.000000
0.000000
359.902642
70.666998
388.799936
7.000000
811.144095
251.576642
828.297047
266.823711
