2.000000
246.444161
351.042633
284.711887
380.126108
2.000000
179.092964
349.511923
260.220547
390.841070
2.000000
623.610871
346.552539
640.448671
360.328933
2.000000
473.601382
331.245460
592.996691
409.311623
2.000000
367.982478
308.284824
478.193532
389.412407
2.000000
772.089653
346.552551
796.580998
366.451769
2.000000
825.664472
349.613969
850.155821
371.043897
1.000000
850.155820
318.999787
943.529072
383.289568
2.000000
905.261344
345.021842
992.511762
397.065950
9.000000
654.378134
251.801645
779.896278
410.995387
7.000000
492.888325
305.835678
508.195418
321.142771
6.000000
835.767162
137.457677
852.604962
174.194694
7.000000
1135.786143
280.119763
1169.461740
293.896142
7.000000
1183.850444
238.790616
1234.363842
263.281965
7.000000
1144.052007
300.018981
1160.889808
313.795363
