2.000000
486.898216
361.131149
524.628336
384.487891
2.000000
597.393567
358.436141
628.835334
389.877907
2.000000
623.445316
297.349279
724.957308
395.267923
2.000000
772.569124
335.977736
858.809399
418.624663
2.000000
861.863764
357.537804
906.780573
375.504526
2.000000
899.593884
359.334477
949.900709
376.402863
2.000000
945.409029
355.741132
1014.580917
379.996209
2.000000
996.614193
356.639469
1074.769441
381.792882
2.000000
1058.599390
349.452779
1176.281431
388.979573
2.000000
1178.078104
356.639469
1279.230737
395.267925
2.000000
510.254956
358.436141
602.783585
417.726329
2.000000
630.182837
345.859435
820.630111
507.559948
2.000000
0.907692
330.587718
439.894641
550.680086
7.000000
492.647562
332.025062
513.309294
345.500104
7.000000
514.207631
335.618407
542.056052
344.601769
7.000000
525.886001
332.025062
538.462709
337.415079
7.000000
596.854559
300.583295
613.922948
320.346691
