2.000000
288.730715
369.431846
306.664299
383.778714
2.000000
277.970564
371.225205
290.524072
390.952148
2.000000
267.210413
364.051771
281.557281
392.745507
2.000000
254.656904
362.258412
276.177205
396.332224
2.000000
159.608904
374.811922
197.269432
407.092374
2.000000
120.155018
378.398638
161.402263
412.472451
2.000000
525.454034
349.704905
577.461429
392.745508
2.000000
963.033502
322.206744
1052.701426
374.214140
2.000000
975.587011
325.793459
1050.908067
379.594213
2.000000
983.477788
332.847335
1279.381936
447.622276
2.000000
610.459224
332.847335
798.761865
449.415637
2.000000
301.284226
320.293826
414.265810
420.721900
9.000000
411.127432
347.014865
438.027810
375.708601
9.000000
430.854374
282.453962
533.075807
411.575771
2.000000
184.715923
364.649562
274.383847
414.863598
9.000000
0.000000
338.048073
127.776791
454.616376
6.000000
385.572072
256.450260
398.125582
283.350638
6.000000
622.295391
240.310036
634.848901
263.623694
6.000000
631.262184
238.516677
640.228976
265.417054
7.000000
642.022334
252.265754
708.376598
270.199339
7.000000
719.136749
288.730715
742.450409
299.490866
7.000000
726.310183
301.284226
737.070334
315.631094
6.000000
864.398786
288.730715
884.125729
308.457658
6.000000
880.539012
286.937356
905.646030
306.664299
