2.000000
516.606672
297.337290
557.106642
329.399766
2.000000
636.419090
287.212297
651.606578
314.212279
2.000000
751.169010
282.149801
822.043963
337.837262
2.000000
654.981576
300.712288
683.669055
312.524780
2.000000
702.231544
297.337290
744.419014
310.837280
2.000000
995.856342
273.712307
1059.981296
307.462284
9.000000
211.169382
29.024975
374.856769
326.024771
2.000000
148.731924
302.399787
283.731830
329.399766
2.000000
503.106681
300.712288
523.356665
327.712270
2.000000
477.794198
304.087285
503.106683
319.274774
2.000000
553.731645
288.899796
658.356574
380.024734
2.000000
783.231488
266.962311
1065.043795
418.837207
2.000000
1019.481325
260.212316
1279.356147
388.462228
7.000000
1022.856323
202.837355
1110.606263
256.837316
9.000000
560.481641
266.962311
624.606597
300.712288
