2.000000
386.821181
402.834396
416.708895
434.021578
2.000000
364.730262
405.433328
384.222250
421.026919
2.000000
340.040411
410.631187
367.329192
431.422643
2.000000
327.045753
406.732791
338.740945
426.224780
2.000000
308.853231
410.631187
327.045753
428.823710
2.000000
282.863915
410.631187
308.853231
435.321038
2.000000
269.869258
426.224778
280.356833
440.518901
2.000000
241.544360
415.462209
273.606838
447.524687
2.000000
0.232026
445.837188
180.794402
609.524576
7.000000
249.981854
395.212223
276.981836
408.712214
2.000000
417.044239
390.149727
430.544230
408.712214
