2.000000
1.092600
314.676514
41.301264
344.395961
2.000000
37.804860
304.936516
125.215002
346.893382
2.000000
221.366158
304.936516
254.582013
331.159557
2.000000
251.085607
304.936516
303.531694
334.655963
2.000000
308.776301
308.432921
334.999344
332.907761
2.000000
1207.352565
299.691907
1277.280679
373.116427
2.000000
1076.237352
294.447299
1244.064826
359.130802
2.000000
980.086195
285.706284
1105.956800
338.152368
2.000000
941.625732
285.706284
1013.302049
329.411356
2.000000
775.546463
283.958082
817.503329
311.929327
2.000000
749.323419
280.461676
782.539273
304.936518
2.000000
728.344985
280.461676
756.316232
301.440109
2.000000
714.359362
282.209878
733.589592
297.943705
2.000000
705.618348
282.209878
721.352175
299.691908
2.000000
633.942031
275.217067
653.172261
292.699095
2.000000
621.704610
271.720662
637.438437
285.706284
7.000000
855.963793
221.022779
871.697618
229.763793
7.000000
165.423667
231.511996
182.905696
254.238633
2.000000
415.416675
303.188314
432.898704
317.173937
2.000000
434.646906
304.936516
450.380732
318.922139
2.000000
467.862760
301.440111
487.092990
313.677530
2.000000
448.632529
306.684720
464.366356
318.922139
7.000000
173.437812
306.947496
192.154123
325.663806
