2.000000
533.638919
330.410338
551.120949
350.514671
2.000000
499.986014
330.410338
515.719840
342.647757
2.000000
444.043523
346.726896
459.777348
351.971503
2.000000
437.050712
348.475099
452.784536
364.208924
2.000000
461.525552
350.223301
484.252189
365.957127
2.000000
423.065089
347.309635
438.798915
363.043460
2.000000
396.842046
352.554243
423.065089
377.029083
2.000000
304.187295
342.065024
409.079465
422.482355
2.000000
290.201673
354.885178
312.928310
389.849235
2.000000
489.933848
344.395961
550.028295
384.604626
2.000000
594.826019
337.403150
701.466393
405.583062
2.000000
31.904702
312.928310
306.372549
535.699292
6.000000
283.645912
338.277251
301.127940
355.759279
6.000000
433.991357
284.082963
451.473386
306.809600
6.000000
579.092193
275.341948
601.818830
294.572181
6.000000
374.552461
285.831166
395.530894
303.313195
6.000000
292.386926
320.795223
309.868956
336.529048
2.000000
420.005734
354.885178
467.207213
388.101032
4.000000
838.481764
317.173936
861.208402
373.116427
4.000000
890.927848
313.677530
913.654485
362.627209
4.000000
718.948421
333.906744
738.178652
363.626192
7.000000
682.236161
254.363514
711.955610
278.838354
7.000000
613.619199
316.424714
629.353024
335.654947
4.000000
777.294665
323.667270
812.258722
381.357963
