2.000000
498.356284
337.729053
523.817009
354.203639
2.000000
329.117338
336.231365
387.527241
384.157439
2.000000
578.482689
340.724434
645.878731
385.655127
7.000000
689.884522
332.786677
716.494811
344.768197
7.000000
536.772029
330.689911
545.758168
345.666807
7.000000
547.255858
269.284625
556.241997
285.759222
9.000000
544.675455
283.063376
628.131108
376.668981
1.000000
707.923645
1.497691
1278.543468
638.015856
6.000000
482.503986
331.575806
492.993203
345.561430
2.000000
1.092601
353.886195
51.790484
439.548135
