2.000000
638.211443
411.117800
650.936518
423.842875
2.000000
631.359478
410.138949
642.126850
427.758283
2.000000
621.570959
407.202393
637.232590
430.694838
2.000000
597.099661
403.286986
628.422922
435.589099
2.000000
583.395735
411.117800
615.697848
443.419913
2.000000
573.607216
411.117800
598.078514
451.250727
2.000000
564.797549
408.181244
588.289995
457.123839
2.000000
677.169766
410.726265
687.937136
423.451341
2.000000
683.042876
412.683969
695.767951
428.345599
2.000000
692.831395
413.662821
709.471878
432.261007
2.000000
701.641064
408.768560
732.964324
439.112969
2.000000
713.387286
411.705116
744.710547
446.943786
2.000000
730.027768
413.662821
775.054957
456.732305
2.000000
764.287585
414.641672
825.955256
478.267047
2.000000
743.731695
416.599377
787.780031
466.520824
2.000000
789.513993
414.054356
859.012477
499.214470
7.000000
936.308560
305.010253
961.758709
324.587291
2.000000
228.428443
388.618112
462.374049
557.959492
2.000000
464.331752
399.385483
504.464680
414.068261
2.000000
440.839307
397.427779
503.485829
417.983670
2.000000
493.697302
397.427779
582.772825
471.820523
2.000000
650.313606
406.237446
677.721459
432.666447
2.000000
828.761299
391.867056
1055.558294
551.419916
