6.000000
237.073268
298.213217
247.055301
319.425035
6.000000
248.303056
297.277401
257.037335
320.984726
6.000000
257.037332
298.525154
264.523856
319.736971
4.000000
174.685566
410.511080
189.658613
450.439208
2.000000
34.937112
418.309543
124.775404
469.467459
2.000000
0.000000
417.819353
48.194481
473.968286
4.000000
1026.901578
369.335198
1069.325216
450.439208
9.000000
674.909824
318.801158
870.620384
493.174785
2.000000
607.406672
400.529049
617.388701
424.236375
2.000000
780.186584
404.857195
1128.309963
582.038270
2.000000
378.069475
406.268724
405.520065
426.232787
2.000000
476.642044
401.277708
497.853863
416.250755
2.000000
560.241564
395.038936
581.453386
416.250755
2.000000
580.205630
398.782199
596.426432
410.011985
2.000000
440.457177
402.525463
454.182473
416.250756
2.000000
424.548313
403.960371
450.751147
421.428928
2.000000
523.120882
400.217109
584.260832
447.631764
2.000000
611.711420
401.464863
649.144045
428.915452
7.000000
621.693452
329.095128
647.896287
339.077158
6.000000
550.584330
312.428351
565.115881
335.032987
7.000000
972.312338
199.016769
1022.222501
241.440406
7.000000
540.896629
312.428351
550.584330
344.720687
9.000000
19.375402
347.949921
51.667738
359.252239
