1.000000
445.436344
205.115017
913.833324
352.063091
2.000000
574.015907
281.650472
658.204907
376.554435
2.000000
425.537126
270.935508
609.222216
416.352871
2.000000
649.020652
277.058345
994.960906
569.423780
2.000000
0.000000
547.381578
41.329145
633.101287
2.000000
38.267727
259.608270
520.441089
562.688669
7.000000
280.119763
221.952817
309.203235
231.137072
7.000000
298.488272
229.606363
318.387491
238.790617
7.000000
301.549690
237.259908
319.918198
246.444163
7.000000
296.957563
247.974872
338.286708
258.689834
2.000000
908.016648
276.139921
953.937921
308.284811
4.000000
1257.324480
207.572815
1278.369116
458.294314
6.000000
916.894742
130.110272
936.793960
159.193745
6.000000
740.863197
165.316581
753.108870
192.869346
6.000000
753.108870
163.785872
765.354543
192.869345
6.000000
661.266325
192.869345
673.511998
215.829981
