2.000000
0.000000
226.267387
62.279700
289.202689
2.000000
1256.302245
177.317708
1279.028882
226.267389
2.000000
53.538687
235.008402
105.984771
275.217067
2.000000
361.222387
186.058722
443.387922
268.224256
2.000000
348.984967
221.022779
366.466996
250.742226
9.000000
107.732974
170.324896
287.797868
303.188314
2.000000
950.366746
140.605448
1233.575608
257.735038
2.000000
502.826817
187.806925
558.769308
210.533562
6.000000
560.517511
40.957886
576.251338
89.907565
6.000000
516.812440
42.706089
541.287280
89.907565
7.000000
543.035482
93.403972
571.006728
119.627015
6.000000
565.762119
121.375217
595.481567
145.850057
6.000000
520.308847
124.871622
544.783687
151.094666
7.000000
719.603970
79.418348
758.064433
95.152175
2.000000
285.735676
238.321022
303.204232
249.550809
2.000000
370.582951
197.145139
470.403274
270.762627
