6.000000
508.169178
269.999814
516.606672
283.499805
6.000000
536.856658
273.374812
541.919155
286.874802
6.000000
557.106643
271.687312
562.169140
286.874802
6.000000
543.606653
273.374812
553.731645
288.562302
2.000000
852.418940
291.937299
911.481399
317.249782
2.000000
919.918894
293.624799
970.543859
315.562284
2.000000
975.606355
295.312297
1049.856304
323.999777
2.000000
1100.481271
288.562302
1181.481215
325.687276
2.000000
1238.856174
280.124807
1279.356146
313.874784
2.000000
536.856658
286.874804
555.419145
303.749791
2.000000
557.106643
285.187304
573.981632
300.374792
2.000000
575.669130
291.937299
599.294115
307.124789
2.000000
602.669112
293.624799
638.106588
315.562284
2.000000
514.919173
285.187304
530.106662
300.374792
2.000000
499.731683
283.499805
513.231673
300.374792
2.000000
476.106698
288.562302
489.606689
302.062292
