2.000000
585.695750
432.222012
646.835698
504.591745
2.000000
581.952487
474.645649
666.799761
554.501907
2.000000
630.614895
472.150141
711.718907
575.713727
2.000000
659.313248
465.911371
913.855072
638.101429
2.000000
871.431435
478.388911
973.747266
527.051319
2.000000
391.046119
342.383721
590.686767
535.785597
2.000000
0.779826
394.646787
618.418078
719.062838
2.000000
866.542898
374.682722
1277.053978
717.815084
7.000000
353.613496
326.911559
366.091037
338.141346
7.000000
497.105211
333.150329
509.582752
343.132363
7.000000
643.092436
341.884607
654.322221
350.618885
7.000000
786.584160
439.209423
807.795979
460.421242
7.000000
61.639050
456.677980
71.621082
469.155520
6.000000
348.968205
338.973179
368.932270
370.167031
6.000000
493.707674
342.716441
511.176230
348.955211
6.000000
640.942651
358.105410
655.915699
384.308245
6.000000
51.469854
424.860252
68.938411
453.558594
6.000000
68.938411
437.337792
80.168197
453.558594
6.000000
128.830605
438.585547
142.555899
457.301858
6.000000
661.621581
453.558595
672.851368
473.522659
4.000000
14.505122
464.164504
24.487154
511.579158
4.000000
4.523089
464.164504
18.248386
507.835896
