7.000000
201.264369
488.196517
225.427075
501.376176
7.000000
238.606734
478.311774
268.260967
493.688042
7.000000
518.674478
458.542286
538.443966
483.803298
2.000000
145.250820
529.932103
158.430478
542.013456
2.000000
130.972856
532.128713
151.840648
549.701591
2.000000
119.989808
533.227017
135.366076
548.603286
2.000000
104.613539
537.620237
124.383028
554.094810
2.000000
55.189820
537.620237
106.810149
570.569383
2.000000
260.572832
507.966005
288.030454
518.949055
2.000000
271.555881
515.654139
294.620283
545.308371
2.000000
205.657588
510.162615
288.030454
578.257517
2.000000
297.915198
499.179566
327.569429
529.932102
2.000000
322.077906
498.081261
348.437223
534.325323
2.000000
333.060954
487.098213
400.057551
548.603286
2.000000
387.976198
489.294822
419.827039
518.949055
2.000000
794.898154
416.806701
899.237116
471.721944
2.000000
882.762544
412.413481
1024.443874
467.328726
2.000000
1014.559129
394.840603
1204.565874
465.132115
2.000000
579.630398
429.986359
826.748997
603.518530
