2.000000
724.004875
288.348263
735.758202
311.854915
2.000000
712.251550
290.698927
729.881540
314.205580
2.000000
830.960141
288.348263
843.888799
300.101590
2.000000
840.362802
283.646933
874.447447
318.906909
2.000000
855.642127
290.698927
897.954100
350.640889
2.000000
862.694122
293.049593
900.304765
363.569550
2.000000
874.447447
274.244272
1017.838024
392.952863
2.000000
812.742486
286.193486
833.898472
308.524805
2.000000
793.937164
283.842821
817.443815
317.927467
2.000000
661.124582
290.894816
678.754572
315.576802
2.000000
630.565934
285.018153
665.825912
323.804127
2.000000
614.111277
293.245482
644.669925
328.505458
2.000000
588.253960
286.193486
621.163273
333.206789
2.000000
368.466768
279.141490
484.824693
360.239439
2.000000
241.530847
293.245482
395.499416
381.395425
2.000000
0.000000
266.176103
254.512933
417.794006
2.000000
463.081040
274.440159
595.893623
366.116101
2.000000
727.530873
274.440159
806.278157
343.784781
2.000000
665.238246
290.894816
718.128211
327.330127
2.000000
890.118561
289.131815
1136.938405
463.081040
4.000000
1177.160869
263.164304
1278.239472
488.828161
7.000000
596.285396
201.373651
608.038721
222.529638
7.000000
595.110062
241.334959
612.740051
262.490947
