2.000000
416.352871
346.246391
431.659963
360.022773
2.000000
387.269400
335.531427
413.291454
358.492063
2.000000
387.269400
343.184972
399.515071
356.961354
2.000000
387.269400
352.369227
399.515071
364.614898
2.000000
457.682017
329.408592
465.335562
356.961354
9.000000
427.067835
329.408592
460.743435
367.676317
2.000000
350.532382
346.246391
371.962309
367.676318
2.000000
335.225290
346.246391
359.716635
367.676318
2.000000
321.448908
347.777100
344.409543
369.207027
2.000000
292.365434
344.715682
326.041033
375.329862
2.000000
267.874090
349.307809
289.304017
375.329864
2.000000
231.137072
346.246391
277.058345
387.575536
2.000000
197.461471
350.838517
243.382744
395.229080
2.000000
130.110272
349.307819
208.176437
401.351927
2.000000
71.943326
349.307809
157.663035
412.066881
2.000000
0.000000
344.715682
93.373254
425.843263
2.000000
492.888326
343.184972
523.502507
361.553483
4.000000
515.848962
332.470008
526.563924
363.084190
4.000000
645.959234
306.447954
671.981288
393.698372
3.000000
609.222217
318.693627
653.612780
398.290500
0.000000
673.511998
327.877882
731.678942
392.167662
0.000000
722.494688
354.359153
759.231704
395.688299
7.000000
741.073665
194.706191
765.565011
236.035336
