2.000000
371.235997
235.515310
587.790328
403.170277
2.000000
815.322068
278.426996
959.026325
367.244210
2.000000
748.459670
265.453696
855.239915
337.305825
2.000000
683.593164
267.449589
761.432970
318.344844
2.000000
651.658886
277.429052
686.587003
307.367439
2.000000
622.919098
276.074810
654.652725
297.387975
2.000000
602.759521
275.433159
630.702015
292.398245
2.000000
593.778004
273.437266
604.356611
290.402352
7.000000
664.632188
249.486557
682.595220
265.453696
7.000000
711.535659
238.509149
732.492529
264.455751
