2.000000
619.937179
391.351298
633.713560
406.658389
2.000000
644.428526
383.697751
656.674198
394.412714
2.000000
509.360557
389.820589
547.993853
418.904062
2.000000
544.932434
386.759170
590.054968
426.557607
2.000000
280.119763
377.574916
330.633164
434.211152
2.000000
306.141816
346.960735
517.379669
506.154482
2.000000
0.000000
348.491444
240.321325
489.316680
7.000000
293.896143
302.570170
324.510326
322.469388
7.000000
333.694580
307.162298
382.677269
334.715064
7.000000
499.221631
298.488273
601.568669
353.083570
7.000000
604.630089
297.978044
662.797036
345.430026
7.000000
692.090975
208.788722
725.766574
234.810775
2.000000
607.901975
397.984362
621.678356
414.822161
2.000000
591.888933
397.970170
606.560646
414.475844
