2.000000
155.679611
331.318148
241.502988
359.260643
2.000000
867.606430
340.299663
1172.586816
530.907393
2.000000
1159.613516
366.246265
1210.508774
389.199029
2.000000
362.254480
329.322255
403.170275
361.256534
2.000000
407.162061
324.332523
448.077856
362.254480
2.000000
441.092232
259.466020
836.278938
608.747199
2.000000
165.659075
333.314040
268.447535
371.235997
2.000000
1012.915419
378.221619
1278.369115
654.652725
6.000000
47.901420
162.665236
67.860344
199.589246
6.000000
80.833645
166.657019
92.809000
199.589244
6.000000
637.687639
175.638536
654.652725
215.556385
6.000000
942.061238
239.507093
967.168861
260.887321
6.000000
315.351008
305.371545
329.322255
324.332523
6.000000
333.314040
307.367438
346.287341
322.336631
6.000000
66.862396
158.673450
78.837752
200.587192
6.000000
658.644510
175.638536
673.544063
213.560493
7.000000
929.087937
227.531739
963.018109
240.505040
7.000000
906.135174
260.463964
939.067399
280.422889
