2.000000
639.463833
221.399924
666.463823
237.599918
2.000000
663.763823
215.999924
709.663806
267.299906
2.000000
600.313846
226.799922
619.213840
249.749914
2.000000
366.763927
232.199920
423.463907
259.199910
2.000000
320.863944
228.149921
350.563933
253.799912
2.000000
146.714004
228.149921
200.713986
253.799912
2.000000
9.014052
248.399914
88.664024
296.999897
2.000000
265.513963
234.899918
308.713949
275.399903
2.000000
185.863991
242.999916
242.563971
280.799903
2.000000
519.313875
226.799922
627.313836
301.049896
2.000000
675.913819
225.449921
790.663779
307.799891
7.000000
941.863726
133.649954
971.563716
145.799950
