9.000000
794.841620
268.595635
904.147550
390.830224
1.000000
315.305923
255.666975
462.222497
344.992253
9.000000
908.848881
297.978948
1066.343448
383.778229
2.000000
604.437741
336.764925
630.295057
354.394914
2.000000
630.295057
333.238926
654.977042
355.570245
2.000000
753.704980
339.115590
778.386964
364.972907
2.000000
768.984303
337.940257
801.893615
370.849570
2.000000
543.320444
327.362264
584.457086
370.849570
2.000000
498.657807
326.186933
557.424436
379.076899
2.000000
455.170502
332.063595
533.917785
394.356223
2.000000
377.598551
317.959605
475.151156
427.265535
2.000000
0.000000
310.287805
384.749973
567.685641
2.000000
884.266323
297.359145
1279.178073
621.750940
2.000000
650.546588
329.093125
702.261221
370.229766
2.000000
708.137886
334.969789
752.800524
369.054434
6.000000
602.669112
283.837300
619.544100
300.712288
6.000000
746.106513
278.774803
762.981502
299.024789
