2.000000
0.000000
409.298145
37.620932
551.461474
2.000000
599.510473
375.245067
645.796208
400.592018
2.000000
273.306245
351.000158
435.306318
459.000206
2.000000
29.755115
373.040984
301.959319
508.592066
2.000000
758.204422
377.449149
783.551373
392.877726
2.000000
544.408408
381.857314
589.592101
410.510388
2.000000
634.775795
368.632819
749.388091
460.102247
2.000000
653.510497
357.612404
704.204398
370.836900
4.000000
813.306487
362.020571
835.347314
418.224678
6.000000
633.673754
326.755249
640.286002
342.183827
6.000000
642.490084
328.959331
650.204375
339.979745
4.000000
534.490036
380.755273
540.000242
401.694057
