7.000000
840.606447
199.124864
1005.981335
300.374794
7.000000
567.231637
329.062275
600.981614
349.312260
7.000000
567.231637
307.124789
582.419126
327.374775
7.000000
538.544156
318.937280
555.419144
327.374774
7.000000
40.731998
280.124807
84.606968
296.999797
7.000000
103.169455
269.999815
120.044445
286.874804
6.000000
238.169362
263.249819
246.606857
290.249800
6.000000
226.356871
258.187322
236.481865
293.624798
6.000000
177.419404
330.749773
184.169400
352.687258
6.000000
471.044202
308.812288
477.794198
327.374775
6.000000
516.606671
312.187285
519.981669
327.374775
6.000000
579.044128
268.312316
589.169120
298.687295
6.000000
147.044426
264.937318
158.856918
293.624798
6.000000
130.169438
296.999795
143.669428
318.937280
6.000000
94.731961
293.624798
104.856954
315.562283
6.000000
81.231970
293.624798
87.981967
318.937280
6.000000
33.982003
281.812306
45.794495
313.874783
2.000000
420.419236
361.124752
449.106717
389.812233
2.000000
393.419256
366.187248
422.106736
389.812233
2.000000
314.106810
359.437253
395.106755
393.187230
2.000000
263.481845
366.187248
320.856805
381.374738
2.000000
246.606857
371.249745
341.106792
433.687203
2.000000
0.232027
352.687258
283.731832
560.249615
2.000000
442.356721
349.312260
538.544155
371.249745
2.000000
435.606728
366.187248
570.606634
396.562227
2.000000
168.981911
381.374738
678.606560
717.489477
6.000000
604.356611
345.937263
617.856602
367.874748
2.000000
665.106570
354.374756
800.106476
410.062218
2.000000
705.606541
349.312260
800.106476
425.249708
2.000000
800.106476
335.812268
989.106346
455.624686
2.000000
1173.043720
317.249782
1232.106178
337.499768
2.000000
1174.731219
335.812268
1279.356148
489.374664
