7.000000
556.052074
163.092922
679.797406
207.002556
7.000000
34.553873
196.025146
135.346441
217.979963
2.000000
553.200800
273.864952
564.178208
287.836198
2.000000
534.239821
270.871113
552.202856
291.827984
2.000000
497.315811
244.924511
537.233660
298.813610
1.000000
561.184369
234.945049
602.100165
274.862898
2.000000
608.943224
266.879327
631.895986
289.832094
2.000000
360.454613
250.912189
380.413537
263.885490
2.000000
384.405323
268.875222
408.356033
295.819770
2.000000
620.063197
265.881382
655.989261
293.823876
2.000000
558.190530
265.881382
617.069357
312.784855
2.000000
448.416446
251.910135
522.264467
313.782801
2.000000
313.408574
257.897811
396.238112
313.782801
