7.000000
57.296828
60.110528
114.849460
109.989475
7.000000
67.528407
111.268422
112.291563
144.521052
7.000000
504.928408
98.478948
565.038936
135.568422
7.000000
576.549461
93.363158
620.033672
139.405265
3.000000
1184.856212
210.262355
1236.486307
251.952632
3.000000
1129.168750
227.652633
1193.002098
271.012314
3.000000
1080.454727
217.012351
1124.106253
269.324815
3.000000
1066.386306
221.257895
1089.407359
268.578949
3.000000
1013.949463
219.978948
1056.154727
271.136843
3.000000
939.770515
226.373685
1013.949461
289.042106
3.000000
903.959989
236.605264
990.928411
294.157896
6.000000
1022.902095
116.384211
1045.923148
162.426318
3.000000
150.659984
227.652633
259.370511
323.573687
3.000000
0.232026
251.952634
149.381037
438.678950
5.000000
0.000000
194.400001
98.223143
437.400003
3.000000
696.770515
213.584212
781.181040
306.947370
4.000000
305.669316
183.262375
351.231785
291.262300
4.000000
287.106829
178.199878
327.606801
304.762291
