2.000000
456.354785
383.948883
479.711527
401.915607
2.000000
450.964767
386.643891
465.338146
406.407288
2.000000
420.421337
391.135571
449.168097
407.305624
2.000000
382.391778
394.070162
409.341863
415.630231
2.000000
346.458328
384.188463
381.493440
420.121913
2.000000
269.201417
369.815083
350.950010
426.410264
2.000000
503.966603
384.128561
513.848302
390.416913
2.000000
512.949965
381.433552
528.221680
392.213586
2.000000
530.018354
384.128561
537.205043
391.315251
2.000000
534.510033
385.026896
543.493395
396.705268
2.000000
540.798388
387.721907
550.680086
396.705268
2.000000
552.476758
387.721907
566.850136
400.298612
2.000000
569.545145
384.128561
588.410206
407.485302
2.000000
587.511869
382.331889
598.291903
410.180311
2.000000
592.901886
379.636881
615.360290
420.960346
2.000000
607.275265
364.365165
697.108885
435.333724
2.000000
185.057254
376.402865
304.535969
437.489726
6.000000
485.101543
342.490672
492.288233
350.575698
6.000000
539.001715
352.372371
546.188403
359.559061
7.000000
551.578422
354.842796
563.256792
361.131150
7.000000
453.659778
376.402865
461.744804
383.589555
7.000000
539.900050
371.911183
548.883412
379.996209
2.000000
807.604236
379.636881
846.232692
399.400276
