2.000000
0.000000
561.922335
142.697032
638.843260
2.000000
383.949024
563.670538
448.632530
603.879204
2.000000
314.020910
560.174131
373.459806
596.886391
2.000000
464.366354
561.922335
492.337601
589.893581
2.000000
494.085804
563.670538
532.546267
589.893581
2.000000
446.884327
561.922335
467.862761
588.145378
2.000000
98.991961
563.670538
182.905698
584.648972
2.000000
230.107175
570.663349
287.797868
586.397175
2.000000
300.035287
563.670538
328.006534
577.656160
2.000000
571.006730
567.166943
611.215394
593.389986
2.000000
686.388116
563.670538
723.100376
588.145378
2.000000
742.330606
525.210075
957.359557
668.562708
2.000000
976.589789
549.684914
1265.856156
691.289345
2.000000
922.395501
540.943901
1034.280483
621.361231
7.000000
700.373740
549.684914
709.114755
563.670536
7.000000
707.366548
544.440306
721.352171
556.677725
7.000000
537.790875
479.756801
557.021106
512.972656
2.000000
619.544100
557.887117
649.919079
586.574597
2.000000
661.731571
562.949614
687.044054
583.199600
