6.000000
359.353165
420.493112
373.078460
425.484130
6.000000
306.947495
405.520064
316.929527
425.484128
6.000000
439.209424
388.051508
446.695948
401.776803
2.000000
415.502097
426.731883
439.209424
460.421242
2.000000
381.812737
430.475146
426.731882
467.907766
2.000000
324.416051
424.236375
386.803752
482.880815
2.000000
281.992415
430.475146
356.857656
496.606109
2.000000
167.199042
416.749850
303.204233
521.561190
2.000000
0.000000
416.749850
188.410860
562.737072
2.000000
426.731883
366.839689
651.327611
566.480335
