7.000000
840.367710
268.427413
874.530991
301.488653
7.000000
840.367710
299.284569
872.326909
320.223354
6.000000
675.061512
295.978444
691.592133
318.019272
6.000000
534.000225
301.488653
551.632887
320.223356
7.000000
663.228510
343.251432
676.453006
356.475926
2.000000
643.959468
356.326691
659.388047
373.959353
2.000000
657.183964
355.224650
681.428873
382.775683
2.000000
669.306417
354.122609
704.571738
392.694054
2.000000
684.734996
354.122609
731.020732
400.408343
2.000000
714.935528
356.620575
767.833510
419.436930
2.000000
741.384520
358.824659
832.853950
451.396128
2.000000
792.918724
336.122600
1003.408614
488.204301
2.000000
528.779468
356.976853
559.636626
390.038093
2.000000
582.428833
350.449137
601.163536
368.081797
2.000000
98.378711
333.940041
290.133898
444.144172
7.000000
26.746026
203.899167
113.807290
255.695108
7.000000
24.541944
281.042059
81.848093
325.123711
2.000000
0.000000
353.776785
156.786901
536.715642
2.000000
904.064137
377.364963
1280.000000
638.449261
2.000000
248.349556
312.245034
561.329291
563.510451
2.000000
621.848334
355.980869
640.583036
371.409447
2.000000
603.113631
349.368619
621.848334
364.797197
