2.000000
1047.936780
490.387173
1074.261771
508.949659
2.000000
1047.936780
476.437177
1068.186765
488.249669
2.000000
1047.936780
465.187190
1064.811768
475.312183
2.000000
897.749384
493.874670
916.311870
510.749658
2.000000
1022.624297
463.499690
1032.749290
476.999681
2.000000
793.461949
492.412167
813.711935
507.599656
2.000000
761.399471
463.724685
774.899461
473.849679
2.000000
790.086952
467.099684
801.899445
487.349669
2.000000
769.836967
492.412167
783.336957
505.912157
2.000000
825.186933
487.349671
845.436918
507.599656
2.000000
843.749421
482.287175
860.624409
499.162163
2.000000
857.249411
477.224677
872.436901
502.537160
2.000000
869.061904
473.849679
885.936892
477.224677
2.000000
820.124435
473.849679
831.936928
487.349669
2.000000
825.186933
469.462172
830.924418
483.974672
2.000000
842.736910
462.712177
851.174405
476.212167
2.000000
822.486923
445.837188
835.986914
455.962181
2.000000
783.674452
449.212186
793.799445
464.399676
2.000000
724.611993
488.024660
741.486981
503.212149
2.000000
754.986972
479.587165
771.861960
489.712159
2.000000
749.924474
490.499671
762.749476
510.749657
2.000000
906.186876
455.062196
916.311870
468.562186
2.000000
887.624390
466.874687
897.749384
480.374678
2.000000
855.561912
462.712177
869.061902
477.224677
2.000000
919.686868
443.249703
929.811862
456.749694
2.000000
929.811862
439.874707
936.561857
453.374697
2.000000
848.811917
448.312199
857.249411
461.812190
2.000000
876.486886
449.212186
889.986877
461.024679
2.000000
774.561967
477.224677
788.061957
490.724668
2.000000
889.311889
451.912194
904.499379
463.724687
2.000000
867.374405
456.974692
877.499398
473.849680
2.000000
968.624334
499.162162
992.249316
517.724648
2.000000
717.187007
467.099684
735.749493
477.224677
2.000000
570.374608
500.849661
600.749587
524.474645
2.000000
600.749587
500.849661
624.374571
522.787146
2.000000
924.749364
477.224677
941.624353
497.474663
2.000000
938.249355
470.474682
951.749345
485.662171
2.000000
971.999332
477.224677
987.186821
494.099666
9.000000
688.499527
465.749680
708.749513
491.062162
9.000000
1032.749290
446.849698
1052.999276
469.124677
9.000000
1032.749290
438.412204
1047.936780
460.349688
9.000000
971.999332
451.912194
997.311813
482.287175
9.000000
995.624316
448.537197
1019.249298
485.662171
9.000000
978.749327
431.662209
993.936817
455.287191
2.000000
811.686942
464.062181
825.186933
472.499676
2.000000
887.624390
434.812211
899.436883
449.999700
2.000000
902.811880
438.187207
912.936873
453.374697
9.000000
951.749346
460.349688
965.249337
475.312183
9.000000
629.437067
460.349688
668.249540
492.412168
2.000000
509.624650
505.912157
543.374626
527.849642
7.000000
1088.436752
443.474700
1118.811731
462.037186
7.000000
1043.549273
388.453668
1080.876585
404.437232
7.000000
652.499587
419.290727
696.126849
439.874707
7.000000
777.126793
418.837207
812.564268
433.124711
7.000000
480.126998
480.040687
498.689484
501.978171
7.000000
467.437180
488.812173
477.562173
502.312164
7.000000
914.061907
412.087212
937.686891
433.124711
7.000000
1090.799240
407.024715
1111.049226
415.462209
9.000000
1081.686755
458.662189
1164.374198
519.412147
2.000000
993.936817
433.349706
1007.436807
446.849697
2.000000
995.624316
428.287210
1010.811805
440.099703
2.000000
1010.811805
431.662209
1025.999295
450.224695
2.000000
896.061884
462.037188
909.561875
475.537178
9.000000
936.561855
431.662209
946.686849
446.849698
