7.000000
548.596185
150.759255
624.637036
168.391917
7.000000
623.534993
171.698038
644.473778
191.534782
7.000000
496.800244
88.383718
513.330863
120.342916
7.000000
699.575844
217.322551
719.412588
250.383792
7.000000
777.820778
255.893998
798.759562
277.934825
7.000000
874.359570
39.232669
977.951453
145.028636
7.000000
880.971816
0.000000
909.624889
24.906132
6.000000
552.673718
0.000000
585.734958
76.040850
6.000000
528.428811
1.102041
551.571677
77.142891
6.000000
585.734957
1.102041
618.796196
74.938810
6.000000
483.323832
134.134164
499.854453
176.011734
6.000000
707.038218
155.072948
719.160672
195.848477
6.000000
467.265516
132.685775
482.694095
176.767428
6.000000
716.767661
256.114402
729.992156
275.951146
6.000000
880.971816
142.824555
908.522849
186.906206
6.000000
936.073882
256.114402
951.502461
275.951146
7.000000
941.584088
234.073575
960.318790
253.910319
6.000000
944.890212
163.542932
959.216750
199.910297
6.000000
1196.376088
121.665362
1219.518954
167.951098
7.000000
1236.490350
34.530622
1278.367921
124.898009
2.000000
616.041093
319.591980
629.265588
331.714435
2.000000
605.020681
318.489939
620.449259
336.122600
2.000000
563.143110
320.694023
580.775770
333.918518
2.000000
536.694120
318.489939
562.041069
341.632806
2.000000
445.224691
316.285856
470.571640
341.632806
2.000000
0.000000
319.591980
73.836767
347.143013
2.000000
76.040850
327.306270
119.020462
343.836890
2.000000
262.285831
328.408310
295.347072
348.245053
2.000000
105.795967
315.183815
241.347047
381.306295
2.000000
498.122673
314.081774
542.204326
348.245053
2.000000
580.775770
316.285856
606.122720
338.326684
2.000000
310.775650
284.326658
457.347143
382.408335
2.000000
301.959318
319.591980
321.796062
328.408312
4.000000
737.369158
303.612381
754.988492
362.664631
4.000000
807.245260
308.020546
819.367716
341.081786
4.000000
795.122805
310.224630
807.245260
341.081787
4.000000
956.020836
239.693984
1013.326987
434.755297
2.000000
1011.122904
297.000134
1095.980084
349.898116
2.000000
853.363108
308.338350
910.625945
343.577019
