6.000000
704.144314
391.258355
715.410917
401.500720
6.000000
736.919882
395.355300
748.186484
403.549193
6.000000
673.606229
389.892718
686.921306
398.086610
6.000000
722.769584
399.110848
730.963478
408.328978
2.000000
734.787281
416.249711
748.102355
428.540551
2.000000
721.472205
416.249711
734.787280
428.540551
2.000000
708.157129
416.249711
723.520677
428.540551
2.000000
696.890530
417.273947
711.229840
430.589020
2.000000
684.599692
416.249711
699.963240
430.589021
2.000000
668.211909
416.249711
684.599692
431.613259
2.000000
638.509048
416.249711
658.993778
430.589021
2.000000
568.860966
410.104294
598.563826
437.758682
2.000000
544.279291
411.128527
572.957910
442.879861
2.000000
522.770324
412.152765
551.448945
446.976807
6.000000
731.840432
403.139078
745.944423
414.892404
2.000000
741.634864
405.097972
834.486139
483.845255
