4.000000
509.819629
289.202690
544.783687
374.864630
4.000000
562.265714
301.440111
577.999540
331.159559
4.000000
775.546462
310.181124
794.776694
345.145182
4.000000
411.920269
294.447299
420.661282
320.670341
4.000000
401.431052
296.195502
408.423865
313.677531
4.000000
497.582209
299.691907
508.071426
317.173937
4.000000
719.603970
306.684718
731.841390
324.166748
4.000000
800.021302
306.684718
807.014114
336.404167
4.000000
812.258721
304.936516
826.244343
331.159558
2.000000
733.589593
320.670341
768.553651
346.893384
2.000000
439.891515
297.943704
481.848383
324.166747
2.000000
579.747743
303.188313
607.718988
327.663152
9.000000
609.467192
289.202690
674.150695
322.418544
9.000000
697.949756
299.691907
765.057244
324.166747
9.000000
838.481764
306.684718
894.424255
332.907760
7.000000
737.085999
255.986836
773.798259
278.713473
7.000000
742.330607
280.461676
756.316229
289.202689
7.000000
721.352173
264.727850
737.085999
273.468863
7.000000
992.323615
217.526373
1030.784077
233.260199
7.000000
997.568223
131.864434
1037.776888
161.583883
7.000000
995.820019
161.583882
1034.280484
177.317708
7.000000
997.568223
205.288953
1015.050252
217.526373
7.000000
997.568223
247.245821
1025.539469
280.461677
7.000000
876.942227
262.979647
892.676051
276.965270
7.000000
0.000000
68.929130
27.315643
93.403970
7.000000
1.350000
145.850057
39.553061
200.044345
7.000000
0.000000
200.044345
37.804860
215.778171
7.000000
1.092601
217.526373
23.819238
236.756605
7.000000
0.000000
236.756605
23.819236
268.224255
2.000000
504.575020
299.691907
544.783686
318.922139
6.000000
2.840803
96.900377
20.322831
138.857244
6.000000
873.445821
131.864434
885.683242
175.569505
6.000000
721.352173
248.994025
728.344986
264.727850
6.000000
721.352173
283.958083
735.337796
296.195502
6.000000
686.388115
269.972459
695.129130
289.202690
6.000000
621.704611
262.979647
628.697422
280.461677
6.000000
483.596586
255.986836
492.337600
273.468864
6.000000
441.639718
273.468864
448.632529
289.202690
6.000000
431.150501
283.958083
441.639718
297.943705
6.000000
1030.784077
276.965270
1051.762511
299.691907
6.000000
1013.302049
278.713473
1030.784077
299.691907
6.000000
840.229967
133.612637
862.956604
173.821302
9.000000
565.649802
290.249898
587.249794
306.449893
7.000000
322.649887
265.949907
338.849881
282.149901
