7.000000
650.429049
324.626858
662.182374
342.256848
7.000000
633.974393
334.029518
651.604382
351.659508
7.000000
611.643074
342.256846
625.747064
355.185503
7.000000
475.774637
342.726990
487.527962
353.304985
7.000000
459.319981
338.025661
469.897974
348.603654
2.000000
557.401480
366.116103
569.154805
376.694096
2.000000
564.453476
366.116103
580.908133
380.220093
2.000000
572.680805
363.765437
600.888790
381.395423
2.000000
589.135461
364.940769
609.116114
393.148750
2.000000
597.362789
362.590104
634.973432
397.850081
2.000000
618.518776
355.538107
691.389397
415.480069
2.000000
638.499429
366.116103
704.318054
428.408730
2.000000
522.141502
364.940769
530.368830
374.343431
2.000000
513.914174
364.940769
524.492168
376.694094
2.000000
502.160849
363.765437
517.440173
376.694094
2.000000
479.829530
359.064106
506.862180
377.869428
2.000000
466.900871
361.414772
488.056858
384.921424
2.000000
661.124582
363.765437
778.657841
449.564715
2.000000
317.660354
331.246787
417.563625
409.994071
2.000000
297.679699
353.578108
361.147656
428.799394
2.000000
428.604624
360.043563
473.267262
388.251544
2.000000
804.515158
361.414772
872.684449
380.220093
2.000000
679.929904
373.168097
958.483727
541.240660
2.000000
61.117296
324.979460
310.287806
460.142709
7.000000
1065.504274
159.735036
1134.848898
182.066355
