2.000000
567.007373
324.455565
582.804836
348.759352
2.000000
557.285858
326.885944
574.298509
349.974542
2.000000
540.516259
332.961890
555.098532
354.835299
2.000000
554.855479
331.746701
568.222562
352.404921
2.000000
648.425061
332.961890
661.792144
348.759353
2.000000
659.361766
325.670754
686.095932
357.265677
2.000000
668.354160
326.885944
685.366811
364.556813
2.000000
675.645296
323.240375
724.252871
373.063140
2.000000
688.283258
332.961890
711.614909
383.999844
2.000000
697.032636
315.949239
807.614870
404.658065
2.000000
710.399720
328.101133
834.349034
438.683367
2.000000
783.102778
292.860641
1062.596336
522.531434
2.000000
295.534054
331.989735
391.534015
368.445417
2.000000
605.164312
324.698599
620.961775
341.711249
2.000000
0.000000
342.683405
250.329013
458.126398
2.000000
406.845427
328.101133
489.478305
382.784655
2.000000
493.123873
325.670754
539.301069
359.696057
2.000000
619.746584
319.594807
645.265561
340.253028
2.000000
584.371067
326.885944
606.622554
345.113783
2.000000
958.649397
266.126474
1278.379229
659.847834
6.000000
591.311160
294.075830
599.817485
309.873292
6.000000
633.842789
296.506209
641.133924
311.088482
7.000000
93.569582
184.708786
114.227803
217.518899
7.000000
85.063257
221.164467
105.721477
244.253067
7.000000
100.860719
218.734089
120.303749
233.316362
7.000000
1105.822337
136.101211
1161.721048
174.987272
7.000000
399.311238
292.860641
421.184647
302.582157
