7.000000
351.857695
186.853927
382.401123
194.040613
7.000000
343.772667
215.600686
366.231070
223.685712
7.000000
814.500837
240.754100
833.365897
246.144117
7.000000
752.515639
249.737460
763.295675
254.229144
7.000000
736.345585
265.907513
766.889014
282.077563
7.000000
631.240250
291.060927
638.426937
300.044289
7.000000
407.554539
255.127477
422.826253
260.517496
7.000000
413.842893
242.550771
432.707952
247.940788
7.000000
412.944556
263.212505
421.927918
269.500858
6.000000
336.585980
256.924151
366.231070
275.789210
7.000000
352.756031
246.144117
364.434404
254.229144
6.000000
409.351212
280.280891
416.537899
287.467580
6.000000
519.247673
208.413995
523.739357
222.787375
6.000000
756.707875
193.142281
765.691238
212.905676
6.000000
659.987007
205.718989
667.173698
224.584048
6.000000
655.495329
204.820652
659.987009
223.685712
4.000000
427.317935
305.434304
432.707952
324.299364
4.000000
440.792978
307.230978
447.979667
325.197699
2.000000
526.134916
315.316003
536.914946
322.502692
2.000000
503.676511
312.620995
509.964861
326.096038
2.000000
493.794812
309.027650
505.473186
328.791044
2.000000
466.844726
307.230978
502.778174
334.181061
2.000000
621.358551
309.027650
636.630267
334.181063
2.000000
725.565551
314.417667
784.855740
366.521162
2.000000
768.685701
304.535969
884.571070
381.792883
2.000000
832.168116
315.316003
1019.920383
410.539639
2.000000
388.390038
312.620995
424.323486
373.707854
2.000000
228.486196
279.382556
409.950105
413.234647
2.000000
1.506580
302.140405
302.449202
489.892669
2.000000
0.000000
429.404700
26.659994
549.781749
2.000000
595.306803
313.519332
618.663541
328.791046
1.000000
551.288329
312.620995
560.271692
322.502692
6.000000
815.998065
276.687547
839.354807
289.264251
7.000000
815.698624
260.517496
829.173668
268.602522
2.000000
447.979667
312.022104
490.201468
341.667200
2.000000
635.731931
302.140405
678.852067
342.565545
2.000000
988.478614
319.208804
1279.539541
489.892680
6.000000
751.679867
283.362658
764.859527
298.738925
6.000000
570.319778
276.189355
579.106217
286.074099
6.000000
557.140118
292.663927
565.926558
301.450367
6.000000
607.662142
300.352062
617.546887
312.433414
