2.000000
624.692913
384.494907
642.507347
402.309342
2.000000
608.363014
383.010372
632.115595
403.793881
2.000000
595.002187
381.525836
611.332086
390.433054
2.000000
568.280533
380.041301
583.125896
394.886662
2.000000
562.342388
380.041301
574.218678
391.917592
2.000000
581.641360
380.041301
597.971260
388.948519
2.000000
676.651685
387.463981
691.497048
394.886663
2.000000
676.651685
390.433054
701.888802
409.732026
2.000000
698.103206
391.917591
715.249628
409.360893
2.000000
712.280557
390.433054
749.393965
420.123781
2.000000
740.486745
394.886663
796.899127
436.453682
2.000000
809.666106
388.948516
1005.624901
507.711424
2.000000
541.558880
372.618617
557.888779
383.010371
2.000000
519.290834
368.165009
540.074343
383.010372
2.000000
482.177426
365.195938
522.259906
388.948519
2.000000
654.383640
380.041301
669.229003
391.917592
2.000000
645.476423
385.682542
666.259930
402.012442
2.000000
561.525867
385.608311
626.845464
439.051619
6.000000
676.651685
309.971190
687.043439
329.270162
6.000000
688.527975
347.084596
697.435195
358.960888
2.000000
632.115595
378.259861
643.991887
387.167080
7.000000
1112.511559
236.041278
1145.171365
271.670148
6.000000
526.713517
267.216539
541.558880
293.938193
6.000000
409.732026
344.783561
420.123781
361.113461
7.000000
517.360910
350.721707
527.752664
365.567071
7.000000
487.670184
340.329953
498.061938
353.690780
6.000000
756.519721
363.711400
765.426941
375.587691
6.000000
574.515559
342.927892
584.907313
354.804184
6.000000
667.150617
345.896964
674.573296
357.773255
