2.000000
571.574347
225.077584
608.710534
247.682219
2.000000
600.960370
229.275585
639.711175
242.192521
2.000000
607.418837
232.504821
651.013490
261.567923
2.000000
630.023472
216.358651
689.764294
269.641003
2.000000
457.259474
227.660968
484.707961
255.109455
2.000000
420.123287
205.056334
460.488706
274.484857
2.000000
329.704760
206.670951
358.767864
243.807137
2.000000
200.535413
195.368633
286.110104
253.494838
2.000000
808.923019
187.295549
907.414644
274.484857
2.000000
343.267532
209.900184
441.759158
292.245641
2.000000
468.561791
213.129417
592.887284
318.079509
2.000000
648.107173
214.744035
749.828033
293.860257
2.000000
0.000000
155.003215
263.182540
465.009639
2.000000
1106.981290
306.777194
1279.745286
553.813560
