4.000000
902.827871
245.470364
970.203086
421.544258
4.000000
988.169810
290.387174
1020.509913
344.287345
4.000000
1115.733551
294.878856
1144.480310
337.100657
4.000000
1153.463670
293.082182
1174.125403
358.660724
4.000000
1260.590261
279.607139
1279.455322
397.289179
2.000000
712.081173
221.589597
929.478531
421.020232
2.000000
519.837228
289.863150
590.805787
369.815070
2.000000
580.025753
295.253166
596.195803
315.914899
4.000000
722.861207
286.269804
750.709630
366.221724
2.000000
701.301139
305.134864
724.657880
321.304917
2.000000
681.537742
306.033200
700.402803
318.609907
1.000000
613.563619
274.890875
687.227188
336.876072
2.000000
170.010123
188.201432
569.769729
541.247556
2.000000
1.459782
229.974071
190.110383
430.303042
6.000000
526.125581
199.131194
539.600623
219.792927
6.000000
610.569184
264.709737
618.654210
279.083115
6.000000
668.062700
254.828038
677.944398
270.099753
