7.000000
912.849229
102.041961
944.118232
138.633346
7.000000
785.777325
70.107659
827.025797
155.265795
2.000000
525.599209
313.355324
545.558147
333.314261
2.000000
357.944133
274.768044
473.040674
354.603796
2.000000
387.882538
292.731089
555.537616
401.839949
2.000000
545.558147
224.205400
646.683432
385.872797
2.000000
0.000000
274.102746
355.282941
518.932383
7.000000
452.416437
225.535996
496.326101
239.507253
2.000000
614.970884
156.345013
1101.303669
528.911852
2.000000
279.035156
309.148661
396.902183
396.337968
