2.000000
462.222497
362.622242
492.781142
407.284881
2.000000
617.637277
363.177770
642.319260
386.684422
2.000000
565.922642
359.651771
622.338608
404.314409
2.000000
474.246699
360.827105
581.201965
431.347059
2.000000
647.020592
364.353102
764.553852
463.081039
6.000000
665.825913
216.261197
681.105237
255.047171
6.000000
396.674748
204.507870
410.778740
239.767848
6.000000
380.220092
204.507870
391.973419
232.715853
6.000000
845.655947
182.176550
865.632452
220.962527
7.000000
809.216488
293.833148
837.424471
304.411142
7.000000
828.021809
310.287804
844.476466
318.515131
1.000000
5.288998
179.825885
460.142710
460.730376
2.000000
644.769312
364.696824
663.108951
381.202500
