2.000000
695.129131
338.152369
866.453009
436.051729
2.000000
448.632529
334.655965
492.337599
362.627211
2.000000
396.186443
332.907761
429.402298
353.886195
2.000000
329.754736
329.411357
373.459808
367.871819
2.000000
265.071229
325.914950
298.287084
352.137994
2.000000
300.035287
324.166747
329.754736
348.641587
2.000000
373.459806
331.159558
383.949024
353.886195
2.000000
383.949024
329.411357
397.934647
346.893384
2.000000
492.337599
334.655965
506.323222
362.627211
4.000000
581.495946
336.404168
597.229772
353.886195
4.000000
607.718988
341.648776
623.452813
353.886195
4.000000
705.618349
338.152369
721.352174
369.620021
4.000000
1126.935234
355.634398
1158.402885
409.828687
4.000000
1022.043063
346.893384
1043.021497
387.102050
7.000000
0.000000
261.231446
23.819237
297.943705
7.000000
279.056854
299.691907
300.035287
313.677529
7.000000
301.783491
301.440110
321.013721
317.173936
7.000000
1175.884914
311.929328
1196.863348
345.145182
7.000000
1191.618738
317.173936
1205.604361
345.145181
