2.000000
817.255001
383.408592
984.996261
485.251498
2.000000
727.393613
402.878560
797.785033
449.306943
2.000000
553.661594
386.403971
621.057636
450.804634
2.000000
454.814068
389.399353
528.200866
453.800014
2.000000
515.804372
402.878560
553.246617
429.836976
2.000000
259.699414
407.371629
277.671691
420.850838
2.000000
273.178622
405.873939
303.132418
426.841595
2.000000
304.630109
399.883180
367.533082
420.850838
2.000000
363.040011
401.380870
395.989187
416.357768
2.000000
406.473016
396.887800
436.426812
413.362389
2.000000
622.140350
395.390111
638.614938
410.367010
2.000000
656.587214
393.892420
673.061802
407.371628
2.000000
674.559491
395.390111
688.038699
411.864700
7.000000
738.960153
341.473277
755.434741
350.459417
7.000000
695.527150
335.482518
714.997119
348.961725
7.000000
697.024838
359.445555
713.499427
365.436314
7.000000
983.083594
305.528722
1028.014288
359.445554
7.000000
641.610315
371.427073
658.084904
380.413213
7.000000
463.385228
347.464037
497.832095
357.947865
7.000000
434.929122
347.464037
449.906020
353.454796
7.000000
428.938363
356.450175
449.906020
383.408593
6.000000
613.154210
369.929384
623.638036
383.408592
6.000000
470.873677
369.929384
479.859817
381.910902
6.000000
613.154210
344.468657
625.135727
359.445555
6.000000
707.508669
377.417833
719.490188
389.399351
6.000000
747.946293
372.924764
764.420882
387.901662
7.000000
641.610315
381.910902
653.591835
395.390111
7.000000
538.269720
371.427073
551.748927
381.910900
7.000000
539.767409
393.892420
551.748926
402.878560
7.000000
541.265098
381.910902
551.748925
395.390111
7.000000
375.021530
386.403971
385.505356
398.385491
2.000000
466.795584
374.422453
499.744760
396.887803
