2.000000
491.944281
232.510979
505.929905
244.748399
2.000000
486.699673
232.510979
497.188891
246.496601
2.000000
479.706861
232.510979
491.944281
246.496601
2.000000
469.217644
230.762776
486.699673
251.741209
2.000000
463.973036
232.510979
481.455064
249.993007
2.000000
442.994602
225.518168
470.965848
251.741211
2.000000
444.742804
230.762776
467.469442
258.734021
2.000000
420.267965
234.259182
451.735616
263.978629
2.000000
399.289531
227.266370
436.001791
272.719644
2.000000
348.591647
220.273560
418.519761
288.453470
2.000000
338.102431
236.007384
390.548516
300.690890
2.000000
229.713854
227.266370
357.332663
318.172917
2.000000
526.908338
234.259182
542.642164
251.741209
2.000000
533.901150
236.007384
546.138570
255.237615
2.000000
539.145758
236.007384
558.375989
260.482223
2.000000
553.131381
234.259182
586.347235
269.223239
2.000000
558.375989
239.503790
603.829264
276.216050
2.000000
577.606221
251.741209
633.548711
297.194484
2.000000
1147.520349
330.410339
1278.635563
428.309698
2.000000
0.000000
181.813097
111.320450
286.705268
7.000000
793.028490
107.389594
807.014113
124.871622
7.000000
814.006923
119.627014
859.460198
138.857245
7.000000
780.791070
152.842869
833.237157
175.569506
7.000000
605.970785
214.029967
621.704611
228.015589
7.000000
618.208205
212.281765
642.683044
236.756605
