4.000000
1053.385354
408.085573
1080.385345
478.285548
2.000000
780.685450
401.335575
1084.435343
580.885511
2.000000
746.549740
429.749864
811.349717
490.499843
2.000000
659.249782
436.499862
728.099758
483.749844
9.000000
459.899845
353.699875
659.699775
532.799819
2.000000
78.299972
471.149835
117.449958
488.699830
2.000000
102.599965
462.037338
130.949957
484.987329
7.000000
417.149853
369.224871
442.799845
393.524862
7.000000
395.549863
402.974858
429.299851
425.924850
7.000000
433.349849
404.324857
444.149844
427.274849
6.000000
421.199853
344.924879
438.749845
359.774874
7.000000
841.383374
255.782723
916.983349
271.982717
6.000000
903.904913
328.393158
921.477790
363.538914
6.000000
881.115087
329.766039
898.687964
363.813490
