2.000000
133.509683
325.663805
277.001396
419.245358
2.000000
454.182472
333.150329
544.020763
388.051507
2.000000
601.417449
234.577760
1011.928529
501.597125
2.000000
249.550809
323.168297
291.974446
360.600918
2.000000
222.100220
314.434019
238.321022
324.416051
2.000000
202.136155
313.186265
220.852466
324.416051
7.000000
519.065682
291.974446
535.286484
319.425035
7.000000
547.764025
311.938511
558.993811
326.911559
7.000000
531.543222
314.434019
545.268517
326.911559
7.000000
586.444400
254.541825
630.115792
269.514873
7.000000
535.286484
260.780595
628.868039
321.920543
