7.000000
697.158753
371.267983
711.339127
384.159234
7.000000
692.002253
342.907235
711.339127
368.689733
9.000000
654.981576
379.002734
728.097750
408.652608
2.000000
713.917377
380.291858
743.567251
399.628732
2.000000
1170.267607
313.257360
1279.843226
448.615480
2.000000
1145.774233
460.217605
1279.843226
716.753468
2.000000
597.896133
384.159232
646.882881
407.363482
2.000000
563.089760
389.315733
618.522132
406.074358
2.000000
523.126886
384.159232
563.089760
406.074356
2.000000
480.585763
388.026608
528.283385
409.941732
2.000000
440.622890
382.870108
470.272764
398.339607
2.000000
403.238266
385.448358
452.225014
404.785232
2.000000
315.577769
371.267983
403.238265
421.543856
2.000000
53.885407
389.315733
145.413279
430.567732
