7.000000
451.842246
252.887835
474.614137
260.078960
7.000000
430.268876
268.468602
467.423014
282.850849
7.000000
408.695506
323.600547
431.467397
329.593151
7.000000
414.688110
304.424219
429.070357
323.600547
7.000000
389.519178
333.188711
401.504383
351.166519
7.000000
352.365041
311.615341
377.533972
335.585753
7.000000
225.321863
333.188711
240.902630
352.365040
6.000000
257.681917
328.394630
264.873041
347.570958
2.000000
357.159123
372.739891
394.313261
391.916219
2.000000
335.585753
364.350245
357.159123
391.916219
2.000000
371.541368
373.938410
577.686901
433.864438
2.000000
752.670902
346.372438
912.074135
397.908821
2.000000
442.254082
375.136930
838.964382
518.959397
2.000000
196.557371
360.754683
267.270083
417.085150
2.000000
112.660931
340.379836
207.344054
424.276274
4.000000
37.154138
345.173917
135.432823
529.746080
4.000000
0.000000
347.570958
40.749698
529.746082
2.000000
468.621535
238.505590
1279.356147
719.112328
