2.000000
580.899618
327.355147
609.657025
356.112556
2.000000
615.408506
330.710179
647.041655
356.591844
2.000000
546.390730
335.023790
572.272396
350.840364
2.000000
511.881842
333.585919
537.763507
353.716104
2.000000
324.958697
326.971716
418.420268
381.610788
2.000000
468.745731
332.723199
511.881842
360.042736
2.000000
648.479524
328.409589
684.426283
358.604866
2.000000
743.866805
308.320475
940.855042
456.421121
2.000000
705.044306
306.882605
784.127176
398.906307
2.000000
907.784025
286.957835
1278.352554
579.220320
7.000000
552.142211
303.750110
569.396654
310.939460
7.000000
611.094895
296.560758
621.159988
309.501592
6.000000
536.325637
303.750110
547.828600
312.377332
