6.000000
499.731683
272.024808
509.856675
290.587295
6.000000
597.606616
275.399807
607.731608
293.962294
6.000000
644.856583
280.462302
656.669076
299.024789
6.000000
676.919061
266.962312
687.044053
288.899797
6.000000
228.044369
143.774896
288.794328
204.524854
7.000000
795.043980
228.149838
825.418958
261.899815
7.000000
555.419144
263.587314
582.419127
287.212297
6.000000
697.169047
293.962293
707.294039
309.149782
2.000000
330.749773
318.937280
371.249745
345.937262
2.000000
300.374793
322.312278
334.124770
345.937262
2.000000
469.124677
322.312278
499.499658
339.187267
9.000000
516.374644
315.562283
543.374626
335.812269
2.000000
566.999609
315.562283
588.937094
332.437270
2.000000
593.999592
313.874784
619.312075
332.437272
2.000000
620.999573
315.562283
641.249560
332.437270
2.000000
644.624557
317.249782
661.499545
330.749773
2.000000
705.374515
308.812288
723.937002
332.437270
2.000000
718.874506
308.812288
744.186988
339.187267
2.000000
718.874506
291.937299
776.249466
377.999740
2.000000
742.499490
285.187304
865.686905
408.374719
2.000000
788.061958
305.437290
961.874340
440.437197
2.000000
688.731553
318.262280
705.606541
330.074773
2.000000
383.294263
318.262280
411.981743
346.949760
2.000000
875.923338
291.974446
1276.452386
550.259533
