2.000000
145.286619
369.601467
208.809412
423.041275
2.000000
188.643447
365.659945
277.373697
426.157843
2.000000
282.415187
382.801017
339.888191
416.074861
2.000000
698.842385
347.510575
768.414968
376.751226
2.000000
950.916958
344.485681
985.199100
360.618454
7.000000
879.327779
315.245035
898.485448
333.394405
7.000000
655.485558
317.169955
685.734507
345.402309
7.000000
607.087241
315.153358
646.410872
350.443798
6.000000
544.572745
242.555882
557.680622
273.813129
6.000000
445.759512
246.314090
458.867389
278.579635
7.000000
402.402684
348.152218
417.527159
369.326484
7.000000
331.821806
333.119414
349.971177
354.293679
2.000000
118.062568
325.053026
184.610254
352.277079
1.000000
169.485780
321.019835
228.975377
336.144310
2.000000
776.481353
352.277079
803.705406
368.409853
6.000000
1042.291802
77.094825
1069.501742
136.049691
6.000000
1090.665026
71.048172
1110.316648
137.561356
6.000000
1201.016442
16.628296
1238.808022
84.653141
