2.000000
1077.031105
457.979457
1277.443512
636.123816
2.000000
790.621654
446.548531
1047.446438
591.269610
2.000000
529.979469
460.630413
662.103203
555.640738
2.000000
638.350621
472.506703
690.309392
512.589184
2.000000
518.103178
462.433065
567.092877
524.783592
2.000000
241.979421
471.711417
293.938193
505.855753
2.000000
179.628895
476.165027
239.010349
513.278435
2.000000
299.876338
468.742344
344.412429
496.948536
2.000000
377.072229
472.973284
396.371201
492.272257
2.000000
399.340271
475.942355
414.185635
490.787720
2.000000
501.773279
471.488747
515.134106
484.849573
2.000000
442.391827
465.847504
486.927915
502.960913
2.000000
423.092853
467.332040
442.391827
486.631014
2.000000
483.958843
473.270186
501.773277
488.115550
2.000000
132.123734
486.631013
175.175287
514.837201
2.000000
690.804254
486.433075
724.948590
513.154731
4.000000
1146.910371
451.723194
1191.446459
505.166500
6.000000
48.989700
309.207707
72.742281
335.929363
6.000000
571.758567
337.413897
596.995684
365.620085
6.000000
391.917590
432.424223
409.732025
450.238657
6.000000
507.711424
427.970615
527.010396
450.238660
4.000000
739.511172
456.176804
754.356536
517.042793
2.000000
759.785697
461.393895
779.084669
520.775348
6.000000
14.845363
428.536151
31.175263
452.288733
7.000000
10.391754
296.907264
20.783508
320.659847
