7.000000
1.397125
173.443055
48.300596
305.171956
7.000000
137.394321
230.858222
179.308062
275.765801
7.000000
337.981512
225.868490
385.882931
278.759641
7.000000
431.778089
257.802777
472.693884
292.730895
7.000000
657.646562
291.732949
673.613703
304.706250
7.000000
681.597273
282.751434
701.556197
300.714466
7.000000
686.587004
299.716519
696.566466
310.693928
7.000000
747.461724
253.810994
769.416541
281.753488
7.000000
749.457616
282.751434
766.422703
295.724735
7.000000
772.410379
288.739111
788.377520
305.704198
7.000000
944.722448
247.158016
991.625921
266.118995
2.000000
515.738598
296.589616
557.652339
336.507465
6.000000
39.718248
144.901789
81.631989
190.807315
6.000000
436.900847
50.096897
483.804320
94.006531
6.000000
715.327843
5.189316
773.208723
52.092789
6.000000
998.694685
248.987584
1019.651556
270.942401
