2.000000
629.121434
414.822163
649.020652
427.067834
2.000000
644.428526
410.230036
664.327743
428.598545
2.000000
656.674198
413.291453
685.757670
434.721382
2.000000
618.406471
413.291453
638.305689
437.782801
2.000000
596.976543
408.699326
629.121434
445.436343
2.000000
554.116689
401.045780
610.752925
451.559178
2.000000
600.037962
414.822163
621.467889
451.559180
2.000000
546.463143
411.760744
587.792288
460.743436
2.000000
492.888326
390.330817
561.770234
494.419034
6.000000
636.774981
349.001672
647.489942
365.839470
2.000000
717.902562
384.207981
776.069506
445.436345
2.000000
226.034716
370.941851
516.869443
560.749777
2.000000
0.210467
366.007856
321.659376
707.187600
6.000000
655.353955
381.146562
664.538210
394.922945
4.000000
1008.434833
387.552413
1020.912373
415.003002
4.000000
946.047130
405.020970
971.002211
452.435624
