7.000000
650.263829
31.049989
940.513727
188.999934
7.000000
1078.213678
74.249974
1186.213639
149.849948
7.000000
584.113850
242.999916
605.713844
279.449902
7.000000
617.863839
278.099903
634.063835
305.099893
7.000000
385.663921
80.999971
484.213885
167.399941
7.000000
184.513990
58.049980
346.513933
157.949945
7.000000
820.363769
269.999906
850.063759
286.199898
7.000000
837.913762
286.199899
877.063749
305.099893
2.000000
841.963761
317.249888
863.563753
344.249880
2.000000
949.963724
326.699887
968.863718
361.799874
2.000000
742.063796
310.499891
760.963790
326.699887
2.000000
723.163804
305.099893
739.363798
318.599889
2.000000
715.063804
307.799891
725.863802
323.999887
2.000000
701.563810
309.149892
723.163804
342.899881
2.000000
603.013844
302.399893
625.963837
323.999887
2.000000
574.663855
299.699895
604.363845
322.649888
2.000000
528.763872
299.699895
573.313856
329.399885
2.000000
519.313875
296.999895
546.313865
313.199889
2.000000
492.313883
287.549898
522.013873
313.199889
2.000000
435.613904
280.799901
490.963884
313.199889
2.000000
388.363919
286.199899
431.563905
315.899889
9.000000
238.513972
228.149921
385.663921
330.749884
2.000000
164.263997
264.599908
364.063929
361.799873
2.000000
3.607024
271.349905
169.663995
342.899879
2.000000
620.563837
287.549898
708.313807
373.274738
2.000000
755.563792
305.099893
804.163775
353.699877
2.000000
809.563771
317.249888
847.363759
348.299877
2.000000
869.293929
292.949799
958.731367
377.324741
9.000000
980.668852
171.449940
1279.356147
426.262207
2.000000
1048.513690
345.599879
1279.363609
614.249785
