4.000000
805.041178
302.510340
832.592211
386.265480
7.000000
122.106176
222.612345
147.453127
246.857254
7.000000
119.902094
275.510328
138.636795
288.734824
7.000000
147.453127
242.449088
169.493955
251.265419
7.000000
141.942920
251.265419
163.983746
262.285831
7.000000
432.881826
290.938906
461.534900
297.551155
7.000000
415.469574
327.747096
425.387946
331.053220
6.000000
485.265535
276.979727
494.081867
290.204223
6.000000
495.183906
278.081769
501.796154
290.204226
6.000000
411.428767
312.612391
423.551222
321.428724
7.000000
710.816646
292.408306
724.041138
299.020554
7.000000
678.857448
286.530741
690.979902
294.245030
7.000000
718.530935
308.571567
727.347267
319.591980
7.000000
738.367678
297.551154
754.898298
300.857279
4.000000
698.694191
324.000145
709.714604
351.551178
2.000000
706.408480
327.306269
717.428897
351.551178
2.000000
714.122770
321.796063
727.347262
352.653220
2.000000
719.632976
319.591980
742.775845
353.755263
2.000000
733.959513
316.285856
790.163620
359.265467
2.000000
759.306463
320.694022
786.857496
358.163424
2.000000
771.428918
318.489939
803.388115
362.571590
2.000000
801.184033
310.775650
850.775892
365.877714
2.000000
822.122818
311.877691
868.408553
374.694045
9.000000
846.735119
192.857229
1121.143405
401.143037
2.000000
243.551130
329.510352
342.734848
382.408335
2.000000
93.807324
330.612393
255.673584
411.061410
2.000000
1.702473
307.081493
93.306160
426.122646
2.000000
0.722634
396.000188
44.816343
512.816568
2.000000
432.000194
317.387898
471.673681
363.673632
2.000000
681.061530
336.122600
702.000315
350.449138
2.000000
559.836986
322.457294
587.388019
347.804248
2.000000
541.102284
331.273625
580.775772
354.416492
2.000000
440.816524
302.620551
534.490037
384.171608
2.000000
571.329722
319.591980
696.962431
418.775699
4.000000
1150.531129
305.265443
1203.429113
463.959394
2.000000
1076.625483
288.734824
1277.197002
482.694091
1.000000
273.509760
292.187942
387.171065
370.575049
