7.000000
946.053023
1.995892
1016.907206
55.884992
7.000000
953.038645
59.876774
1011.917476
87.819269
7.000000
918.110529
237.511202
955.034539
266.451646
7.000000
720.517177
272.439320
740.476101
294.394138
7.000000
637.687639
321.338685
655.650670
328.324309
6.000000
895.157765
169.650858
927.092044
238.509147
4.000000
734.488423
365.248319
769.416541
444.086071
4.000000
804.344660
360.258588
842.266615
441.092233
2.000000
468.036780
310.361276
698.562358
451.071693
2.000000
359.260642
407.162060
439.096340
454.065532
2.000000
216.554331
418.139468
290.402353
460.053209
2.000000
259.466019
409.157953
314.353061
443.088126
2.000000
288.406460
400.176437
337.305826
431.112772
2.000000
310.361276
387.203136
353.272962
423.129199
2.000000
341.297611
387.203136
367.244209
410.155898
2.000000
367.244210
381.215458
388.201082
402.172330
2.000000
375.227781
381.215458
402.172330
394.188759
2.000000
417.141523
373.231889
440.094285
388.201082
2.000000
445.084018
377.223674
468.036780
395.186705
2.000000
449.075802
369.240104
468.036781
376.225727
2.000000
854.241969
408.160006
971.999624
436.102499
