2.000000
655.504501
305.528722
751.356651
389.399352
2.000000
373.938816
335.482518
435.344098
374.422454
2.000000
1191.677455
317.510241
1279.356147
395.390111
2.000000
598.592288
330.989450
628.546085
347.464039
2.000000
556.656974
332.487139
585.113079
353.454796
2.000000
499.744761
338.477898
531.196246
360.943244
2.000000
447.325618
341.473278
483.270174
362.440935
2.000000
905.618701
313.017170
977.507812
354.952485
2.000000
817.255001
305.528722
914.604838
348.961728
7.000000
682.462918
287.556444
698.937507
304.031033
7.000000
776.817377
188.708917
811.264242
209.676574
7.000000
758.845099
229.146541
796.287344
245.621130
7.000000
757.919005
177.524873
773.106495
206.212353
