2.000000
210.822822
296.397521
498.224615
519.214640
2.000000
524.058484
292.706959
617.706257
387.738685
2.000000
703.280949
310.467743
869.586479
418.647069
2.000000
112.331197
320.616774
249.573625
415.879165
2.000000
457.859194
310.698405
501.453847
357.522294
2.000000
499.839230
316.926211
524.058481
349.218548
1.000000
507.912314
291.092344
549.892351
329.843147
2.000000
0.922638
310.698402
109.101962
378.512308
4.000000
1002.907696
273.562217
1036.814648
372.053843
6.000000
595.101622
239.424604
611.247790
258.800007
6.000000
593.487005
276.560791
606.403939
287.863108
6.000000
428.796092
245.883070
444.942260
265.258472
6.000000
338.377549
263.643858
348.065250
278.175409
6.000000
469.161512
252.110874
485.307679
271.486275
6.000000
443.327643
278.175406
456.244577
292.706958
6.000000
491.766145
279.790023
503.068463
295.936192
6.000000
683.905545
291.092344
698.437096
305.623895
7.000000
706.510181
271.947599
732.344048
281.635300
