2.000000
1.352554
355.012781
56.312374
373.375511
2.000000
33.052915
355.012781
96.710379
369.702966
2.000000
91.813649
356.236963
107.728016
368.478782
2.000000
184.851482
363.582054
204.438394
372.151328
2.000000
201.990031
359.909509
244.836401
370.927146
2.000000
242.388036
355.012781
277.889313
369.702966
2.000000
285.234406
353.788597
318.287322
372.151328
2.000000
499.466258
362.357872
517.828988
378.272239
2.000000
521.501532
355.012781
543.536809
373.375511
2.000000
571.692996
356.236963
602.297546
388.065698
2.000000
618.211913
356.236963
635.350459
372.151330
2.000000
520.277350
358.685327
581.486450
413.773520
2.000000
286.458588
350.116051
414.997700
426.015337
2.000000
440.705520
359.909509
476.206798
381.944785
2.000000
85.692740
348.891869
211.783486
405.204245
7.000000
509.259713
325.632411
555.778630
341.546778
7.000000
553.330266
328.080775
601.073364
342.770960
7.000000
602.297544
328.080775
646.368095
340.322594
7.000000
701.456287
331.753323
722.267381
347.667689
7.000000
850.806491
318.287320
923.033230
359.909509
7.000000
465.189161
325.632411
505.587167
335.425867
