2.000000
42.419497
294.469953
164.703533
393.042522
2.000000
170.942304
286.983430
298.213217
375.573967
2.000000
147.234977
316.929527
185.915352
366.839689
2.000000
335.645836
294.469953
396.785786
331.902574
2.000000
442.952684
298.213215
505.340385
330.654820
2.000000
560.241565
308.195249
611.399483
340.636854
2.000000
544.020763
303.204231
585.196646
335.645836
2.000000
546.516272
296.965462
578.957877
323.168298
2.000000
535.286483
306.947495
544.020763
321.920542
6.000000
485.376322
272.010381
497.853863
288.231184
6.000000
520.313436
275.753644
532.790976
293.222201
6.000000
576.462368
288.231184
592.683170
303.204231
5.000000
1206.578159
281.992415
1279.356147
472.898782
0.000000
1200.043701
354.712251
1279.356147
508.274645
2.000000
766.356499
305.774785
798.418977
336.149764
