2.000000
872.436899
409.649522
1216.686664
626.954645
2.000000
717.187007
460.687170
877.499397
556.874606
2.000000
631.124564
460.687170
728.999496
523.124627
2.000000
565.312110
445.499680
597.872235
493.703092
2.000000
538.312129
448.874680
583.874596
482.624654
2.000000
514.687147
438.749684
546.749625
474.187160
2.000000
507.937150
445.499680
526.499639
467.437167
2.000000
396.562227
435.374685
435.374702
469.124664
2.000000
445.499695
437.062190
480.937168
460.687173
7.000000
553.499620
401.865789
572.062108
418.740778
6.000000
516.374644
276.749797
543.374627
335.812256
6.000000
367.874749
398.249713
383.062237
410.062204
6.000000
286.874803
381.374725
300.374793
399.937212
2.000000
0.000000
418.499698
37.124975
467.437164
2.000000
42.187471
416.812201
97.874934
467.437167
2.000000
101.249932
420.187198
131.624911
462.374671
2.000000
134.999906
425.249695
163.687387
453.937177
2.000000
163.687386
423.562193
190.687368
458.999670
2.000000
194.062368
425.249695
215.999853
460.687172
2.000000
219.374848
421.874696
242.999833
455.624674
2.000000
248.062328
435.374685
291.937299
458.999670
2.000000
312.187285
421.874696
357.749754
445.499680
2.000000
590.536380
446.020032
682.234575
501.038949
