7.000000
716.210821
330.654820
768.616491
390.547016
7.000000
527.799961
410.511079
542.773008
432.970653
7.000000
479.137551
410.511079
491.615092
424.236375
7.000000
457.925733
380.564983
487.871829
413.006588
6.000000
406.767819
422.988620
415.502097
436.713915
6.000000
391.794770
421.740866
400.529049
432.970653
6.000000
356.857656
406.767819
364.344181
417.997605
2.000000
358.105410
441.704931
380.564983
465.412258
2.000000
122.279895
435.466161
167.199040
455.430226
2.000000
375.573967
445.448193
409.263326
475.394289
6.000000
413.669242
412.762216
422.106736
427.949706
2.000000
268.544342
434.699703
368.106773
505.574654
