4.000000
225.449921
354.599872
272.699905
454.499837
4.000000
256.499909
347.849876
310.499890
473.399829
6.000000
20.249992
284.399897
48.599984
324.899882
6.000000
0.000000
131.399947
24.299993
179.999931
7.000000
0.000000
221.399924
31.049989
242.999916
7.000000
437.399848
261.899908
488.699829
282.149901
7.000000
407.699856
278.099903
457.649837
295.649898
4.000000
531.449816
374.849865
567.899803
488.249826
2.000000
620.999782
400.499856
665.549767
435.599843
9.000000
1033.316049
328.911256
1277.099554
532.799810
6.000000
1139.399600
314.099886
1169.099591
343.799877
6.000000
1100.249614
321.749881
1127.249606
355.499869
6.000000
1106.999614
163.799935
1129.949606
190.799925
6.000000
477.899833
188.099927
494.099827
212.399920
7.000000
1109.699612
260.099907
1166.399592
278.999900
6.000000
472.708669
356.860612
490.936510
378.734021
