7.000000
566.480335
290.726692
577.710122
305.699740
7.000000
405.520064
296.965463
425.484129
306.947495
6.000000
398.033539
298.213216
403.024555
308.195249
6.000000
456.677980
293.222199
460.421241
305.699740
7.000000
466.660012
295.717709
479.137552
301.956478
7.000000
481.633060
290.726692
492.862847
301.956478
2.000000
598.921941
310.690757
791.076063
429.227391
9.000000
605.160712
145.987223
940.806549
396.785785
9.000000
0.000000
316.929528
36.184867
366.839689
1.000000
32.441606
281.992414
177.181074
356.857657
2.000000
177.181074
321.920543
215.861449
346.875624
2.000000
217.109203
321.920543
255.789580
336.893593
2.000000
252.046317
320.672789
267.019365
339.389101
2.000000
263.276103
321.920543
284.487922
339.389101
2.000000
284.487922
320.672789
303.204232
336.893593
2.000000
346.875624
319.425036
380.564983
338.141347
2.000000
510.331403
316.929528
554.002795
350.618887
2.000000
466.660012
316.929528
497.853864
340.636855
2.000000
554.002795
318.177282
576.462368
344.380116
9.000000
456.677980
305.699740
491.615093
328.159313
