2.000000
0.000000
248.089430
185.418397
455.662246
2.000000
155.480011
311.957989
268.247935
385.806011
2.000000
471.828965
304.972366
559.648233
380.816279
2.000000
231.323924
291.001119
512.744760
473.026512
2.000000
503.763243
257.070947
860.030046
590.384988
6.000000
469.833071
207.572815
483.804318
237.511201
7.000000
263.258200
222.542010
284.215073
241.502988
7.000000
835.081389
245.494772
865.019776
254.476288
7.000000
1010.719924
218.550226
1033.672687
246.492718
7.000000
851.048530
166.657019
868.013617
209.568707
7.000000
275.233557
259.466019
285.213019
266.451643
7.000000
193.401966
201.585137
205.377322
222.542008
7.000000
18.761377
214.558438
30.736733
225.535846
6.000000
218.350621
252.480396
229.328030
277.429052
6.000000
782.190241
201.585137
791.171756
229.527631
4.000000
939.865745
305.371545
959.824669
369.240104
4.000000
900.945841
308.365384
926.892445
364.250373
4.000000
894.958164
307.367438
914.917088
363.252427
4.000000
1010.719924
306.369492
1023.693226
329.322255
4.000000
1021.697335
303.375653
1036.666529
332.316091
4.000000
869.011561
316.348954
889.968432
361.256533
4.000000
958.826722
304.373599
976.789753
356.266801
2.000000
1133.467329
333.314041
1150.432416
363.252427
2.000000
1032.674758
312.357170
1142.448842
364.250373
6.000000
849.052653
266.451643
859.032115
292.398243
6.000000
847.056759
297.387975
864.021846
311.359222
6.000000
511.579158
262.028349
521.561191
275.753644
