6.000000
191.646710
304.936516
205.632335
318.922139
6.000000
324.510127
247.245823
338.495751
269.972460
6.000000
418.913081
296.195500
431.150502
311.929326
6.000000
233.603578
306.684720
245.840998
322.418544
6.000000
476.603774
296.195500
492.337600
317.173935
6.000000
282.553259
303.188314
300.035289
324.166747
7.000000
289.546069
278.713473
314.020910
294.447300
6.000000
315.769113
268.224256
329.754735
282.209881
7.000000
467.862760
238.504808
485.344789
255.986837
7.000000
474.855572
247.245823
495.834005
268.224255
7.000000
476.603774
264.727850
492.337600
280.461676
4.000000
814.006924
289.202690
883.935037
404.584077
4.000000
660.165074
303.188314
686.388116
362.627211
7.000000
737.085999
214.029969
765.057245
242.001215
2.000000
558.769308
324.166747
602.474381
345.145181
2.000000
607.718987
331.159558
651.424059
346.893384
2.000000
941.625733
322.418544
988.827211
341.648776
2.000000
1022.043061
318.922139
1084.978366
341.648776
2.000000
876.942226
317.173936
936.381125
339.900574
2.000000
1091.971177
318.922139
1151.410074
336.404167
1.000000
196.891321
313.677530
230.107175
348.641588
2.000000
186.402103
331.159558
219.617957
355.634398
2.000000
364.718792
327.663153
413.668473
360.879007
2.000000
397.934646
311.929327
548.280092
444.792745
0.000000
85.006337
341.648776
125.215002
373.116427
7.000000
691.632725
303.188314
709.114753
320.670343
