2.000000
6.985623
296.390029
166.657020
452.069645
2.000000
386.205189
207.572815
980.981140
628.706123
2.000000
968.007840
273.437265
1276.373223
561.843725
2.000000
407.162060
250.484503
480.012134
329.322255
6.000000
423.129200
28.940441
446.081962
89.815156
6.000000
688.582896
105.782301
708.541821
141.708365
6.000000
453.067587
46.903472
467.038834
90.813106
7.000000
824.303584
181.626213
850.250186
194.599513
7.000000
809.334391
199.589246
840.270724
205.576928
7.000000
1048.841484
93.806945
1126.681290
126.739174
7.000000
1083.769602
155.679610
1118.697720
181.626213
6.000000
1090.755226
157.675504
1139.654590
193.601568
6.000000
712.533606
115.761763
722.513068
150.689881
2.000000
1249.428676
258.468072
1279.367063
274.435212
6.000000
1053.831215
167.654966
1072.792194
198.591299
2.000000
129.733009
306.369492
185.617999
349.281179
