6.000000
1009.356331
206.212353
1022.856322
229.837337
6.000000
1103.856267
260.212315
1117.356257
273.712306
6.000000
854.106439
206.212353
874.356425
231.524835
6.000000
700.544045
202.837355
715.731534
219.712344
7.000000
1088.668778
241.649829
1110.606263
255.149820
7.000000
697.169047
236.587332
719.106532
260.212317
2.000000
862.543932
280.462302
881.106420
304.087287
2.000000
845.668944
280.462302
860.856433
295.649792
2.000000
916.543895
275.399807
936.793881
300.712288
2.000000
950.293873
280.462302
972.231358
300.712288
2.000000
486.231692
280.462302
528.419162
315.899778
2.000000
521.669168
285.524799
552.044148
319.274775
2.000000
582.419126
282.149801
604.356611
317.587276
2.000000
604.356611
287.212298
634.731590
319.274775
2.000000
633.044090
287.212298
678.606560
314.212280
2.000000
759.606504
287.212298
776.481492
300.712288
2.000000
815.293966
280.462302
850.731442
307.462284
2.000000
876.043924
280.462302
924.981390
319.274775
2.000000
965.481363
280.462302
1002.606337
309.149783
2.000000
1002.606337
277.087304
1097.106273
336.149763
2.000000
0.000000
295.649792
174.044408
380.024735
6.000000
323.317881
262.184212
342.502091
274.973686
