2.000000
152.280723
385.904740
249.630561
435.328505
2.000000
554.145232
357.947866
592.601531
383.408592
7.000000
961.033224
245.621129
993.982396
263.593407
7.000000
950.549395
281.565686
979.005506
293.547203
7.000000
937.070188
313.017171
956.540150
335.482518
7.000000
475.781723
287.556443
496.749380
311.519479
6.000000
373.938815
356.450176
388.915709
368.431693
6.000000
577.624632
305.528723
589.606151
320.505617
6.000000
694.444437
317.510240
706.425955
332.487136
6.000000
630.043775
332.487139
640.527604
344.468658
6.000000
607.578429
339.975588
619.559946
353.454796
6.000000
979.005502
296.542584
996.977780
322.003310
6.000000
965.526293
296.542584
980.503187
317.510240
6.000000
823.245760
179.722778
836.724968
215.667334
6.000000
790.296585
184.215847
808.268863
218.662712
6.000000
805.273483
182.718156
827.738829
221.658092
6.000000
474.284033
229.146541
492.256315
265.091100
6.000000
466.795585
313.017171
489.260933
329.491759
7.000000
532.693937
323.500999
553.661590
341.473276
7.000000
507.233211
336.980208
522.210108
351.957102
7.000000
496.749381
317.510240
510.228591
338.477894
7.000000
544.675454
344.468657
556.656974
356.450176
6.000000
695.942127
342.970967
715.412094
359.445556
6.000000
323.017362
356.450176
333.501197
368.431693
7.000000
790.296585
329.491759
806.771173
347.464037
7.000000
754.352029
329.491759
776.817378
344.468657
7.000000
725.181427
323.500999
742.370508
341.473276
2.000000
612.854690
362.440934
626.333897
374.422452
2.000000
591.103841
358.946327
613.569193
375.420919
6.000000
661.495260
204.684276
677.969848
240.628831
7.000000
606.564375
311.519481
626.034339
322.003310
2.000000
429.836975
375.920142
452.302323
389.399351
2.000000
449.306943
375.920142
464.283841
389.399351
2.000000
463.047049
374.921688
485.001865
390.196979
7.000000
775.404218
344.291448
789.375466
358.262695
4.000000
261.461911
383.876653
268.447535
401.839686
