6.000000
691.081200
164.551573
710.380172
183.850545
7.000000
468.400751
179.396937
484.730650
197.211373
7.000000
567.864685
169.005183
587.163657
180.881473
7.000000
728.194606
151.190747
746.009042
173.458789
7.000000
708.895637
131.891774
731.163682
179.396937
7.000000
336.277018
133.376311
352.606918
154.159820
7.000000
337.761552
157.128892
354.091452
179.396937
7.000000
239.782155
183.850547
263.534736
207.603128
2.000000
748.206309
197.231239
782.350645
220.983820
2.000000
712.577437
200.200311
743.752700
225.437429
2.000000
675.464028
203.169384
722.969190
229.891037
2.000000
630.927938
200.200311
682.886710
231.375574
2.000000
605.690822
203.169384
644.288765
235.829182
2.000000
552.247514
198.715775
622.020721
237.313720
2.000000
574.515559
204.653920
626.474330
237.101650
2.000000
486.927915
207.622994
550.762977
234.344647
2.000000
420.123781
207.410923
466.144408
231.163504
2.000000
384.494909
202.957314
434.969144
235.617113
2.000000
345.896964
205.926386
397.855736
234.132579
2.000000
302.845411
208.895459
363.711399
237.101650
2.000000
87.587643
214.833605
190.020650
271.438189
2.000000
0.000000
222.448490
106.173886
293.706234
