7.000000
256.121461
208.366184
280.900142
251.165724
7.000000
318.068164
241.028991
332.710114
259.049850
7.000000
717.905986
218.502917
737.053149
253.418332
7.000000
574.414885
273.691798
591.309441
295.091568
7.000000
425.742797
278.197013
439.258442
295.091568
2.000000
482.508504
311.986124
500.529363
325.501768
2.000000
461.108733
310.859820
473.498074
320.996554
2.000000
440.835267
306.354605
462.235037
322.122857
2.000000
423.940711
293.965265
447.593089
327.754376
2.000000
401.414638
292.838961
434.077445
333.385894
2.000000
390.151601
295.091568
431.824837
340.143716
2.000000
375.509653
298.470480
407.046156
344.648933
2.000000
305.678823
287.207443
394.656813
355.911966
2.000000
266.258194
293.965265
369.878135
369.427610
2.000000
116.459802
286.081139
309.057734
399.837812
2.000000
501.205145
301.567815
539.499471
328.599103
2.000000
542.878382
300.441511
576.667495
329.725407
2.000000
568.783367
299.315207
595.814657
336.483229
2.000000
580.046404
299.315207
610.456604
342.114748
2.000000
592.435744
297.062600
616.088122
349.998874
2.000000
602.572478
298.188904
660.013966
351.125177
2.000000
619.467033
303.820422
669.024396
353.377785
2.000000
639.740500
303.820422
737.728923
368.019733
2.000000
778.050614
296.443129
1026.907393
439.483699
2.000000
970.592210
300.159935
1278.073119
570.472822
7.000000
1054.325725
147.492537
1089.599923
289.569169
