6.000000
273.477913
288.854183
291.050791
305.328757
6.000000
140.583024
307.525364
155.959292
328.393158
6.000000
523.891426
283.362658
537.071084
300.935536
6.000000
478.860926
328.393158
486.549060
339.376207
6.000000
407.471109
331.688073
414.060939
343.769425
2.000000
489.624334
354.752475
502.803992
367.932134
2.000000
526.966700
344.867731
561.014152
366.833829
2.000000
497.971441
348.162647
528.723976
367.492819
2.000000
400.222307
344.428416
427.020956
371.227047
2.000000
215.267756
340.474511
285.559268
387.262305
2.000000
344.208759
343.330111
415.598575
389.458916
6.000000
263.593170
255.172844
280.067743
274.942332
6.000000
263.593170
291.416906
274.576219
305.694869
7.000000
292.149097
333.884682
302.033840
350.359256
7.000000
680.729382
236.135548
702.695479
253.708426
7.000000
679.631078
215.267756
702.695481
236.135547
7.000000
693.909041
287.755878
705.990395
292.149097
6.000000
696.105651
303.132146
718.071748
322.901634
