6.000000
504.092633
112.297864
525.304452
134.757437
6.000000
524.056698
107.306848
546.516271
138.500699
6.000000
535.286484
212.118187
556.498303
237.073268
6.000000
516.570174
212.118187
534.038730
237.073268
6.000000
340.636854
275.753643
350.618886
286.983430
6.000000
376.821721
274.505889
385.555999
285.735676
2.000000
269.514873
293.222200
336.893593
343.132362
2.000000
67.378718
300.708724
152.225992
344.380116
2.000000
147.234977
305.699740
182.172090
330.654821
2.000000
179.676582
301.956478
212.118187
326.911559
2.000000
212.118187
306.947495
237.073268
326.911558
2.000000
239.568776
304.451986
267.019365
326.911559
2.000000
326.911559
299.460970
346.875624
316.929527
2.000000
386.803753
294.469954
416.749850
314.434019
1.000000
380.564983
270.762627
413.006588
309.443004
2.000000
1230.285486
277.001397
1276.452386
331.902575
