7.000000
240.412149
124.803618
344.659878
157.105731
6.000000
381.366824
92.501507
404.859270
152.700898
6.000000
680.895506
33.770391
699.983118
89.564948
6.000000
406.327547
91.033227
426.883436
155.637451
6.000000
663.276174
38.175223
680.895508
89.564950
6.000000
701.451397
35.238668
720.539009
91.033225
6.000000
1178.348028
151.232619
1232.674309
201.154064
2.000000
0.000000
333.299073
137.632700
515.365528
2.000000
56.877417
296.592126
206.641759
370.006019
2.000000
595.141952
294.634419
615.697841
322.531698
2.000000
609.824729
297.570974
645.063397
326.936530
2.000000
625.975786
303.444088
670.024121
335.746201
2.000000
437.279856
278.192769
610.536642
420.615722
2.000000
1096.536615
272.319661
1278.603069
413.274335
2.000000
933.557772
264.978269
1143.521505
353.074941
6.000000
832.246600
240.017546
854.270767
260.573435
6.000000
772.047207
237.080989
797.007932
262.041714
7.000000
707.080665
224.856260
724.700001
267.436318
7.000000
378.186426
235.134205
398.742315
279.182540
