6.000000
525.209932
156.774214
537.751868
178.722604
6.000000
166.196982
197.535509
180.794402
221.051641
6.000000
671.009949
194.400025
681.984144
216.348415
6.000000
634.951879
195.967767
644.358332
213.212930
6.000000
616.138976
208.509704
623.977686
224.187127
6.000000
243.016345
122.283886
255.558282
150.503244
7.000000
539.319609
169.316151
570.674451
180.290346
7.000000
779.184157
189.696799
802.700288
216.348415
7.000000
448.390565
221.051641
456.229275
235.161322
2.000000
434.280888
244.567772
454.661533
279.058102
2.000000
395.087333
241.432288
440.551854
290.032294
2.000000
286.913128
222.619385
409.197014
313.548429
2.000000
277.506672
238.296806
296.319577
257.109711
2.000000
84.674389
219.483899
337.080875
379.393597
2.000000
1.584059
172.451635
161.493757
467.187157
2.000000
437.416370
206.941962
609.868007
302.574232
2.000000
614.571234
238.296806
645.926076
252.406485
2.000000
644.358334
232.025836
725.880925
260.245195
2.000000
818.377711
244.567772
1105.274524
395.071018
2.000000
362.164749
250.838743
874.816427
576.929108
2.000000
45.794495
230.512342
94.731961
250.762328
