6.000000
788.399724
452.249842
800.549721
465.749836
7.000000
642.599775
441.449845
662.849768
458.999838
2.000000
830.249708
471.149835
845.099703
484.649830
2.000000
827.549711
449.935554
842.399705
460.735553
2.000000
812.699716
466.135548
827.549709
478.285544
2.000000
801.899719
451.285556
815.399715
462.085551
2.000000
764.099733
439.135559
776.249726
448.585556
2.000000
739.799741
441.835558
749.249738
452.635554
2.000000
720.899748
437.785559
737.099742
451.285556
2.000000
696.599756
458.035554
761.399735
507.985535
2.000000
287.549899
463.049839
315.899890
473.849834
2.000000
232.199919
463.049839
278.099903
481.949832
2.000000
166.049942
472.499835
214.649925
487.349827
2.000000
70.199975
484.649830
114.749959
499.499824
