2.000000
0.000000
313.355116
271.441374
655.650671
2.000000
600.763629
354.270909
690.578790
418.139468
2.000000
147.696043
380.217512
192.603623
399.178490
2.000000
189.609783
370.238050
240.505041
398.180544
2.000000
232.521471
369.240104
256.472179
390.196975
2.000000
266.451642
370.238050
321.338684
386.205190
2.000000
315.794309
371.235997
350.279126
384.209297
2.000000
363.252426
367.244211
407.162059
390.196975
2.000000
582.800597
357.264748
602.759521
381.215458
2.000000
688.731553
348.637260
710.537713
378.221621
2.000000
700.558252
356.266804
749.457616
388.201082
7.000000
744.467884
190.607729
828.295368
212.562546
7.000000
868.213217
241.502988
894.159820
254.476288
6.000000
872.205002
273.437266
904.139281
303.375654
6.000000
681.597273
164.661127
705.547981
210.566654
6.000000
417.141524
262.459859
438.098395
293.396191
6.000000
673.613703
169.650858
689.580842
213.560493
6.000000
1193.543687
156.677558
1277.668648
227.531739
7.000000
416.143577
296.390028
439.096341
315.351007
2.000000
467.038834
360.258587
495.979276
377.223673
2.000000
448.077856
360.258587
469.034727
377.223673
2.000000
415.145629
363.252426
438.098393
381.215458
2.000000
529.909445
358.262695
540.886855
370.238050
2.000000
543.880694
355.268857
558.849887
366.246265
2.000000
989.106346
233.887339
1279.356147
640.574560
