7.000000
568.975843
296.965462
591.435417
321.920542
7.000000
546.516272
408.015572
576.462368
441.704931
7.000000
456.677980
444.200439
466.660011
462.916751
6.000000
565.232581
326.911558
591.435417
399.281293
6.000000
544.020763
361.848672
558.993810
399.281294
4.000000
1167.897785
481.633060
1221.551208
550.259534
4.000000
1191.605112
469.155520
1219.055701
486.624078
2.000000
1135.456178
537.781992
1278.947893
677.530445
9.000000
1232.106179
492.862847
1279.356147
542.773009
2.000000
408.015572
451.686962
647.584349
581.453384
2.000000
189.658614
451.686962
311.938511
546.516270
2.000000
87.342783
457.925733
200.888401
516.570174
9.000000
303.204231
430.475146
396.785786
521.561191
2.000000
386.803752
484.128569
406.767817
506.588141
