6.000000
255.489997
185.644109
292.081385
256.830987
6.000000
227.547484
189.635897
257.485891
257.496286
6.000000
205.592652
269.471649
233.535165
304.732439
6.000000
608.082326
357.395395
614.070007
370.036056
6.000000
636.690137
382.011419
644.673712
389.994993
6.000000
507.622340
374.693140
514.940616
380.680821
7.000000
641.347222
370.701352
651.326690
377.354333
7.000000
245.494954
277.559644
266.784489
302.175669
7.000000
514.940616
354.068905
522.924191
364.713672
7.000000
535.564853
364.048374
539.556639
372.031948
2.000000
517.601808
385.398391
528.911873
396.708455
2.000000
607.417028
392.051371
626.710669
409.349117
2.000000
594.776367
379.410710
606.751730
389.390179
2.000000
516.936510
372.092434
611.408815
452.593483
7.000000
766.940661
331.034228
792.385424
339.327932
7.000000
771.095890
337.332036
798.373106
348.642101
