6.000000
588.113355
415.620585
601.933252
430.976025
6.000000
698.672523
415.620585
707.885786
427.904936
6.000000
724.776769
400.265144
740.132211
418.691674
6.000000
744.738843
409.478410
757.023193
426.369393
7.000000
807.696148
370.449991
827.658218
391.947608
7.000000
810.767234
390.412064
832.264850
416.516310
7.000000
743.203298
428.800662
755.487649
439.549470
2.000000
414.596882
470.183570
448.378849
499.358907
2.000000
667.961643
457.899218
687.923714
473.254660
2.000000
331.677505
468.340921
416.132424
509.800609
2.000000
637.250762
452.985481
671.032731
479.089730
2.000000
692.530346
460.663199
704.814699
472.947550
2.000000
599.783500
457.592112
630.494380
476.018641
7.000000
769.499731
400.274860
781.649725
416.474854
7.000000
693.899757
427.274850
716.849749
438.074847
4.000000
456.299841
464.399838
467.099838
495.449828
