6.000000
409.688837
233.261672
424.220387
258.338689
6.000000
611.515936
229.275586
626.047489
251.880222
7.000000
856.285103
219.049680
875.660504
240.039700
7.000000
853.055870
241.654314
883.733589
256.185867
7.000000
731.959609
256.185867
751.335010
262.644334
7.000000
71.581337
256.185867
90.956739
275.561268
7.000000
383.202380
273.946652
396.119314
282.019735
7.000000
386.431612
278.790503
402.577781
290.092819
7.000000
470.391687
282.019735
491.381705
301.395137
4.000000
1260.612069
297.896799
1278.372854
335.032986
4.000000
1252.538985
296.282183
1268.685154
335.032988
4.000000
1242.851284
289.823716
1262.226685
336.647602
4.000000
781.070877
309.199117
793.987811
331.803753
4.000000
769.768561
310.813735
784.300112
333.418371
4.000000
755.237010
312.428352
772.997794
349.564538
4.000000
731.017758
312.428352
748.778542
352.793771
4.000000
701.954655
310.813735
711.642357
325.345286
4.000000
714.871590
312.428352
729.403140
349.564538
6.000000
246.344395
267.103755
260.875945
291.323007
6.000000
235.440502
288.158643
254.815903
305.919427
2.000000
643.828449
311.217389
656.745383
322.519705
2.000000
634.140749
312.832005
650.286918
327.363556
2.000000
624.453050
312.832005
643.828451
328.978174
2.000000
613.150732
307.988154
627.682282
319.290472
2.000000
582.473012
311.217389
608.306881
340.280490
2.000000
655.130767
309.602773
669.662318
322.519707
2.000000
664.818469
304.758922
684.193870
322.519705
2.000000
495.283703
312.832005
525.961423
348.353574
2.000000
458.147519
312.832005
503.356789
353.197424
2.000000
414.552863
311.217389
472.679067
361.270510
2.000000
338.665874
295.071220
409.709014
314.446622
2.000000
261.164268
330.592790
293.456604
388.718995
2.000000
282.154286
307.988154
448.459817
411.323630
2.000000
0.000000
330.592790
88.803924
408.094398
2.000000
43.594654
304.355266
269.641005
425.451527
2.000000
510.218909
307.745959
597.408217
382.018332
