2.000000
215.886301
503.905266
238.907353
512.857896
2.000000
186.470512
503.905266
209.491563
514.136844
2.000000
148.102089
506.463161
180.075774
525.647372
2.000000
122.523143
515.415791
169.844197
549.947370
2.000000
36.833668
506.463161
141.707354
598.547372
2.000000
43.228406
523.089476
114.849460
621.568424
2.000000
0.000000
506.463161
94.386302
677.842109
2.000000
348.896830
514.136844
369.359987
539.715791
2.000000
368.081039
509.021055
391.102092
544.831583
2.000000
378.312618
507.742108
410.286303
551.226319
2.000000
396.217881
509.021055
439.702092
551.226319
2.000000
415.402092
507.742108
464.002092
565.294740
2.000000
438.423145
509.021055
501.091567
574.247370
2.000000
476.791565
509.021055
571.433672
594.710528
2.000000
535.623144
506.463161
710.838935
626.684213
4.000000
764.554726
470.652633
810.596831
585.757898
2.000000
290.065249
502.626319
320.759985
532.574634
2.000000
118.686301
509.021055
332.270511
682.957899
2.000000
941.049462
419.494739
1279.970518
718.768425
