6.000000
374.176877
294.824449
386.461229
323.999786
6.000000
707.389925
290.217817
722.745365
316.322066
7.000000
692.034486
222.653880
733.494174
251.829217
7.000000
696.641118
254.900304
733.494174
267.184656
6.000000
778.024950
264.113569
799.522566
296.359992
6.000000
185.304965
211.905073
200.660404
236.473777
6.000000
239.049003
288.682273
252.868900
304.037712
7.000000
0.000000
210.369528
28.679475
261.042481
2.000000
831.768990
334.748593
877.835310
365.459474
7.000000
985.323391
228.796057
1022.176447
265.649113
2.000000
389.532316
340.890768
447.882989
396.170353
2.000000
0.000000
391.563721
28.679475
468.340920
2.000000
189.911595
300.966625
383.390140
448.378849
2.000000
421.778740
297.895537
665.930237
522.084962
4.000000
741.171894
340.890768
753.456246
371.601649
4.000000
725.816454
337.819681
741.171894
373.137192
