2.000000
274.191304
522.278078
362.995232
561.028880
2.000000
396.902184
507.746528
445.340688
548.111947
2.000000
445.340685
507.746528
464.716089
540.038864
2.000000
461.486854
519.048846
495.393808
540.038865
2.000000
721.440161
468.995723
789.254066
533.580396
2.000000
808.629466
475.454192
894.204155
541.653483
2.000000
963.632682
493.214977
992.695783
510.975760
2.000000
1073.426625
375.347951
1278.482957
609.467390
2.000000
564.822331
512.590379
601.958518
530.351164
2.000000
605.187748
509.361144
642.323935
523.892698
2.000000
648.000574
511.675931
673.676068
528.181609
2.000000
690.181743
511.064605
719.525163
525.736314
2.000000
1055.140562
485.389111
1097.321732
511.064608
2.000000
1033.132994
490.891002
1058.808489
518.400460
2.000000
923.095158
492.724966
954.272548
511.064607
2.000000
998.287680
492.724966
1016.627321
509.230641
