2.000000
473.762973
383.555706
494.741407
402.086655
2.000000
451.735616
382.856424
472.714050
400.338453
2.000000
406.282341
382.856424
448.239211
403.834857
2.000000
386.352829
386.789880
410.827669
400.775504
2.000000
358.381584
386.789880
388.101034
406.020111
2.000000
311.180108
383.293474
368.870803
416.509328
1.000000
608.374591
256.985819
903.820873
463.273754
7.000000
454.532740
353.136976
480.755784
368.870803
7.000000
475.511175
354.885178
503.482419
370.619004
7.000000
501.734217
360.129787
513.971637
374.115409
2.000000
75.872005
388.101033
196.498000
445.791727
