7.000000
544.020763
369.335197
560.241565
389.299260
7.000000
547.764025
356.857656
560.241565
369.335197
7.000000
416.749850
358.105410
437.961669
371.830705
7.000000
416.749850
340.636854
427.979637
349.371132
7.000000
235.825514
316.929527
275.753643
330.654821
6.000000
252.046317
345.627870
273.258134
364.344179
6.000000
228.338990
346.875624
238.321022
363.096426
6.000000
432.970653
376.821721
451.686962
390.547015
6.000000
436.713915
315.681773
447.943701
344.380116
6.000000
737.422639
299.460970
746.156919
331.902575
6.000000
721.201837
298.213216
734.927131
325.663805
6.000000
909.612697
284.487922
923.337992
314.434019
6.000000
1009.433021
379.317229
1030.644838
401.776802
6.000000
1039.379118
380.564983
1055.599920
401.776802
7.000000
1030.644839
274.505889
1070.572970
289.478938
7.000000
1031.892593
291.974446
1053.104412
304.451986
7.000000
1055.599920
314.434019
1080.555001
326.911559
7.000000
1046.865642
324.416051
1059.343182
336.893592
9.000000
692.503494
335.645837
1071.820723
461.668997
9.000000
870.932322
421.740866
1202.834897
582.701138
2.000000
1130.465163
616.390497
1276.452386
717.458575
9.000000
650.079856
381.812737
696.246756
431.722899
9.000000
601.417449
383.060491
645.088840
434.218407
2.000000
531.543222
430.475145
778.598523
645.088840
2.000000
301.956478
389.299261
429.227392
447.943701
2.000000
239.568776
405.520064
401.776802
462.916750
4.000000
427.979637
399.281294
444.200439
446.695947
4.000000
534.038730
405.520064
550.259533
450.439209
