6.000000
576.549461
400.274720
590.856620
428.962200
6.000000
517.717882
401.962219
529.228408
423.899702
6.000000
1155.912621
33.252632
1212.186307
84.410526
2.000000
246.581038
442.515792
324.596828
489.836846
2.000000
410.286303
437.400001
485.744199
469.373686
2.000000
712.117884
395.194739
833.617884
466.815791
2.000000
643.169084
427.168423
677.586305
454.274683
2.000000
599.294114
425.889476
639.217881
446.352633
7.000000
27.881036
250.673687
68.807352
324.852634
2.000000
318.202090
438.678950
379.591565
471.931580
2.000000
695.491567
411.821054
724.907356
432.284212
6.000000
1149.418736
217.012351
1186.543710
269.324815
7.000000
1228.731181
182.587369
1279.356147
287.212297
7.000000
364.731775
363.149745
398.481752
380.024734
6.000000
280.356833
358.087249
307.356815
390.149727
7.000000
501.419181
412.087212
516.606671
422.212205
7.000000
592.544119
408.712214
606.044110
420.524706
2.000000
477.794198
434.024697
508.169177
454.274684
2.000000
567.231636
427.274701
587.481622
439.087193
2.000000
536.856657
423.899704
552.044147
439.087193
