6.000000
422.106735
260.212317
442.356723
292.274794
6.000000
332.669297
320.962274
352.919284
353.024752
6.000000
182.172090
366.524743
195.981890
381.812737
6.000000
1252.356165
324.337272
1269.231154
358.087249
6.000000
1232.106179
305.774785
1252.356165
353.024753
6.000000
599.294114
358.087249
612.794107
390.149727
6.000000
570.606634
363.149745
582.419127
381.712233
6.000000
1265.856156
293.962293
1279.356149
358.087249
7.000000
334.356797
302.399787
352.919284
319.274774
7.000000
423.794235
246.712325
437.294228
261.899815
7.000000
1240.543673
282.149802
1257.418660
305.774784
7.000000
577.356629
376.649735
592.544119
395.212223
7.000000
317.481808
388.462228
330.981799
408.712214
4.000000
1009.356332
381.712233
1031.293817
454.274684
4.000000
992.481344
380.024734
1026.231321
455.962182
4.000000
967.168861
388.462228
994.168844
457.649681
4.000000
1147.731238
391.837225
1179.793715
469.462173
4.000000
433.919228
412.087212
449.106717
437.399694
4.000000
364.731775
390.149727
383.294263
435.712194
2.000000
184.169400
408.712214
217.919376
428.962202
2.000000
246.606856
405.337216
270.231839
427.274701
2.000000
253.356851
412.087212
300.606819
434.024694
2.000000
312.419311
410.399713
361.356779
428.962201
2.000000
384.981762
418.837207
433.919228
437.399694
