2.000000
470.916148
353.686961
497.020397
375.184577
2.000000
444.811900
353.686961
478.593870
381.326753
2.000000
414.101019
350.615873
449.418532
378.255665
2.000000
368.034703
346.009241
424.849830
387.468928
2.000000
315.826204
349.080329
375.712423
390.540017
2.000000
252.868900
342.938153
337.323820
398.217737
2.000000
12.477540
352.151417
106.992219
396.785786
2.000000
641.361533
353.686961
670.536871
390.540017
2.000000
662.859151
352.151417
728.887542
398.217738
2.000000
762.669509
344.473697
911.617278
447.355146
2.000000
871.693134
332.189345
1209.512814
504.170274
2.000000
493.949309
322.976081
656.716973
462.710585
