2.000000
710.081946
413.632850
772.898301
457.714502
2.000000
859.082528
418.334888
925.205008
449.192046
2.000000
877.817232
417.232847
970.388702
452.498168
2.000000
740.062068
413.926723
850.266200
488.865532
2.000000
112.559749
431.050273
188.050261
471.232864
2.000000
487.253795
432.661417
525.825240
461.314488
2.000000
411.212944
441.477748
448.682348
465.722656
9.000000
454.853776
416.571617
509.955840
462.857352
7.000000
317.098615
295.347072
378.812932
308.571568
6.000000
450.445614
300.857278
459.261944
327.306268
6.000000
440.527242
303.061361
449.632856
326.755248
7.000000
190.653147
331.163413
207.183768
343.285868
7.000000
174.673548
336.122600
200.020497
348.245054
6.000000
173.571507
379.102211
192.306208
395.632832
7.000000
822.673840
336.122600
856.837120
379.102211
7.000000
639.551302
353.020570
669.306416
361.836902
6.000000
925.514341
295.763468
940.942918
321.110417
6.000000
918.551432
371.387922
938.388176
386.816501
6.000000
940.592259
370.285882
953.816756
386.816502
4.000000
312.979732
436.959380
322.898104
464.510412
4.000000
867.106151
327.722662
888.044934
344.253282
2.000000
510.044766
402.661472
652.208095
532.702348
2.000000
338.694024
434.204278
347.510356
465.061434
6.000000
459.061417
303.692736
472.285912
325.733562
2.000000
950.694293
362.668360
1278.741788
603.226161
6.000000
608.011936
347.457888
616.828266
365.090549
6.000000
601.425273
345.600162
610.241606
362.130782
6.000000
617.955892
346.702202
621.262016
361.028740
2.000000
205.145739
434.713590
236.894484
471.346757
