9.000000
540.015629
385.933385
564.584332
412.037634
2.000000
526.195733
399.753281
540.015629
412.037633
2.000000
512.375837
396.682193
530.802365
415.108723
2.000000
489.342677
387.468929
515.446925
412.037633
2.000000
469.380605
395.146649
497.020397
418.179811
2.000000
450.954076
396.682193
481.664957
422.786443
2.000000
437.134180
395.146649
463.238429
424.321987
2.000000
377.247964
384.397841
454.025163
435.070795
9.000000
320.432836
372.113489
386.461230
445.819601
9.000000
156.129628
344.473697
355.750348
476.530481
9.000000
0.000000
321.440537
226.764652
528.738977
2.000000
575.333141
396.682193
592.224126
413.573177
2.000000
599.901845
399.753281
619.863917
415.108722
2.000000
613.721741
396.682193
633.683813
416.644267
2.000000
629.077181
393.611105
647.503709
419.715356
2.000000
638.290445
387.468929
662.859151
427.393075
2.000000
647.503709
379.791209
713.532103
433.535250
2.000000
702.783293
399.753281
776.489406
453.497323
2.000000
754.991789
373.649033
908.546190
482.672658
