2.000000
405.482536
305.814484
439.626872
339.958821
2.000000
457.441309
317.690773
485.647498
335.505209
2.000000
539.090806
323.628919
568.781533
338.474282
2.000000
596.987722
325.113456
620.740303
345.896963
2.000000
626.678449
313.237165
660.822786
341.443356
2.000000
632.616595
328.082530
678.637221
360.742330
6.000000
549.482561
258.309320
568.781533
279.092829
6.000000
631.132060
276.123759
648.946493
290.969120
6.000000
712.781557
308.783556
730.595992
328.082530
6.000000
772.163008
299.876338
791.461981
317.690773
7.000000
938.431078
236.041276
978.513561
265.732003
7.000000
714.266094
332.536137
727.626922
342.927891
2.000000
1113.012558
393.402128
1277.796092
518.103179
2.000000
129.358781
308.783556
206.554669
338.474282
