2.000000
640.895523
239.784579
665.700825
258.158878
2.000000
631.708375
238.865865
645.489099
260.915022
2.000000
598.634639
227.841287
635.383233
264.589879
2.000000
693.262272
237.947151
710.717853
258.158878
2.000000
696.385868
238.865865
711.085305
257.240162
2.000000
706.491729
236.109719
720.272454
259.996308
2.000000
714.760166
237.947151
738.646751
264.589882
2.000000
732.215749
236.109719
777.232778
271.020883
2.000000
768.229382
213.141848
856.426007
290.313895
2.000000
809.571549
228.760002
895.012031
312.363056
2.000000
306.483283
217.735422
413.972925
271.020883
2.000000
864.260133
186.105012
1070.970977
365.254411
2.000000
11.024578
191.827668
104.733498
279.105581
2.000000
557.134946
231.516141
610.420410
270.102164
2.000000
399.273486
210.201964
533.405856
303.910881
2.000000
2.469047
205.608390
366.280134
414.340405
2.000000
960.844536
117.333022
1277.801163
503.324509
7.000000
9.799623
96.465061
41.954643
126.782649
