7.000000
899.727433
235.978652
954.642674
253.551531
7.000000
911.808786
274.419323
946.954543
319.449823
7.000000
922.791835
319.449823
944.757933
340.317615
7.000000
932.676579
215.110860
976.608774
228.290518
7.000000
905.218957
211.815945
926.086750
230.487128
7.000000
771.225762
366.676933
780.012201
378.758286
7.000000
1114.053785
262.337970
1130.528358
311.761690
2.000000
31.191858
431.633816
119.056251
501.925328
2.000000
696.764624
399.782975
709.944283
416.257548
2.000000
569.361258
365.735524
592.425660
376.718573
2.000000
672.437160
392.643993
700.993087
421.199920
2.000000
716.369356
397.037213
753.711720
425.593140
2.000000
628.504965
397.037213
661.454113
423.396530
2.000000
98.737426
397.745158
125.094034
407.329379
