9.000000
0.000000
319.425035
81.104013
396.785786
2.000000
78.608505
355.609902
152.225993
390.547015
9.000000
162.208026
330.654821
303.204231
381.812737
1.000000
502.844879
329.407067
540.277500
370.582951
2.000000
291.974446
361.848672
365.591935
383.060491
2.000000
535.286484
356.857656
566.480335
371.830705
2.000000
718.706329
351.866640
746.156918
371.830705
1.000000
724.945099
336.893592
746.156918
351.866640
2.000000
565.232581
338.141346
731.183869
471.651028
7.000000
244.559792
248.303055
294.469954
296.965461
7.000000
551.507287
336.893592
561.489319
349.371132
7.000000
223.347974
238.321022
313.186265
305.699740
7.000000
640.097824
268.267119
651.327610
299.460970
7.000000
704.981034
248.303055
719.954083
279.496906
9.000000
717.458575
223.347974
893.391895
262.028349
6.000000
784.837293
328.159313
793.571571
346.875624
