7.000000
1069.116363
282.714816
1104.119151
304.254993
2.000000
590.200847
421.379702
607.702241
440.227357
2.000000
596.932152
420.033441
622.511111
441.573618
2.000000
613.087285
415.994658
652.128856
445.612401
2.000000
635.973722
420.033441
660.206420
449.651184
2.000000
645.397550
417.340919
669.630248
450.997445
2.000000
656.975382
413.302135
706.787039
455.036227
2.000000
689.285647
409.263353
756.598698
465.806316
2.000000
732.366000
398.493265
799.679051
476.576403
2.000000
771.676838
390.415698
911.687985
491.385277
2.000000
959.076390
397.147004
1124.666495
469.845100
2.000000
470.922134
399.839526
601.509454
502.155361
2.000000
496.501092
394.454482
562.467882
406.570830
7.000000
725.903963
386.376915
738.020313
395.800741
2.000000
861.068604
411.955876
1072.162319
525.041803
