2.000000
714.963066
306.947495
754.891197
329.407066
2.000000
665.052905
303.204232
694.999002
326.911559
2.000000
595.178678
294.469954
638.850070
325.663805
2.000000
215.861449
182.172090
481.633060
432.970653
2.000000
87.342783
243.312038
183.419844
277.001397
2.000000
0.000000
242.064284
42.423637
299.460970
7.000000
243.312038
142.243961
275.753643
184.667598
7.000000
248.303055
117.288880
275.753641
147.234977
7.000000
243.312038
73.617489
279.496907
104.811340
7.000000
556.498303
262.028349
581.453384
284.487922
7.000000
563.984827
232.082252
572.719107
260.780595
7.000000
481.633060
272.010381
502.844879
291.974446
7.000000
914.603713
228.338990
930.824516
237.073268
7.000000
913.355959
242.064284
922.090239
253.294071
