2.000000
645.959235
387.269398
668.919870
404.107199
2.000000
675.042708
385.738689
691.880508
397.984362
2.000000
624.529308
387.269398
644.428526
404.107199
2.000000
590.853707
382.677272
622.998597
408.699327
2.000000
465.335562
385.738689
514.318253
440.844216
2.000000
391.861527
371.962308
483.704072
451.559181
2.000000
249.505582
383.825302
425.537126
486.382811
2.000000
3.061418
379.233176
287.773307
538.809598
2.000000
689.125249
382.677272
725.862267
405.637910
2.000000
722.800850
387.269398
748.822903
433.190670
2.000000
738.107940
376.554435
839.134739
462.274145
6.000000
554.116690
365.839471
567.893071
378.085144
6.000000
652.082070
359.716634
664.327742
371.962307
6.000000
745.455326
364.308762
754.639580
376.554435
7.000000
518.910380
336.755998
541.871015
349.001671
7.000000
526.563926
353.593799
549.524563
361.247345
7.000000
913.833324
238.790616
944.447506
270.935507
7.000000
930.671124
277.058346
961.285306
298.488273
7.000000
909.241197
275.527635
929.140416
286.242599
