4.000000
212.737142
337.703906
247.975811
457.123838
4.000000
179.853023
346.047090
219.526484
459.593910
4.000000
113.080337
329.950950
165.938341
471.340134
4.000000
774.761282
297.570979
795.317172
335.746204
2.000000
345.045297
333.788499
477.190303
393.498468
2.000000
155.148027
344.555870
434.120820
433.631397
2.000000
831.920881
239.589298
1278.380586
545.969942
2.000000
388.500967
232.737335
861.286437
601.764504
6.000000
573.117791
95.927487
592.694829
147.806638
6.000000
550.604196
100.821746
568.223535
147.806638
6.000000
208.984882
193.812676
227.583068
227.093641
6.000000
878.519583
144.870083
893.202362
191.854974
6.000000
536.970187
279.811813
549.695262
290.579184
6.000000
519.350854
298.409999
528.160520
310.156222
6.000000
461.598591
296.452295
480.196779
310.156222
7.000000
193.393169
241.496750
236.462651
253.242972
7.000000
872.716404
206.677599
910.891628
216.466120
7.000000
192.290017
157.384433
221.655574
199.475065
7.000000
1248.056551
91.033227
1278.400960
129.208451
6.000000
186.465267
296.889733
206.301997
323.338707
6.000000
1229.216066
3.306122
1271.534424
37.689788
7.000000
877.444712
218.865260
898.603891
232.089747
6.000000
909.183480
243.991785
927.697762
258.538721
2.000000
872.816141
274.408105
941.583474
336.563194
