7.000000
574.704027
269.861022
587.197592
281.105231
6.000000
476.004857
212.390619
504.740059
239.876464
2.000000
494.745206
291.100083
570.955958
354.817268
2.000000
454.765797
301.094936
489.747780
334.827564
2.000000
367.310835
286.102657
457.264509
362.313409
2.000000
272.359734
298.596222
374.806973
342.323703
2.000000
201.146409
294.848153
268.611666
354.817268
2.000000
137.429224
296.097510
234.879037
362.313409
2.000000
44.976837
292.349441
209.891906
372.308261
2.000000
0.000000
294.848153
123.686301
383.552470
2.000000
0.000000
302.613452
110.627494
405.046459
