6.000000
939.558794
534.038730
949.540828
545.268517
6.000000
930.824515
531.543223
940.806547
547.764026
7.000000
912.108205
474.146536
938.311040
482.880815
7.000000
925.833499
489.119586
945.797563
497.853864
7.000000
839.738471
515.322419
858.454781
525.304451
6.000000
854.711519
541.525255
865.941306
551.507287
6.000000
741.165901
495.358355
747.404672
512.826912
6.000000
662.557397
496.606109
671.291675
511.579159
6.000000
653.823119
495.358355
661.309643
512.826912
6.000000
555.250549
506.588141
571.471352
531.543223
6.000000
547.764026
535.286483
561.489320
546.516271
7.000000
578.957875
522.808944
597.674186
531.543223
5.000000
636.354562
544.020763
666.300659
625.124776
0.000000
640.097824
581.453384
665.052906
635.346854
4.000000
918.346975
555.250549
935.815531
583.948891
4.000000
874.675584
562.737074
889.648632
591.435416
4.000000
865.941306
562.737074
874.675584
591.435416
0.000000
848.472749
576.462368
863.445799
603.912957
5.000000
845.977240
556.498302
865.941306
595.178677
5.000000
821.022160
556.498302
835.995210
593.930923
2.000000
781.094031
554.002795
806.049112
601.417450
2.000000
576.462368
556.498302
626.372530
612.647234
2.000000
501.597125
542.773010
590.187663
603.912957
2.000000
489.119586
557.746058
591.435416
662.557397
2.000000
395.538032
547.764026
541.525255
685.016970
2.000000
0.000000
445.448194
474.146536
716.210821
2.000000
945.797563
568.975843
968.257136
590.187663
1.000000
607.656219
510.331403
731.183869
603.912957
2.000000
698.625536
516.469060
793.028490
626.605840
1.000000
957.359558
325.914950
1279.028882
707.023171
4.000000
896.172458
554.929523
910.158081
586.397174
