7.000000
5.507123
66.896808
83.386992
128.302091
7.000000
373.938817
326.496379
385.920334
338.477899
7.000000
914.604839
274.077236
938.567876
313.017172
7.000000
1008.959298
271.081856
1049.396924
310.021791
7.000000
1223.128941
339.975588
1241.101219
368.431694
6.000000
616.564567
356.373277
629.523562
366.756182
2.000000
287.072808
336.980208
580.620011
594.582856
2.000000
544.675455
374.422453
582.117702
413.362391
2.000000
592.601530
368.431694
692.946748
447.809254
2.000000
856.194937
377.417833
995.480089
480.758430
2.000000
959.535534
361.804325
1279.293771
527.186814
2.000000
578.707344
385.505360
595.181932
400.482258
2.000000
655.089525
372.026152
912.692172
518.799755
6.000000
439.276799
315.056291
448.062335
327.835252
6.000000
447.263650
316.678620
454.451815
328.633937
6.000000
374.383615
305.497030
386.363890
319.074675
6.000000
613.190443
331.853636
616.385183
345.431282
7.000000
615.945916
334.010096
632.718302
338.802206
