6.000000
592.780059
93.806945
617.638250
158.714311
6.000000
492.862847
305.949287
511.579158
327.161106
6.000000
537.781992
310.940304
551.507287
332.152122
6.000000
258.285087
350.868433
273.258136
374.575760
6.000000
217.109203
359.602711
232.082253
378.319021
2.000000
77.360751
397.035333
179.676582
461.918544
2.000000
209.622679
394.539825
339.389099
485.625870
2.000000
461.668996
379.566776
490.367339
400.778595
2.000000
315.681773
382.062284
378.069475
446.945494
2.000000
376.821721
379.566776
432.970653
414.503889
2.000000
521.561190
380.814530
551.507287
402.026349
7.000000
663.805151
305.949287
688.760232
340.886402
1.000000
784.837293
0.249547
1276.452386
555.500097
2.000000
0.000000
380.814530
34.937113
464.414051
2.000000
38.680375
378.319022
87.342783
459.423035
2.000000
88.590537
379.566776
142.243961
404.521857
2.000000
200.888401
387.053300
243.312038
410.760628
