2.000000
99.794457
320.962274
136.919431
351.337253
2.000000
60.981984
314.212279
113.294447
353.024752
2.000000
273.606838
310.837280
302.294318
339.524762
2.000000
229.731868
319.274775
283.731830
359.774748
2.000000
327.606802
314.212279
346.169289
332.774767
2.000000
371.481772
310.837280
391.731758
329.399768
2.000000
390.044258
312.524780
417.044239
339.524763
7.000000
479.481697
258.524817
504.794179
288.899795
7.000000
418.731738
265.274813
437.294225
280.462302
2.000000
334.356797
314.212279
379.919265
351.337253
2.000000
411.981743
307.462284
460.919209
351.337253
2.000000
131.856936
309.149782
234.794365
390.149727
