7.000000
934.682566
255.673584
957.825435
284.326658
1.000000
0.000000
166.408240
513.261970
535.592077
2.000000
730.804926
373.592002
768.274330
407.755285
2.000000
783.702909
378.661400
828.886603
411.722642
9.000000
521.521226
326.959904
597.408216
380.242257
2.000000
655.534420
383.471491
679.753672
402.846892
2.000000
581.262048
365.710705
655.534422
422.222293
2.000000
816.391657
353.139763
1032.662777
522.674527
6.000000
721.469217
114.327522
749.240637
150.033635
6.000000
679.297822
332.375443
695.167206
348.244829
6.000000
790.383511
324.440750
804.930447
338.987686
