2.000000
0.000000
383.605644
186.402101
558.425929
2.000000
1118.194220
432.555324
1279.970517
610.872013
2.000000
160.179059
385.353846
333.251141
491.994220
2.000000
820.999737
373.116426
1160.151088
565.418739
2.000000
747.575216
359.130804
913.654486
486.749613
2.000000
321.013721
360.879006
427.654095
467.519382
2.000000
394.438242
381.857441
536.042672
467.519381
2.000000
721.352174
366.123615
796.524895
453.533760
2.000000
696.877334
364.375413
756.316230
429.058917
2.000000
660.165074
380.109239
682.891712
397.591268
2.000000
591.985163
373.116426
607.718988
383.605643
2.000000
611.215394
369.620021
628.697422
383.605644
2.000000
651.424059
378.361035
663.661478
392.346659
2.000000
642.683045
376.612832
656.668668
390.598455
2.000000
635.690234
373.116426
647.927654
388.850252
6.000000
544.783687
303.188313
551.776496
324.166748
6.000000
632.193828
315.425733
639.186638
334.655964
6.000000
550.028295
306.684720
558.769310
327.663153
6.000000
537.790874
306.684720
544.783687
325.914951
