6.000000
722.481529
37.462469
757.919006
108.337420
6.000000
938.481381
74.587444
962.106365
150.524891
6.000000
406.919247
197.145139
426.731883
243.312038
6.000000
791.668982
282.149802
805.168973
300.712289
6.000000
874.356425
285.524799
886.168917
300.712288
6.000000
892.918912
253.462322
903.043905
272.024809
6.000000
1056.606300
272.024808
1079.307247
291.974446
6.000000
741.044017
283.240168
752.856510
302.399788
6.000000
698.856546
275.753643
710.669038
290.587295
6.000000
621.381513
272.024808
627.620283
288.231184
6.000000
676.919061
292.274794
687.044053
309.149782
6.000000
651.327610
302.399787
656.318626
315.681773
7.000000
400.169252
140.399898
442.356723
160.649884
7.000000
420.419237
126.899908
459.231709
142.087396
7.000000
599.294114
300.712288
617.856602
322.649773
7.000000
786.606485
309.149782
805.168972
327.712269
7.000000
960.418866
305.774785
980.668852
332.774767
7.000000
1063.356295
245.024827
1080.231284
261.899815
7.000000
719.106532
304.087285
730.919025
319.274774
4.000000
307.356815
299.024789
343.132362
389.299261
2.000000
562.169141
314.212279
587.481623
334.462265
2.000000
899.668908
326.024770
941.856380
347.962255
