7.000000
749.144428
217.639497
786.032477
289.571196
6.000000
503.834778
276.133400
514.901192
287.199815
6.000000
660.608992
256.767175
671.651626
262.532722
6.000000
636.631758
254.922771
647.698172
263.222581
6.000000
625.565343
270.600194
635.709556
278.900004
2.000000
656.053969
288.464556
668.964787
300.453173
2.000000
645.909755
288.464556
656.053969
299.530971
2.000000
629.310131
288.464556
643.143149
299.530971
2.000000
613.632711
286.620152
629.310133
297.871004
2.000000
597.955290
287.726791
613.632711
298.793206
2.000000
587.811076
288.648993
597.955288
296.948804
2.000000
575.822460
287.726791
594.266486
297.871005
6.000000
670.949765
262.092760
681.749761
278.292754
