2.000000
222.529630
306.761806
307.433423
371.069299
2.000000
92.347560
314.653335
236.913469
391.049953
2.000000
0.000000
327.581992
79.418903
414.556605
2.000000
399.304560
299.239680
495.681832
342.726985
2.000000
875.784387
317.064330
1279.078646
529.799528
2.000000
745.160863
285.605819
916.759421
413.717073
2.000000
700.498224
293.833146
781.596172
366.703767
2.000000
680.517569
303.235808
728.706206
350.249112
2.000000
662.887582
303.235808
700.498224
338.495787
2.000000
622.758372
300.213527
670.947008
337.824171
2.000000
608.654382
300.213527
634.511699
327.246175
2.000000
592.199725
307.265522
608.654382
321.369516
2.000000
582.797065
306.090190
593.375059
316.668184
2.000000
309.784088
300.213527
400.284698
344.876164
6.000000
479.227175
235.066517
493.331167
253.871838
6.000000
563.851121
243.293847
581.481111
262.099169
