6.000000
104.856954
23.962478
133.544434
98.212426
6.000000
228.044369
346.274757
256.731850
374.962237
6.000000
741.044017
170.774878
762.981502
216.337345
6.000000
926.668889
334.462265
958.731366
361.462247
6.000000
84.606967
37.462469
113.294447
108.337420
6.000000
140.294430
37.462469
170.669409
108.337420
6.000000
717.419033
170.774878
737.669020
218.024845
7.000000
894.606411
317.587277
936.793882
334.462264
7.000000
916.543896
293.962293
948.606374
305.774785
7.000000
903.043905
341.212260
924.981390
358.087249
7.000000
255.044351
307.462284
293.856824
322.649773
7.000000
388.356759
354.712250
401.856750
373.274738
2.000000
437.294225
396.899722
496.356684
461.024678
2.000000
553.731646
386.774729
587.481623
405.337217
2.000000
572.294133
396.899722
631.356592
452.587184
2.000000
641.481584
398.587221
665.106568
418.837207
2.000000
712.356536
398.587221
725.856527
417.149708
2.000000
719.106532
400.274721
739.356518
428.962201
2.000000
727.544026
395.212223
752.856508
435.712196
2.000000
744.419015
395.212223
806.856472
449.212186
2.000000
658.356574
388.462228
717.419033
447.524687
2.000000
768.043998
407.024716
860.856435
469.462173
2.000000
481.169195
400.274721
582.419127
474.524669
2.000000
346.169288
398.587221
455.856713
482.962163
2.000000
0.000000
418.837207
101.481956
607.837077
2.000000
1183.168713
408.712214
1279.356146
498.149652
