7.000000
522.609852
376.741354
534.120378
386.242118
7.000000
523.888799
391.357907
535.399325
405.426329
6.000000
458.662483
365.413536
466.336167
376.924063
2.000000
708.123846
374.731581
749.050161
407.984213
2.000000
743.934372
350.431581
846.250162
402.868423
2.000000
764.397530
372.173686
821.950163
409.263160
2.000000
838.576478
365.778949
870.550163
379.847370
2.000000
866.713320
365.778949
914.034372
382.405264
2.000000
910.197531
356.826318
966.471216
388.800002
2.000000
935.776479
352.989476
1044.487007
409.263160
2.000000
450.538291
402.188982
473.559343
420.094246
2.000000
555.411975
380.446877
614.243555
431.604772
2.000000
318.806712
409.862667
371.243553
445.673193
2.000000
765.159345
376.610035
932.701451
473.810035
2.000000
0.000000
408.583719
152.543552
504.504772
2.000000
978.743556
269.178455
1278.017242
572.288983
