7.000000
408.048875
289.051466
419.950913
302.275953
7.000000
480.783552
275.826979
492.685591
293.018813
7.000000
913.224279
189.867813
944.963047
228.218825
7.000000
628.897807
90.684161
794.203894
255.990248
2.000000
275.069329
312.097893
293.583612
327.967277
2.000000
304.163201
305.485649
325.322380
322.677482
2.000000
190.432613
308.130547
232.750971
347.804009
2.000000
341.191765
305.485649
371.608084
326.644829
2.000000
398.057058
312.097893
427.150930
330.612175
2.000000
362.350944
306.808098
404.669302
326.644829
2.000000
750.910430
268.956757
1139.710347
353.593474
2.000000
211.591792
310.775444
290.938714
371.608084
4.000000
71.412230
317.718300
89.926513
354.746864
4.000000
56.865293
319.040749
79.346921
356.069313
4.000000
22.481628
313.750954
42.318358
365.326453
2.000000
136.212216
321.685646
154.726499
337.555030
2.000000
0.000000
325.322380
16.844694
349.126458
4.000000
468.146839
312.097893
478.726429
334.579521
4.000000
499.885608
302.840752
513.110095
333.257072
4.000000
511.787646
302.840752
530.301929
333.257072
