9.000000
390.941835
2.497424
909.075779
563.670538
2.000000
1.023142
378.361035
209.128739
526.926319
2.000000
348.984967
409.828688
369.963402
430.807122
2.000000
321.013721
413.325092
340.243953
429.058917
2.000000
394.438242
404.584077
417.164878
427.310714
2.000000
381.545272
412.575872
392.034489
428.309697
2.000000
378.048866
412.575872
386.789880
431.806103
2.000000
208.473190
419.568683
224.207016
444.043523
9.000000
225.955218
410.827670
253.926463
440.547118
2.000000
284.957064
419.568683
300.690890
435.302508
2.000000
302.439093
417.820481
318.172919
433.554306
2.000000
269.223239
421.316886
284.957064
435.302509
