2.000000
361.356779
305.437290
449.106718
361.124752
2.000000
455.856712
307.124789
494.669186
344.249763
2.000000
496.356685
315.562282
516.606671
335.812269
9.000000
530.106662
293.624799
552.044147
335.812270
2.000000
552.044147
307.124789
568.919135
323.999777
6.000000
484.312167
263.249805
496.124658
276.749796
6.000000
717.187007
263.249805
728.999498
278.437295
6.000000
651.374552
263.249805
664.874543
276.749796
2.000000
582.187100
307.124774
610.874580
332.437258
2.000000
627.749568
296.999782
666.562042
334.124757
2.000000
614.249578
294.974802
636.187063
312.187273
6.000000
558.562116
259.874820
566.999609
273.374811
6.000000
546.749625
278.437309
553.499619
291.937300
6.000000
556.874617
288.224806
565.312110
303.412296
7.000000
759.374478
241.312335
772.874468
261.562321
2.000000
685.124529
296.662301
734.061995
332.099777
4.000000
823.499433
302.062292
835.311925
330.749773
7.000000
887.856415
275.062311
904.731404
293.624799
2.000000
665.106570
290.249801
687.044055
327.374775
