6.000000
168.446796
269.514873
194.649630
295.717707
7.000000
157.217009
239.568776
192.154123
262.028349
6.000000
436.713914
249.550809
456.677980
279.496905
6.000000
436.713914
132.261928
450.439209
157.217009
6.000000
840.986225
218.356957
853.463765
252.046317
6.000000
978.239169
311.938511
995.707726
328.159313
6.000000
724.945100
316.929528
734.927132
331.902576
6.000000
829.756438
219.604713
840.986225
252.046318
6.000000
855.959273
222.100220
865.941305
252.046317
6.000000
421.740866
321.920543
432.970653
335.645838
2.000000
126.023158
373.078459
242.064284
417.997603
2.000000
672.539429
359.353164
707.476542
384.308245
2.000000
309.443003
366.839689
363.096426
398.033541
