6.000000
253.344681
170.779068
265.090904
198.186923
6.000000
472.607506
194.271515
485.332580
217.763962
6.000000
591.166449
206.996589
602.794811
230.489034
6.000000
418.296042
259.722039
426.126857
277.341374
6.000000
541.864446
256.599035
550.674114
267.366408
6.000000
489.006445
252.683628
495.858405
266.387555
6.000000
493.900704
261.493294
501.731517
277.154924
6.000000
484.112184
194.931366
495.858405
218.423813
6.000000
666.598147
261.353460
679.323221
276.036237
7.000000
662.621562
234.924457
677.304341
241.286997
7.000000
657.788480
240.308143
673.450110
249.117810
2.000000
853.069436
265.758291
1062.543743
385.178223
2.000000
984.725015
251.425107
1278.380588
428.597302
2.000000
543.507520
281.419923
571.894224
304.912368
2.000000
568.712957
285.824756
639.190294
338.682759
2.000000
428.737134
272.120829
562.839847
383.709948
6.000000
584.554202
206.396602
592.268490
229.539470
7.000000
206.711464
198.682312
218.833918
206.396602
7.000000
217.731876
215.212932
228.752290
222.927221
7.000000
203.088584
225.577561
234.265971
242.083236
6.000000
303.956599
238.415308
320.462275
265.924767
