2.000000
0.000000
288.231184
182.172091
486.624078
2.000000
1232.780995
370.582952
1279.356147
516.570174
2.000000
913.355959
277.001397
1279.356147
456.677980
2.000000
197.145138
194.649631
489.119585
485.376324
2.000000
739.918146
298.213215
870.932321
383.060490
2.000000
137.252944
323.168298
195.897385
401.776803
2.000000
470.403273
291.974446
527.799959
370.582952
2.000000
511.579158
298.213215
532.790976
343.132361
2.000000
853.463765
308.195249
900.878419
346.875623
2.000000
858.454781
300.708724
900.878419
313.186264
4.000000
727.440608
299.460971
744.909165
341.884609
6.000000
616.390497
213.365941
627.620284
238.321021
6.000000
466.660011
235.825514
476.642043
252.046317
6.000000
608.903973
212.118187
615.142742
239.568777
6.000000
460.421242
235.825514
470.403273
255.789579
7.000000
112.297864
150.978240
143.491715
239.568777
7.000000
1149.181474
127.270913
1192.852865
187.163107
7.000000
562.737072
267.019366
595.178677
281.992415
2.000000
568.975843
306.947495
586.444401
324.416051
2.000000
558.993810
304.451986
571.471350
309.443004
9.000000
496.606109
274.505889
536.534239
301.956478
