2.000000
471.694459
219.704097
493.743616
250.021688
2.000000
408.915383
227.583068
436.812662
264.290013
2.000000
617.410839
223.178234
648.244674
256.948625
2.000000
684.951620
277.504515
767.175180
353.854964
2.000000
218.039262
237.861013
279.706932
278.972793
2.000000
379.549826
231.987901
425.066440
277.504515
2.000000
312.009045
233.456179
388.359493
277.504515
2.000000
521.972778
237.861013
543.996945
248.138958
2.000000
240.063430
256.948625
398.637438
370.006019
2.000000
630.625340
227.583068
695.229565
276.036237
9.000000
714.317177
242.265846
1041.743139
480.126859
2.000000
0.000000
290.719016
184.268871
397.903299
2.000000
573.362503
224.646512
599.395825
246.346828
7.000000
1047.616251
126.271896
1089.613773
177.796447
7.000000
1050.552807
82.223560
1093.132865
124.803618
7.000000
499.948610
199.685789
526.377612
218.773402
7.000000
646.776396
212.900289
662.787151
227.053816
2.000000
446.189184
227.535048
478.344204
253.259064
2.000000
459.751166
223.378957
487.312612
250.021688
