6.000000
797.997064
244.567773
813.674485
279.058102
6.000000
511.100252
210.077446
523.642192
247.703258
6.000000
570.674453
282.193585
575.377679
301.006491
6.000000
616.138976
285.329069
622.409945
299.438748
6.000000
1113.113232
293.167780
1133.493880
313.548429
7.000000
1083.326133
266.516163
1119.384202
279.058103
7.000000
434.280888
233.593579
493.855090
249.271000
7.000000
246.151830
194.400025
285.345383
210.077446
7.000000
274.371191
241.432289
307.293774
310.412943
7.000000
216.364731
238.296805
258.693767
311.980685
7.000000
540.887352
288.464553
562.835742
294.735521
6.000000
609.868006
274.354874
663.171238
286.896811
6.000000
785.455127
213.212930
819.945454
238.296805
6.000000
407.629271
282.193585
424.874435
308.845201
2.000000
584.784131
316.683911
603.597037
335.496817
2.000000
553.429289
319.819396
570.674451
330.793592
2.000000
531.480899
322.954880
553.429290
335.496817
2.000000
503.261542
326.090365
533.048641
344.903270
2.000000
496.990572
332.361333
526.777671
360.580692
2.000000
473.474440
338.632302
515.803476
369.987144
2.000000
540.887352
329.225848
589.487359
357.445206
2.000000
608.300263
321.387138
647.493817
337.064560
2.000000
584.784131
329.225848
677.280917
376.258113
2.000000
694.526083
344.903270
837.190617
391.935535
2.000000
1009.642251
346.471012
1095.868069
377.825855
2.000000
917.145464
355.877466
1070.784193
442.103284
2.000000
1031.590641
360.580692
1277.726155
486.000064
7.000000
792.323817
288.231184
816.031144
299.460970
6.000000
816.031144
305.699740
829.756438
321.920543
