7.000000
516.606671
413.774710
531.794162
430.649698
7.000000
347.856787
293.962293
374.856768
320.962274
2.000000
536.856657
435.712195
560.481642
466.087176
2.000000
521.669168
432.337198
543.606651
472.837169
2.000000
484.544192
425.587202
519.981669
477.899666
2.000000
641.481585
425.587202
692.106550
474.524669
2.000000
746.106513
422.212205
881.106420
563.962107
2.000000
405.816516
412.087212
496.356685
484.649662
2.000000
665.106569
425.587202
746.106514
493.087155
7.000000
970.543859
219.712343
1000.918838
253.462320
7.000000
962.106364
196.087360
1002.606336
218.024845
2.000000
0.000000
344.587258
222.981872
580.837096
2.000000
810.231469
412.087212
1120.731256
639.899555
2.000000
908.106402
415.462209
1279.356147
643.274553
2.000000
563.089759
440.880730
590.161383
461.506729
