7.000000
532.790976
189.658614
578.957877
219.604714
6.000000
566.480335
272.010381
617.638251
315.681773
2.000000
329.407067
388.051508
344.380116
406.767819
9.000000
378.069474
379.317230
399.281293
408.015572
2.000000
353.114394
389.299261
379.317230
408.015572
9.000000
291.974446
376.821721
328.159313
415.502095
9.000000
3.743262
330.654820
165.606912
446.512195
2.000000
447.419219
383.060492
542.773008
460.012184
2.000000
552.044147
396.785786
646.336594
426.731882
4.000000
194.649631
395.538032
212.118187
430.475146
