6.000000
86.421102
169.699236
122.421107
253.399243
6.000000
467.121141
262.399244
489.621144
312.799249
6.000000
621.021156
310.999251
643.521157
345.199253
6.000000
632.721158
408.199259
658.821159
428.899261
6.000000
486.921141
277.699247
502.221142
315.499250
6.000000
445.521138
265.099245
468.021141
313.699248
6.000000
125.121106
186.799237
159.321110
256.999244
6.000000
51.321099
180.499237
86.421102
250.699244
6.000000
208.821114
369.499256
227.721114
405.499259
6.000000
225.021115
310.099251
243.021118
343.399253
6.000000
181.821112
467.599266
195.321112
486.499267
7.000000
623.721158
369.499256
653.421161
381.199257
7.000000
589.521153
224.599241
632.721159
265.099245
7.000000
194.421113
407.299260
221.421116
418.099259
7.000000
200.721114
429.799262
238.521119
462.199262
7.000000
492.321142
383.899257
523.821148
416.299261
6.000000
621.921156
394.699258
637.221157
428.899262
6.000000
195.321113
463.999265
208.821113
485.599266
4.000000
122.417590
500.874659
139.517593
562.974668
4.000000
110.717589
507.174658
122.417590
540.474662
4.000000
320.417610
495.474660
331.217609
529.674662
4.000000
307.817609
495.474660
316.817613
525.174662
4.000000
293.417607
498.174658
303.317607
524.274662
4.000000
736.217653
451.374655
761.417653
522.474661
4.000000
664.217645
457.674655
694.817649
517.974661
2.000000
392.417617
492.774658
419.417620
516.174658
2.000000
420.317620
487.374656
454.517626
520.674660
2.000000
790.200079
436.500044
1072.800103
526.500053
2.000000
1074.600106
431.100043
1276.200126
494.100048
6.000000
1251.510037
113.329065
1277.029013
147.354367
7.000000
538.193871
282.240388
563.712847
325.987204
