6.000000
480.585763
306.811736
490.898762
320.992110
6.000000
429.020765
311.968235
439.333765
326.148609
6.000000
423.864264
335.172485
427.731639
345.485483
6.000000
517.970385
339.039861
523.126886
350.641986
7.000000
350.384141
305.522611
365.853642
319.702986
7.000000
519.259510
311.968235
532.150760
327.437734
7.000000
573.402756
302.944362
585.004881
322.281235
7.000000
503.790013
342.907235
511.524762
353.220233
2.000000
485.742261
359.665859
511.524760
377.713608
2.000000
511.524762
367.400608
546.331134
393.183107
2.000000
434.177264
355.798485
487.031387
404.785233
2.000000
422.575141
355.798485
439.333765
363.533235
2.000000
296.240895
348.063734
350.384143
400.917857
2.000000
296.240895
353.220233
466.405389
488.578353
