7.000000
844.218415
187.690987
876.964503
221.235758
7.000000
654.131376
279.539766
664.514282
290.721356
7.000000
576.658926
283.266960
588.639201
296.045921
7.000000
598.223421
294.448550
611.002383
303.234087
7.000000
388.967941
308.824882
412.129807
316.811732
7.000000
320.281027
311.220936
344.241581
321.603842
2.000000
475.374488
320.957293
486.556076
332.937567
2.000000
464.192898
318.561241
477.770544
338.528367
2.000000
429.050754
316.963868
472.978432
349.709955
2.000000
584.794339
306.580962
605.560152
316.963868
2.000000
592.781188
316.165182
617.540426
340.924420
2.000000
487.354763
298.822312
607.157518
416.229014
3.000000
480.965284
321.755979
504.127150
340.125734
4.000000
916.491090
222.034441
998.755651
418.510964
4.000000
1106.578132
278.741081
1131.337368
335.447719
4.000000
739.183009
304.299003
749.565914
323.467443
4.000000
726.404048
309.091114
739.981696
325.863501
4.000000
638.548693
307.493741
648.132915
331.454293
1.000000
891.224801
298.421202
927.573849
311.883812
