6.000000
509.083649
109.802356
525.304452
152.225993
6.000000
1030.644839
122.279896
1049.361150
168.446796
6.000000
1009.433021
121.032142
1026.901577
174.685565
6.000000
154.721501
179.676581
169.694550
223.347973
7.000000
147.234977
162.208026
195.897385
179.676581
7.000000
366.839690
202.136155
403.024556
253.294071
4.000000
716.210821
329.407067
723.697345
350.618886
4.000000
706.228788
328.159313
716.210821
351.866640
2.000000
641.345578
321.920543
682.521461
356.857657
2.000000
726.192853
325.663805
764.873228
351.866640
2.000000
729.936114
331.902575
786.085047
368.087443
2.000000
761.129966
331.902575
826.013175
393.042522
2.000000
436.713915
299.460970
492.862848
355.609902
2.000000
391.794769
301.956478
479.137552
366.839688
2.000000
469.155520
308.195248
666.300660
469.155520
4.000000
364.344179
303.204232
378.069474
341.884608
4.000000
351.866640
306.947495
364.344181
341.884609
4.000000
306.947495
299.460970
319.425036
341.884608
4.000000
296.965462
299.460970
306.947495
344.380116
4.000000
274.505889
301.956478
296.965462
348.123377
4.000000
244.559792
299.460970
265.771611
353.114393
2.000000
776.103015
220.852466
1277.700140
595.178678
4.000000
122.047132
293.531115
150.370310
352.752305
