7.000000
99.496090
188.787452
203.584308
219.401634
7.000000
349.001671
177.052017
397.984362
219.911872
7.000000
581.159223
206.135489
596.466314
218.381161
7.000000
526.053696
206.135489
538.299369
221.442580
7.000000
700.554557
160.214218
726.576612
189.297691
7.000000
654.633283
147.968545
694.431719
192.359107
7.000000
766.375047
206.135489
778.620720
219.911870
7.000000
1017.411337
177.052017
1044.964099
203.074072
2.000000
1152.113736
213.789036
1277.631880
265.833144
2.000000
934.753045
224.503999
1032.718427
262.771727
2.000000
678.614377
223.993760
696.982885
240.831560
6.000000
730.658487
187.256743
745.965578
208.686671
7.000000
742.393906
209.196910
751.578159
221.442582
2.000000
688.308883
230.116596
746.475829
265.322904
6.000000
540.850560
95.924437
559.219068
128.069327
7.000000
796.989230
213.789036
807.704194
255.118180
6.000000
928.630211
21.429927
982.205029
97.965382
6.000000
1001.593995
129.600037
1018.431793
163.275637
6.000000
924.038083
175.011069
934.753047
196.440997
6.000000
902.608154
175.011069
913.323118
193.379580
6.000000
962.816016
139.804761
985.776651
171.949654
2.000000
549.218426
231.137071
677.797988
339.817416
2.000000
0.000000
226.544946
397.984362
463.804853
6.000000
9.394722
18.368508
41.539615
82.658290
