2.000000
612.872521
376.823914
623.884604
388.570137
2.000000
620.948050
380.494609
631.225995
393.709109
2.000000
627.555300
377.558053
641.503939
395.177387
2.000000
637.833245
376.823914
656.920857
397.379803
2.000000
653.250162
380.494609
685.552275
401.050499
2.000000
672.337775
377.558053
701.703332
406.189471
2.000000
694.361942
365.077691
789.800003
425.277083
2.000000
784.060364
372.352338
894.181205
460.449009
2.000000
565.754157
379.026331
576.032102
390.772553
2.000000
552.539657
378.292193
566.488296
391.506694
2.000000
542.261711
379.026331
556.210351
393.709109
2.000000
529.781349
379.026331
545.198266
393.709109
2.000000
512.896154
372.419081
534.186183
398.848082
2.000000
495.276819
375.355637
518.769265
401.050500
2.000000
470.316097
375.355637
502.618209
404.721194
2.000000
443.887095
377.558053
479.859903
406.923611
2.000000
398.570707
365.678346
449.960433
416.333932
2.000000
355.256510
370.083180
413.253486
426.611876
2.000000
293.655571
364.944207
369.939289
456.634412
2.000000
850.132879
365.601186
1132.042229
510.960694
2.000000
1.468277
356.791519
302.465239
510.960694
2.000000
580.214474
378.570978
598.567947
391.785479
