4.000000
1061.588976
201.790150
1164.929496
348.563642
4.000000
963.490366
199.543616
1022.649070
349.312485
4.000000
320.505403
200.292461
344.468422
284.163028
4.000000
812.291890
220.511258
870.701748
296.893382
4.000000
250.862879
196.211845
281.565497
277.087033
0.000000
262.095544
247.469655
313.016959
287.907248
7.000000
865.527928
13.830219
883.500192
36.295549
7.000000
810.113448
0.000000
850.551042
16.076752
7.000000
847.419496
30.304795
881.117492
62.505102
6.000000
877.373271
102.942696
920.057398
142.631447
2.000000
13.104776
217.913705
191.363770
293.149160
2.000000
395.117508
223.506636
683.422583
336.582132
