2.000000
0.000000
405.673337
65.966790
548.377006
2.000000
394.454481
284.061077
650.429185
528.407453
2.000000
730.346608
365.509868
812.468530
416.667790
2.000000
720.249651
362.817347
739.770436
409.801870
2.000000
705.440778
373.452822
731.019736
403.070564
2.000000
689.285647
364.028995
706.787040
393.646737
2.000000
671.784254
359.990213
691.978169
381.530389
6.000000
185.784022
82.121922
220.786810
107.700881
6.000000
481.961448
310.986299
500.809102
328.487692
6.000000
620.177588
309.640037
633.640198
324.448908
6.000000
562.288363
327.141430
575.750974
339.257777
6.000000
608.061238
327.141430
620.177588
348.681606
6.000000
621.523848
328.487692
636.332723
344.642823
6.000000
158.858800
46.311380
207.324199
81.314168
6.000000
0.000000
112.412795
29.617744
144.723061
7.000000
67.313051
76.736879
150.781237
146.742452
6.000000
39.226677
270.598467
75.575724
309.640037
7.000000
9.423826
194.534720
53.850443
230.883768
6.000000
1083.952501
282.262758
1103.851720
312.876939
