6.000000
396.186444
165.080287
404.927458
187.806924
6.000000
658.416871
152.842868
670.654290
180.814113
6.000000
670.654290
149.346461
686.388116
184.310518
6.000000
448.632530
229.763793
462.618152
242.001212
7.000000
431.150501
214.029969
443.387920
231.511997
7.000000
399.682851
194.799737
420.661285
203.540752
7.000000
387.445429
207.037156
408.423864
215.778171
7.000000
845.474575
131.864433
875.194024
170.324896
7.000000
845.474575
172.073098
869.949416
205.288952
7.000000
777.294665
250.742227
798.273099
259.483242
7.000000
880.438633
242.001212
915.402689
252.490429
6.000000
738.834202
250.742227
751.071622
264.727851
7.000000
0.000000
102.144986
13.330020
114.382405
2.000000
833.237155
299.691907
903.165268
332.907761
2.000000
901.417067
283.958081
945.122138
313.677529
2.000000
882.186837
315.425733
936.381125
341.648776
2.000000
728.344985
285.706283
796.524897
341.648776
2.000000
541.287279
261.231444
553.524699
278.713472
2.000000
548.280092
262.979647
565.762120
283.958081
2.000000
553.524701
264.727851
569.258527
285.706285
2.000000
560.517512
264.727851
583.244148
289.202692
2.000000
569.258527
264.727851
595.481570
297.943705
2.000000
467.862761
255.986836
490.589397
301.440109
1.000000
348.984967
236.756605
387.445429
261.231446
2.000000
338.495750
250.742227
397.934647
310.181124
2.000000
331.502939
254.238634
348.984967
275.217068
2.000000
296.538883
250.742227
329.754737
269.972459
2.000000
261.574825
248.994025
300.035287
273.468866
2.000000
132.207814
243.749416
196.891319
276.965270
2.000000
509.819630
264.727851
546.531890
296.195502
2.000000
487.092991
266.476053
541.287279
303.188313
2.000000
174.164683
250.742227
284.301463
313.677530
2.000000
371.711604
250.742227
485.344789
346.893384
2.000000
572.754933
242.001212
733.589596
388.850251
3.000000
756.316230
311.929326
840.229966
360.879006
4.000000
810.510517
275.217066
841.978168
331.159557
2.000000
927.640110
268.224255
1279.028883
451.785555
2.000000
1245.813027
388.850251
1279.028881
509.476249
6.000000
819.251534
231.511997
838.481764
250.742227
6.000000
78.013525
201.792548
93.747351
214.029967
