9.000000
0.000000
216.150999
238.070132
628.692739
2.000000
179.238219
413.717072
462.493374
635.854931
2.000000
447.214049
457.204377
482.474028
497.165685
4.000000
931.730218
467.782371
956.412202
525.373668
7.000000
1159.198489
216.812134
1203.861126
235.617455
7.000000
1195.633799
247.370781
1230.893776
259.124106
7.000000
1158.023156
237.968120
1181.529808
253.247445
6.000000
1189.757137
256.773442
1215.614453
310.838742
7.000000
1168.442202
316.164468
1215.455506
353.775111
7.000000
1201.351515
392.561084
1234.260826
427.821063
7.000000
1166.091537
397.262415
1182.546193
425.470396
7.000000
1181.370861
364.353103
1204.877513
392.561084
4.000000
1184.265285
472.506657
1221.487350
571.234594
2.000000
437.540512
364.376059
918.251541
718.151168
2.000000
1208.558691
523.045958
1279.078646
716.975836
6.000000
445.750275
428.845907
453.095361
445.984441
4.000000
1147.539855
475.142200
1166.310630
496.361338
4.000000
883.710294
474.400275
894.319862
491.538809
4.000000
869.836242
477.664757
882.078052
490.722688
4.000000
1132.627098
478.480878
1146.501149
497.251653
