6.000000
462.916750
37.432621
484.128569
79.856259
6.000000
774.855261
72.369734
792.323817
107.306849
6.000000
761.129966
76.112997
776.103015
112.297864
6.000000
187.163106
152.225993
204.631663
178.428828
7.000000
351.866640
24.955081
401.776802
67.378718
7.000000
441.704931
155.969255
470.403274
169.694550
7.000000
436.713915
137.252945
459.173488
150.978239
7.000000
804.801358
103.563586
875.923338
118.536634
7.000000
878.418846
137.252945
910.860451
147.234977
7.000000
884.657616
154.721501
905.869435
175.933320
2.000000
587.692154
242.064284
618.886005
286.983430
2.000000
540.277500
247.055300
597.674186
286.983431
2.000000
376.821721
219.604712
544.020763
334.398081
2.000000
0.000000
200.888401
396.785786
472.898782
2.000000
734.927131
245.807546
754.891196
278.249154
9.000000
756.138950
193.401877
839.738471
284.487922
2.000000
832.251946
155.969255
1085.546017
385.555999
2.000000
940.806548
56.148932
1278.947894
511.579158
2.000000
621.381513
214.613695
741.165901
310.690758
6.000000
1060.590936
112.297864
1101.766820
143.491715
7.000000
1031.892593
42.423637
1071.820724
98.572569
