2.000000
916.495343
111.010881
975.934240
135.485722
2.000000
832.581607
114.507287
912.998938
147.723141
2.000000
0.437050
145.974939
152.530698
226.392270
2.000000
194.487567
131.989315
241.689044
156.464156
2.000000
425.250343
121.500098
482.941038
154.715952
7.000000
447.976980
60.312997
470.703617
74.298621
7.000000
481.192834
91.780649
502.171268
112.759083
7.000000
704.962798
86.536040
724.193030
111.010881
7.000000
893.768706
46.327375
916.495343
60.312999
7.000000
885.027693
60.312997
907.754330
72.550417
7.000000
1023.135715
39.334565
1047.610556
53.320188
6.000000
1152.502726
49.823782
1178.725769
76.046825
6.000000
572.099383
39.334565
587.833208
69.054012
6.000000
886.775893
70.802214
916.495343
97.025257
6.000000
315.113563
90.032446
337.840199
111.010881
6.000000
524.897905
41.082767
538.883529
70.802214
6.000000
538.883529
34.089956
551.120948
60.312997
6.000000
477.696428
18.356130
493.430253
48.075578
6.000000
773.142710
32.341754
788.876536
60.312999
6.000000
446.228778
98.773461
460.214401
114.507287
6.000000
322.106375
4.370507
343.084810
48.075578
6.000000
343.084810
6.118711
365.811447
51.571984
6.000000
1176.977567
95.277055
1199.704204
114.507287
