4.000000
779.856489
293.962293
820.356461
381.712233
2.000000
489.606691
314.212279
503.106680
327.712270
2.000000
460.919209
317.587278
498.044185
347.962257
2.000000
415.356741
320.962274
464.294207
366.524742
2.000000
611.106605
312.524780
627.981594
326.024771
2.000000
616.169104
314.212279
653.294078
346.274756
2.000000
626.294096
297.337291
692.106550
358.087248
2.000000
680.294058
293.962293
759.606505
358.087249
2.000000
732.606523
280.462302
935.106382
390.149727
2.000000
793.356480
285.524799
1184.856211
442.462191
4.000000
1144.356239
277.087303
1173.043721
334.462265
4.000000
1173.043719
278.774803
1205.106197
347.962256
1.000000
508.169177
273.712307
568.919134
292.274794
2.000000
492.981687
288.899796
624.606596
401.962220
1.000000
260.106847
255.149820
425.481733
400.274719
2.000000
0.000000
354.712251
30.607004
509.962144
2.000000
1081.317986
329.399768
1279.356147
590.962089
