7.000000
200.310200
193.281781
221.874696
218.839702
7.000000
157.181207
167.723859
176.349648
206.060742
7.000000
938.295193
138.971198
984.618927
154.944900
7.000000
971.839965
116.608017
991.807091
127.789607
7.000000
944.684674
108.621166
956.664949
119.004072
7.000000
932.704398
23.960551
981.424186
55.907954
7.000000
1239.399455
111.017221
1262.561321
153.347529
6.000000
0.638938
1.597370
19.807379
24.759236
6.000000
930.308343
61.498748
946.282044
100.634316
6.000000
975.034705
164.529119
998.995258
183.697560
4.000000
967.047852
225.229183
991.008403
288.325299
4.000000
1034.137396
216.443647
1071.675593
295.513467
4.000000
1255.373156
211.651537
1277.736337
332.252980
4.000000
1178.699392
205.262057
1250.581046
357.012216
2.000000
214.686530
211.651537
294.555035
275.546341
2.000000
157.979892
226.027868
213.089160
279.539766
2.000000
102.870624
222.034442
173.953594
277.143711
2.000000
67.728482
227.625238
150.791727
299.506892
2.000000
0.638938
243.598939
112.454845
297.909521
2.000000
494.226308
244.397624
518.186860
273.150285
2.000000
585.276403
255.579214
614.029065
270.754230
2.000000
711.468640
253.981844
725.046286
269.156859
9.000000
722.650231
215.644962
749.805523
272.351601
9.000000
745.013412
170.918600
837.660878
280.338451
2.000000
751.402893
218.839702
840.056933
301.902946
2.000000
235.452341
212.450222
491.830241
360.206955
2.000000
515.790792
227.625238
575.692171
277.143711
