6.000000
557.365249
340.200002
566.317881
360.663160
6.000000
600.849462
359.384211
608.523148
379.012241
6.000000
237.628408
360.663160
246.606857
379.012239
6.000000
548.412619
345.315792
556.086302
360.663160
7.000000
616.196830
328.689475
632.823145
355.547371
2.000000
538.181040
411.821054
568.875776
432.284212
2.000000
499.812618
416.936844
542.017881
447.631580
2.000000
425.633671
418.215792
471.675777
452.747371
2.000000
371.917881
410.542107
420.517883
446.352635
2.000000
676.307358
393.915792
836.175780
514.136844
