6.000000
332.669297
376.649736
342.794290
401.962219
6.000000
401.856750
390.149727
411.981743
412.087212
6.000000
487.919191
315.899778
503.106680
337.837263
6.000000
341.106792
388.462228
351.231785
401.962219
7.000000
266.856843
320.962274
324.231803
361.462246
2.000000
300.606820
423.899704
325.919302
442.462193
2.000000
460.919209
408.712214
499.731683
457.649680
2.000000
8.669520
440.774692
94.731963
469.462172
2.000000
390.044258
422.212205
449.106717
455.962181
2.000000
489.606690
391.837226
590.856620
484.649662
2.000000
649.919079
400.274720
680.294058
423.899702
