2.000000
383.684391
378.299349
411.955873
401.185786
2.000000
409.263352
378.299349
432.149789
401.185786
2.000000
512.925451
380.991870
566.775891
413.302136
2.000000
665.052948
383.684391
701.401996
429.457266
2.000000
701.401996
389.069438
782.177658
448.304922
2.000000
782.621180
391.761959
927.573849
478.664581
6.000000
535.811890
333.872736
547.928239
345.989086
6.000000
597.739896
325.795170
609.856247
340.604042
6.000000
336.565257
362.144217
343.296563
372.914306
2.000000
340.604040
375.606827
375.606827
403.878309
2.000000
282.714817
374.260566
339.257778
411.955877
2.000000
485.192487
382.338132
504.040142
397.147005
2.000000
446.150917
370.221783
487.885009
403.878309
2.000000
566.775893
376.953087
623.588127
419.360312
6.000000
560.044587
349.018173
568.122153
363.827044
