2.000000
711.701560
287.755878
721.586302
295.444011
2.000000
687.538854
288.854182
698.521902
295.444012
2.000000
602.969378
289.952487
616.149037
296.542316
2.000000
570.020231
291.050792
578.806670
298.738926
2.000000
548.054133
288.854182
556.840572
296.542321
2.000000
500.827024
291.050792
510.711766
303.132146
2.000000
477.762620
289.952487
503.023631
307.525364
2.000000
433.830427
295.444012
463.484659
314.115196
2.000000
585.396498
293.686734
608.460900
310.820280
9.000000
470.074487
278.969439
498.630413
305.328756
2.000000
533.776170
292.588430
550.250744
302.473172
2.000000
559.037182
291.490124
570.020231
301.374869
2.000000
666.671060
291.490124
678.752413
303.571478
2.000000
701.816816
290.391818
713.898170
296.981648
2.000000
685.342243
294.785039
702.915120
305.768089
2.000000
635.918522
291.490124
658.982926
309.063003
2.000000
604.067682
294.345706
640.311743
318.508416
2.000000
215.267756
272.818941
460.189741
444.154485
2.000000
20.652272
322.041130
40.632926
336.145121
2.000000
44.158924
321.369509
66.490243
337.824165
