2.000000
646.193219
408.527024
665.780130
430.562300
2.000000
554.379569
407.302842
578.863209
426.889754
2.000000
569.069753
413.423752
597.225940
440.355756
2.000000
533.568475
409.751206
560.500479
445.252484
2.000000
529.895929
420.768844
560.500479
469.736124
2.000000
391.563363
416.047003
406.253547
434.409733
2.000000
294.852985
416.047003
396.460091
502.963926
2.000000
217.379749
418.320480
305.520853
474.632852
2.000000
375.823893
395.235909
555.778648
553.155388
2.000000
592.504107
397.684273
648.816480
456.445009
2.000000
642.695570
406.253547
799.390866
523.775019
1.000000
652.489026
392.787545
694.111214
413.598639
2.000000
1053.699350
378.272238
1240.999195
446.826431
7.000000
993.714432
337.874232
1023.094800
384.393147
