2.000000
735.496762
261.461911
751.463901
282.418782
2.000000
685.599450
256.472180
745.476224
301.379760
2.000000
759.447471
261.461911
820.322190
308.365384
2.000000
814.667165
261.461911
879.201019
309.363330
2.000000
836.289331
267.449589
918.453572
322.336632
2.000000
904.482325
260.463965
1034.215334
346.287342
2.000000
970.346776
272.439320
1084.112646
375.227779
2.000000
1072.137291
327.326362
1100.079786
392.192867
2.000000
239.307493
244.496826
326.128815
326.328417
2.000000
84.625828
249.486557
247.291063
349.281178
2.000000
0.798345
254.476288
100.592967
364.250373
2.000000
291.200697
256.472180
368.042556
342.295557
2.000000
307.167836
213.560493
702.354542
500.969007
6.000000
720.317574
226.533793
730.297036
234.517363
6.000000
583.598941
209.568708
590.584565
221.544062
6.000000
588.588672
209.568708
595.574296
217.552277
6.000000
578.609210
207.572815
585.594834
219.548170
7.000000
742.272391
226.533793
766.223101
237.511202
