7.000000
1191.605112
116.041127
1230.285487
183.419844
7.000000
681.273707
217.109203
728.688361
273.258134
2.000000
237.073268
339.389100
274.505890
396.785785
2.000000
158.464763
326.911558
245.807545
406.767818
9.000000
304.451986
313.186265
358.105410
373.078458
9.000000
415.502096
305.699740
484.128569
388.051507
2.000000
370.582950
349.371132
404.272310
369.335196
9.000000
512.826912
294.469954
689.951367
410.866239
2.000000
840.986226
299.460969
1230.285487
444.200439
2.000000
0.000000
328.159312
195.897384
444.200439
