6.000000
518.746806
91.813594
537.109524
138.332482
6.000000
734.202706
244.224160
761.746784
266.871514
6.000000
74.981102
234.430710
98.852637
256.465973
7.000000
82.326189
170.773285
101.913089
183.015097
7.000000
79.265736
204.438269
126.396713
223.413079
7.000000
116.603263
165.876560
134.353891
177.506281
7.000000
985.771953
201.377816
1037.187567
219.740535
7.000000
1161.441963
191.584366
1174.907956
213.619628
6.000000
538.333706
94.874048
558.532695
138.332483
7.000000
317.981080
274.828690
331.447074
288.906775
7.000000
366.948330
265.035241
375.517599
272.380329
4.000000
43.764480
288.294685
68.248105
345.219113
2.000000
323.880104
295.639772
346.527457
315.838763
2.000000
297.560206
296.863954
337.958188
334.201482
2.000000
260.222677
295.639772
312.250382
344.607023
2.000000
252.265501
298.088135
274.300763
317.062944
2.000000
396.106796
297.476044
410.184881
304.821132
2.000000
427.323418
297.476044
434.668505
307.269494
2.000000
466.497217
301.148588
476.290667
313.390400
2.000000
474.454396
300.536497
481.799483
315.226672
2.000000
478.739030
302.372770
490.368752
318.287127
2.000000
486.084118
299.312316
508.119381
321.959669
2.000000
492.205024
304.821132
508.731471
322.571760
2.000000
502.610564
304.821132
520.361192
325.632213
2.000000
510.567743
299.312316
537.499729
331.141028
2.000000
523.421646
297.476044
550.353633
336.037754
2.000000
537.499729
295.639772
574.837258
341.546569
2.000000
555.862448
291.355138
625.640781
350.727929
2.000000
594.424159
307.269494
689.298207
373.375282
2.000000
437.116868
298.700226
448.746589
305.433222
2.000000
454.255405
296.251863
462.824674
302.372770
2.000000
449.358680
296.863954
454.867497
302.372770
2.000000
333.673552
299.312316
406.512336
353.788382
2.000000
68.638311
293.803500
288.378845
419.894169
2.000000
172.693717
287.070504
243.084139
296.863954
2.000000
692.970759
304.209041
714.393931
325.020122
2.000000
860.683591
288.906776
920.668473
314.614582
2.000000
877.822128
295.639772
1000.240253
358.073016
2.000000
982.489625
277.889144
1111.640747
347.667477
2.000000
945.396948
268.707785
1016.399462
304.209041
2.000000
1106.376782
285.234233
1145.550582
329.304758
2.000000
1206.702673
305.171811
1278.929367
378.010595
