6.000000
239.261683
251.999969
252.761680
287.999964
6.000000
495.761652
275.624966
507.011650
303.749963
6.000000
532.886647
373.499953
540.761645
384.749951
6.000000
450.761657
354.374956
460.886654
362.249955
6.000000
222.386685
251.999969
234.761684
284.624964
6.000000
484.511652
278.999965
494.636650
305.999963
6.000000
630.115792
341.999958
654.386632
359.353164
7.000000
55.886706
263.249968
157.136694
284.624965
7.000000
536.261647
301.499963
597.011639
314.999961
7.000000
627.386635
301.499963
665.636630
312.749961
7.000000
610.511637
327.374959
639.761633
338.624958
7.000000
726.386622
301.499963
751.136619
341.999958
7.000000
728.636622
371.249954
747.761619
418.499948
7.000000
421.511660
354.374956
442.886658
363.374955
7.000000
580.136642
362.249955
593.636639
370.124954
7.000000
566.636642
362.249955
582.386639
380.249953
7.000000
0.000000
311.624961
33.386709
323.999960
4.000000
61.649979
389.249951
90.899975
456.749944
2.000000
0.899986
390.374951
59.399979
444.374944
1.000000
140.399969
321.749960
333.899945
452.249943
2.000000
448.649930
379.124953
484.649926
416.249948
2.000000
299.024949
366.749954
457.649929
418.499948
2.000000
472.274926
384.749953
576.899914
445.499945
2.000000
536.399919
398.249950
614.024910
467.999943
2.000000
552.149916
402.749950
706.274898
515.249936
2.000000
107.774973
401.624950
543.149918
671.624916
2.000000
666.899903
417.374948
950.399866
591.749925
0.000000
1012.274860
464.624943
1177.649839
604.124925
0.000000
1260.899829
443.249945
1278.899827
519.749935
6.000000
623.877021
361.848672
633.859054
379.317229
1.000000
500.349371
368.087443
526.552206
383.060491
