2.000000
985.725694
240.816530
1279.356147
581.453384
2.000000
0.000000
279.496906
207.127172
406.767819
2.000000
183.419845
254.541826
336.893593
344.380116
2.000000
334.398083
252.046317
419.245357
311.938511
2.000000
630.115793
252.046317
661.309644
279.496906
2.000000
617.638251
248.303055
642.593331
268.267119
2.000000
732.431623
260.780595
865.941307
339.389100
2.000000
656.318627
250.798563
722.449592
299.460971
2.000000
462.916751
252.046317
505.340387
281.992413
2.000000
576.462368
244.559792
596.426433
260.780595
2.000000
546.516272
243.312039
561.489319
255.789579
2.000000
502.844878
250.798563
519.065681
273.258135
2.000000
420.493112
250.798563
441.704931
286.983430
7.000000
939.558793
147.234977
970.752645
168.446796
7.000000
1191.605112
62.387701
1254.043664
124.775402
7.000000
572.719106
227.091236
582.701137
237.073268
7.000000
511.579158
225.843483
531.543223
242.064285
7.000000
502.844878
237.073268
510.331403
248.303055
7.000000
631.363546
222.100221
640.097824
237.073268
