2.000000
437.399857
390.535579
453.599852
405.385575
2.000000
422.549861
391.885579
437.399857
408.085571
2.000000
400.949871
389.185579
427.949861
408.085572
2.000000
361.799884
389.185579
377.999876
404.035575
9.000000
342.899881
379.799859
369.899872
402.749851
2.000000
372.599870
386.774866
399.599860
408.374858
2.000000
321.299888
390.824864
352.349877
409.724858
2.000000
251.099911
371.828424
299.699893
408.278411
2.000000
282.149901
389.378433
322.649887
412.328426
2.000000
0.000000
355.949872
141.749950
439.649843
2.000000
599.399790
389.699861
670.949764
432.899845
2.000000
1146.605221
334.799882
1277.555175
529.199815
2.000000
586.085416
400.949860
796.685340
548.099808
