2.000000
602.721749
299.876337
611.628967
311.752629
2.000000
593.814532
299.876337
608.659895
320.659846
2.000000
581.938240
301.360874
601.237214
322.144381
2.000000
573.031022
299.876337
590.845456
328.082527
2.000000
549.278441
293.938193
581.938240
335.505210
2.000000
531.464006
301.360874
567.092877
342.927891
2.000000
516.618641
301.360874
555.216586
350.350573
2.000000
469.113480
288.000049
537.402150
371.134082
2.000000
344.249880
282.149901
498.804206
399.340273
2.000000
108.371153
302.845412
418.639245
476.536162
2.000000
0.000000
485.146476
34.144337
603.909383
2.000000
638.350621
296.610358
647.257839
312.940257
2.000000
644.288766
301.063967
654.680520
317.393866
2.000000
651.711448
298.094896
669.525884
321.847477
2.000000
662.103202
301.063967
679.917638
324.816549
2.000000
671.010421
299.579431
706.639292
332.239228
2.000000
685.855784
301.063967
722.969192
336.692839
2.000000
700.701147
301.063967
742.268164
348.569130
2.000000
717.031046
296.610358
795.711471
360.445420
2.000000
757.113527
293.641286
883.299115
388.651611
2.000000
832.949708
295.125823
1117.558973
449.517601
2.000000
1098.260002
185.270134
1277.888898
593.517624
2.000000
620.536185
295.125821
632.412475
307.002111
