7.000000
381.591319
379.632426
392.169313
385.509088
7.000000
387.467982
384.333756
402.747307
390.210419
7.000000
759.656642
238.592516
794.916621
316.164466
2.000000
392.561085
418.418402
424.295065
443.100387
2.000000
374.931097
416.067737
411.366406
450.152381
2.000000
345.547781
420.769068
387.859754
452.503048
2.000000
282.079822
418.418402
360.827106
460.730375
2.000000
540.359156
413.129406
554.463147
427.233396
2.000000
570.917805
410.778740
588.547795
426.058065
2.000000
585.021798
406.077409
617.931110
431.934725
2.000000
459.848877
400.200747
546.823488
468.370037
2.000000
708.725553
402.551412
773.368846
451.915381
2.000000
612.642111
400.200747
683.162067
457.792043
6.000000
647.608257
379.162301
654.660253
395.616957
2.000000
22.651873
400.591411
173.094446
485.215357
2.000000
1.492120
413.740028
236.558637
718.151169
2.000000
224.077463
414.393557
292.689275
446.793579
