2.000000
1.397852
346.480866
330.889315
627.646916
2.000000
929.465472
298.155452
1278.726423
647.416404
2.000000
474.767253
344.284258
855.879045
645.219794
2.000000
281.465594
328.907987
472.570643
454.114743
2.000000
409.967267
324.514769
516.502840
416.772378
2.000000
497.831656
340.989343
541.763851
392.609672
2.000000
529.682497
335.497817
561.533339
370.643574
2.000000
799.865497
344.284258
1031.607826
488.162196
2.000000
773.506181
345.382563
859.173961
405.789331
2.000000
748.245168
331.104597
830.618033
355.267304
2.000000
729.573985
337.694427
760.326522
350.874086
6.000000
562.631643
267.402914
570.319778
289.369012
6.000000
722.984155
266.304609
731.770594
286.074097
6.000000
731.770594
313.531720
740.557033
325.613074
2.000000
578.007912
322.318159
712.001106
347.579170
2.000000
567.024863
326.711379
587.892655
345.382561
7.000000
778.997704
298.155452
792.177363
304.745281
7.000000
769.112960
305.843586
787.784143
312.433415
6.000000
444.014717
312.433415
457.194374
323.416464
7.000000
461.587594
316.826635
476.963862
325.613074
