1.000000
522.449816
44.549985
850.499700
422.549850
6.000000
596.699791
0.000000
647.999772
29.699990
6.000000
449.549843
259.199910
461.699838
276.749906
6.000000
410.399856
253.799912
426.599851
271.349908
6.000000
1077.029648
181.979936
1097.279640
219.779923
6.000000
306.179892
240.029914
330.479884
254.879909
2.000000
453.599842
264.599908
538.649811
329.399885
2.000000
418.499854
287.549898
457.649841
321.299888
2.000000
296.999895
267.299906
427.949849
359.099874
2.000000
207.899926
269.999906
319.949888
355.049876
2.000000
0.000000
275.399904
310.499891
498.149824
2.000000
840.779730
268.379905
994.679678
418.229855
4.000000
1164.779618
283.499901
1222.083240
475.832646
7.000000
482.651693
240.932728
505.601687
257.132721
7.000000
891.333357
230.132732
907.533350
259.832722
4.000000
1116.783278
298.982708
1149.183266
451.532654
4.000000
1083.033289
280.082714
1115.433280
435.332660
4.000000
1058.733298
276.032716
1085.733290
413.732668
4.000000
1033.083307
270.632718
1060.083297
374.582680
4.000000
1012.833314
270.632718
1033.083307
394.832674
4.000000
993.933320
276.032716
1016.883313
367.832684
7.000000
1105.499608
76.373406
1174.349585
93.923402
7.000000
1085.249617
129.023389
1133.849598
143.873383
7.000000
890.849684
34.523422
971.849655
56.123415
