2.000000
0.997946
377.223674
108.776139
519.929984
2.000000
865.219379
352.275018
1160.611461
552.862210
2.000000
335.309932
392.192867
389.199028
423.129200
2.000000
430.114824
385.207244
475.022404
411.153845
2.000000
503.962844
364.250373
569.827295
423.129200
4.000000
153.683719
374.229835
213.560492
470.032672
4.000000
269.445481
390.196975
290.402352
437.100448
4.000000
221.544062
398.180544
242.500932
438.098394
4.000000
243.498879
390.196975
260.463965
431.112771
2.000000
91.811053
400.176437
180.628267
480.012135
2.000000
725.506907
314.353061
972.997572
479.014189
2.000000
633.695854
365.248319
732.492530
427.120985
2.000000
566.833457
375.227781
586.792382
402.172328
2.000000
452.069641
379.219567
480.012135
408.160008
2.000000
376.225727
394.188760
396.184651
417.141523
2.000000
385.207244
390.196975
413.149738
412.151792
2.000000
406.164114
387.203136
424.127146
411.153845
2.000000
418.139469
385.207244
432.110717
409.157954
2.000000
473.026511
382.213405
493.983382
398.180544
2.000000
490.989544
379.219567
504.960792
393.190814
6.000000
114.763816
340.299663
136.718633
362.254479
6.000000
532.903285
256.472180
543.880694
278.426997
6.000000
342.295556
248.488609
353.272964
279.424943
6.000000
729.498692
304.373599
745.465831
324.332524
6.000000
712.533606
305.371544
726.504853
323.334577
6.000000
660.640402
332.316093
679.601380
348.283233
6.000000
645.671209
335.309932
661.638348
353.272964
6.000000
330.320201
245.494772
341.297610
278.426997
6.000000
522.923823
257.470126
532.903284
281.420836
7.000000
113.765870
311.359223
140.710418
325.330470
7.000000
289.404406
345.289395
313.355115
355.268857
7.000000
650.660940
324.332524
670.619865
329.322255
7.000000
892.163927
221.544062
926.094098
243.498879
2.000000
272.439320
392.192867
316.348953
422.131254
6.000000
444.086071
341.297610
448.077856
356.266802
6.000000
519.929984
338.303771
527.913555
352.275019
4.000000
617.728714
356.266804
633.695854
389.199028
