7.000000
209.155234
275.738177
242.354479
319.081636
7.000000
798.257400
197.351069
897.855137
240.694529
7.000000
1063.851362
267.438365
1098.895012
298.793208
7.000000
1188.348532
237.927924
1211.403563
268.360566
7.000000
1218.919512
155.390913
1241.974543
185.823554
7.000000
771.651903
270.666070
792.862531
292.798900
7.000000
722.775236
269.743869
743.063663
290.954498
7.000000
777.185111
301.098711
786.407122
311.242923
7.000000
337.443321
169.289800
353.120741
191.422631
6.000000
466.024525
182.991072
481.701947
214.345916
6.000000
1153.459715
226.334533
1169.137137
255.844973
6.000000
1196.803173
204.201702
1211.558392
235.556545
6.000000
776.279401
256.767175
791.034621
267.833588
6.000000
1162.711334
145.892238
1179.310956
185.546892
6.000000
1181.155361
196.613307
1205.132594
244.567772
6.000000
1210.665800
251.945382
1227.265422
272.233809
6.000000
1162.711334
275.922617
1173.777748
296.211044
6.000000
1252.164857
215.979535
1266.920076
248.256578
7.000000
1258.814328
190.895660
1279.102755
210.261886
2.000000
571.995330
279.888082
644.849228
337.064561
2.000000
635.627218
282.654684
672.515266
296.487702
2.000000
583.983946
293.721101
714.014325
385.941226
2.000000
937.187029
289.110094
1023.873946
348.130974
2.000000
981.913790
294.643302
1147.910016
375.797011
2.000000
811.306557
288.187893
939.492531
375.797011
2.000000
1089.672996
276.291499
1278.724254
525.285838
3.000000
0.737750
314.101749
261.720708
581.540116
2.000000
0.737750
408.166279
128.923725
718.948102
7.000000
362.126436
266.936588
386.430222
307.037838
