7.000000
681.273707
207.127172
701.237772
223.347974
6.000000
636.354562
215.861450
641.345578
227.091236
2.000000
792.323818
237.073268
1053.104412
435.466161
2.000000
612.647235
245.807546
704.981034
315.681773
2.000000
766.120982
267.019366
833.499700
336.893593
2.000000
734.927130
248.303055
801.058094
309.443002
2.000000
693.751247
257.037333
731.183868
293.222200
2.000000
722.449590
263.276103
746.156917
273.258135
1.000000
868.436814
189.658614
1060.590937
311.938511
2.000000
1070.572968
296.965462
1122.978638
315.681773
2.000000
1045.617888
286.983430
1079.307246
305.699740
2.000000
517.817927
239.568777
545.268517
255.789579
2.000000
542.773009
239.568777
576.462368
257.037334
2.000000
566.480335
238.321021
591.435415
258.285086
2.000000
430.475146
217.109203
464.164504
237.073268
2.000000
470.403273
225.843483
492.862847
238.321023
