6.000000
596.426431
227.091236
605.160710
240.816530
6.000000
622.629267
217.109203
630.115792
232.082253
2.000000
611.399481
247.055300
628.868038
257.037332
2.000000
62.387702
253.294070
291.974445
359.353163
2.000000
283.240168
244.559792
414.254343
321.920543
2.000000
413.006587
237.073268
487.871831
306.947495
2.000000
487.871831
237.073268
536.534239
289.478939
2.000000
536.534237
242.064284
581.453383
278.249153
2.000000
578.957875
243.312038
597.674185
272.010380
2.000000
1025.653822
195.897386
1250.249550
331.902576
2.000000
959.522859
213.365942
1066.829707
300.708724
2.000000
940.806548
238.321022
973.248153
286.983430
2.000000
920.842484
230.834498
976.991415
277.001396
2.000000
898.382911
232.082251
930.824516
273.258134
2.000000
878.418846
227.091236
913.355959
268.267119
2.000000
863.445798
227.091236
884.657615
268.267119
2.000000
842.233979
229.586744
870.932321
265.771611
2.000000
824.765423
238.321022
845.977242
263.276103
2.000000
809.792374
242.064284
829.756438
260.780595
2.000000
791.076063
240.816530
816.031144
260.780595
2.000000
771.111998
238.321022
796.067079
262.028349
2.000000
736.174885
242.064284
767.368736
262.028349
2.000000
719.954083
243.312038
736.174885
259.532841
