3.000000
56.148932
398.283087
183.419845
469.405067
4.000000
328.159313
362.098219
349.371132
418.247151
4.000000
1054.352166
349.620679
1095.528050
483.130362
4.000000
1026.901577
345.877417
1069.325215
476.891591
7.000000
403.024556
307.197042
421.740866
312.188059
7.000000
101.068077
243.561585
116.759709
259.466019
7.000000
773.607506
333.399876
786.085047
342.134155
2.000000
782.341785
368.336990
955.779597
506.837688
2.000000
1132.960671
344.629663
1278.947894
471.900576
2.000000
471.651028
372.080252
511.579158
395.787579
2.000000
512.826912
373.328006
532.790976
397.035333
2.000000
535.286484
375.823514
560.241566
393.292070
2.000000
562.737073
377.071268
588.939908
393.292070
2.000000
591.435416
374.575760
602.665203
392.044316
2.000000
633.859054
377.071268
651.327610
392.044317
2.000000
672.539429
370.832498
696.246756
393.292070
2.000000
722.449591
367.089236
756.138950
392.044317
2.000000
427.979637
370.832498
449.191455
382.062284
2.000000
651.327610
374.575760
663.805151
389.548809
2.000000
711.219804
379.566776
721.201837
394.539825
7.000000
102.788461
262.459858
120.751493
291.400298
