2.000000
411.758833
458.175281
439.209422
496.855655
2.000000
396.785786
463.166298
430.475145
503.094427
2.000000
380.564984
458.175281
417.997604
511.828703
1.000000
426.731882
421.990413
495.358354
500.598918
2.000000
967.009383
479.387099
1086.793770
515.571967
2.000000
310.690756
456.927526
400.529047
526.801751
4.000000
681.273708
456.927526
699.990018
491.864640
4.000000
842.233978
449.441003
899.630665
621.631061
4.000000
859.702534
476.891591
915.851465
631.613094
4.000000
706.228788
456.927526
723.697345
501.846671
4.000000
728.688361
449.441003
757.386703
521.810739
4.000000
285.735676
448.193248
306.947495
511.828705
4.000000
247.055300
450.688755
273.258136
508.085442
4.000000
272.010381
455.679774
300.708724
534.288278
7.000000
613.894989
430.724692
623.877021
439.458972
7.000000
621.381513
407.017365
633.859053
429.476936
7.000000
625.124775
420.742658
637.602316
431.972445
7.000000
875.923338
367.089236
887.153124
377.071268
7.000000
870.932323
382.062284
910.860452
397.035333
7.000000
872.180075
395.787579
894.639648
408.265119
7.000000
1205.330404
329.656614
1255.240566
363.345973
7.000000
301.956478
397.035333
319.425036
416.999397
7.000000
305.699739
408.265119
328.159312
429.476938
7.000000
21.211819
397.035333
77.360750
416.999397
6.000000
1255.240567
392.044316
1278.947895
425.733675
7.000000
898.382911
421.990413
922.090238
446.945494
6.000000
877.171092
419.494906
888.400879
445.697742
6.000000
8.734278
403.274102
29.946097
426.981430
6.000000
706.228788
267.268912
731.183869
313.435812
6.000000
682.521460
273.507683
706.228786
319.674583
6.000000
172.190059
192.403670
203.383910
249.800357
6.000000
204.631662
196.146931
234.577759
253.543618
7.000000
726.192852
410.760628
739.918146
425.733677
2.000000
870.932323
485.625871
1278.947895
718.955877
2.000000
441.704932
438.211216
717.458576
680.275501
7.000000
892.144141
353.363941
934.567779
370.832499
