2.000000
402.088743
377.445599
438.273609
411.134958
2.000000
347.187562
359.977041
413.318528
422.364744
2.000000
304.763924
362.472549
374.638149
429.851266
2.000000
242.376224
368.711317
343.444302
447.319822
2.000000
142.555899
361.224793
279.808845
468.531641
2.000000
548.075963
376.197842
565.544520
391.170890
2.000000
553.066981
376.197842
579.269817
409.887201
2.000000
560.553504
383.684366
579.269814
414.878217
2.000000
576.774307
368.711317
609.215910
421.116987
2.000000
600.481633
372.454582
650.391797
434.842283
2.000000
611.711419
376.197842
655.382811
441.081053
2.000000
640.409760
366.215813
721.513774
448.567579
2.000000
674.099122
369.959076
801.370034
473.522663
2.000000
737.734576
357.481533
1014.735973
514.698543
2.000000
951.724398
359.977041
1278.870025
684.393092
2.000000
0.000000
255.605731
183.732210
523.692208
9.000000
437.699847
334.733673
488.621302
412.613545
2.000000
448.183677
355.701333
551.524274
448.558103
4.000000
1045.761911
354.203641
1098.181056
414.111234
7.000000
590.688865
339.076976
608.661141
357.049255
7.000000
640.112626
282.164761
677.554871
307.625488
