2.000000
652.319947
143.909988
714.959945
197.909986
2.000000
484.919963
146.069988
678.239947
310.229975
9.000000
331.559973
128.789990
481.371397
256.229980
2.000000
197.639984
152.549987
313.199974
219.509981
2.000000
48.599996
168.749987
106.919991
191.429984
2.000000
302.399976
171.989985
328.319974
200.069984
2.000000
150.119988
180.051411
195.479983
217.851408
6.000000
981.102797
75.291419
999.462795
105.531417
4.000000
723.599975
144.874269
734.399976
186.994267
4.000000
737.177098
149.502844
747.977097
190.542840
6.000000
309.959975
56.159994
332.639973
87.479992
6.000000
313.199974
115.559991
329.399973
132.839990
