4.000000
435.598636
365.971313
460.167342
424.321987
2.000000
524.660189
369.042401
552.299981
399.753281
2.000000
446.347444
369.042401
503.162574
421.250899
2.000000
412.565476
369.042401
438.669724
412.037633
2.000000
374.176876
370.577945
424.849828
418.179811
2.000000
349.608174
372.113489
411.029934
427.393075
2.000000
289.721956
356.758049
371.105788
450.426233
2.000000
177.627244
355.222505
329.646100
465.781673
2.000000
0.000000
347.544785
220.622476
498.028097
2.000000
836.375622
347.544785
948.470334
455.032865
2.000000
877.835310
312.227273
1280.000000
528.738977
9.000000
538.480085
97.251112
813.342462
484.208203
