7.000000
541.019354
2.750948
612.543946
19.256622
7.000000
403.472060
19.256622
625.381694
118.290672
7.000000
651.057187
186.147335
673.064753
193.483193
7.000000
608.876019
187.981301
629.049623
193.483193
7.000000
715.245925
186.147335
733.585566
191.649227
7.000000
691.404394
189.815266
737.253491
219.158686
7.000000
608.876019
197.151118
676.732684
220.992651
7.000000
641.887370
220.992651
673.064757
228.328508
7.000000
744.589351
215.490761
757.427096
235.664364
7.000000
761.095024
217.324723
784.936554
233.830400
7.000000
601.540165
230.162471
630.883585
239.332290
7.000000
434.649447
223.743596
451.155122
229.245488
7.000000
569.576792
223.481604
582.414539
241.821243
2.000000
636.385475
268.675715
658.393041
283.347426
2.000000
535.517463
264.090803
585.034489
297.102154
2.000000
397.970169
262.256839
471.328725
319.109722
2.000000
0.000000
328.972483
49.183596
549.048152
