2.000000
398.529539
454.846099
433.996990
483.603493
9.000000
302.671563
439.508822
412.908236
520.029523
9.000000
164.636076
382.952618
307.464462
535.366802
2.000000
0.000000
434.715926
237.488137
583.295789
2.000000
358.125406
413.339597
828.788071
717.209384
2.000000
523.767994
406.246109
656.052002
418.707646
2.000000
751.526538
432.127761
882.851966
522.234260
2.000000
1224.606483
502.506112
1278.553685
668.896979
9.000000
674.073305
393.784586
765.138384
476.222447
2.000000
858.887472
441.905274
1133.041286
582.816499
6.000000
622.693424
384.198774
630.362063
400.494631
6.000000
358.508833
414.873326
368.094631
433.086343
6.000000
628.828328
384.198774
636.496968
398.577473
