2.000000
556.498303
245.807546
570.223599
252.046319
2.000000
546.516272
250.798563
566.480335
264.523857
2.000000
540.277501
248.303053
552.755041
255.789576
2.000000
527.799959
252.046319
544.020762
264.523859
2.000000
490.367339
247.055300
506.588141
265.771611
2.000000
480.385305
247.055300
491.615091
267.019365
2.000000
459.173489
245.807546
482.880814
269.514873
2.000000
450.439211
250.798563
466.660014
272.010380
2.000000
422.988620
249.550809
455.430230
274.505888
2.000000
502.844878
245.807546
531.543222
270.762628
2.000000
237.073269
232.082253
330.654824
304.451986
2.000000
144.739469
224.595726
258.285086
319.425034
2.000000
0.000000
205.879417
174.685567
356.857655
2.000000
570.223599
253.294071
586.444399
263.276101
2.000000
590.187662
252.046319
602.665203
265.771613
2.000000
602.665203
250.798563
618.886004
273.258132
2.000000
693.751248
253.294071
759.882212
314.434017
2.000000
732.431623
255.789578
844.729490
334.398080
2.000000
794.819323
258.285088
999.450986
384.308245
2.000000
938.311040
262.028349
1277.791436
481.633059
1.000000
575.214616
238.321021
598.921941
253.294072
2.000000
621.381512
240.816532
660.061889
279.496909
4.000000
677.530445
248.303053
686.264724
273.258132
4.000000
697.494508
249.550809
712.467554
275.753642
4.000000
334.398084
233.330005
349.371134
264.523855
6.000000
127.270913
183.419844
155.969257
204.631663
6.000000
432.970653
165.951288
441.704932
184.667598
6.000000
415.502095
162.208027
424.236374
183.419842
6.000000
671.291675
145.987223
681.273706
167.199042
6.000000
693.751248
144.739469
702.485524
168.446796
6.000000
824.765421
212.118188
852.216012
227.091234
6.000000
425.484130
163.455779
431.722899
185.915350
6.000000
682.521460
143.491713
694.999000
166.890716
7.000000
383.060491
168.446796
395.538032
180.924336
7.000000
711.219804
144.739469
774.855262
160.960273
7.000000
855.959271
164.703534
878.418844
175.933321
7.000000
737.921732
172.190057
751.147933
193.401877
7.000000
624.376133
224.595726
634.358169
232.082250
6.000000
329.407068
212.118188
345.627872
224.595728
7.000000
660.061891
225.843482
670.043923
234.577761
